7.43126e+06
7.43126e+06
7.43126e+06
7.43126e+06
7.43126e+06
8.41656e+06
8.41656e+06
8.41656e+06
8.41656e+06
8.41656e+06
9.34454e+06
9.34454e+06
9.34454e+06
9.34454e+06
9.34454e+06
9.46159e+06
9.46159e+06
9.46159e+06
9.46159e+06
9.46159e+06
8.80557e+06
8.80557e+06
8.80557e+06
8.80557e+06
8.80557e+06
9.7226e+06
9.7226e+06
9.7226e+06
9.7226e+06
9.7226e+06
9.10803e+06
9.10803e+06
9.10803e+06
9.10803e+06
9.10803e+06
9.00041e+06
9.00041e+06
9.00041e+06
9.00041e+06
9.00041e+06
1.01183e+07
1.01183e+07
1.01183e+07
1.01183e+07
1.01183e+07
1.02451e+07
1.02451e+07
1.02451e+07
1.02451e+07
1.02451e+07
1.03884e+07
1.03884e+07
1.03884e+07
1.03884e+07
1.03884e+07
8.22071e+06
8.22071e+06
8.22071e+06
8.22071e+06
8.22071e+06
7.79646e+06
7.79646e+06
7.79646e+06
7.79646e+06
7.79646e+06
7.85316e+06
7.85316e+06
7.85316e+06
7.85316e+06
7.85316e+06
8.11103e+06
8.11103e+06
8.11103e+06
8.11103e+06
8.11103e+06
8.15876e+06
8.15876e+06
8.15876e+06
8.15876e+06
8.15876e+06
8.19742e+06
8.19742e+06
8.19742e+06
8.19742e+06
8.19742e+06
8.41615e+06
8.41615e+06
8.41615e+06
8.41615e+06
8.41615e+06
8.43883e+06
8.43883e+06
8.43883e+06
8.43883e+06
8.43883e+06
1.75966e+07
1.75966e+07
1.75966e+07
1.75966e+07
1.75966e+07
1.75245e+07
1.75245e+07
1.75245e+07
1.75245e+07
1.75245e+07
1.76078e+07
1.76078e+07
1.76078e+07
1.76078e+07
1.76078e+07
1.75876e+07
1.75876e+07
1.75876e+07
1.75876e+07
1.75876e+07
1.73206e+07
1.73206e+07
1.73206e+07
1.73206e+07
1.73206e+07
1.76013e+07
1.76013e+07
1.76013e+07
1.76013e+07
1.76013e+07
1.71499e+07
1.71499e+07
1.71499e+07
1.71499e+07
1.71499e+07
1.70758e+07
1.70758e+07
1.70758e+07
1.70758e+07
1.70758e+07
1.70946e+07
1.70946e+07
1.70946e+07
1.70946e+07
1.70946e+07
1.72937e+07
1.72937e+07
1.72937e+07
1.72937e+07
1.72937e+07
1.69957e+07
1.69957e+07
1.69957e+07
1.69957e+07
1.69957e+07
1.79382e+07
1.79382e+07
1.79382e+07
1.79382e+07
1.79382e+07
1.71899e+07
1.71899e+07
1.71899e+07
1.71899e+07
1.71899e+07
1.71206e+07
1.71206e+07
1.71206e+07
1.71206e+07
1.71206e+07
1.73792e+07
1.73792e+07
1.73792e+07
1.73792e+07
1.73792e+07
1.74177e+07
1.74177e+07
1.74177e+07
1.74177e+07
1.74177e+07
1.69038e+07
1.69038e+07
1.69038e+07
1.69038e+07
1.69038e+07
1.6973e+07
1.6973e+07
1.6973e+07
1.6973e+07
1.6973e+07
1.68954e+07
1.68954e+07
1.68954e+07
1.68954e+07
1.68954e+07
1.65789e+07
1.65789e+07
1.65789e+07
1.65789e+07
1.65789e+07
1.70069e+07
1.70069e+07
1.70069e+07
1.70069e+07
1.70069e+07
1.75824e+07
1.75824e+07
1.75824e+07
1.75824e+07
1.75824e+07
1.76295e+07
1.76295e+07
1.76295e+07
1.76295e+07
1.76295e+07
1.72327e+07
1.72327e+07
1.72327e+07
1.72327e+07
1.72327e+07
1.70389e+07
1.70389e+07
1.70389e+07
1.70389e+07
1.70389e+07
1.67893e+07
1.67893e+07
1.67893e+07
1.67893e+07
1.67893e+07
1.71448e+07
1.71448e+07
1.71448e+07
1.71448e+07
1.71448e+07
1.65803e+07
1.65803e+07
1.65803e+07
1.65803e+07
1.65803e+07
1.68571e+07
1.68571e+07
1.68571e+07
1.68571e+07
1.68571e+07
1.67204e+07
1.67204e+07
1.67204e+07
1.67204e+07
1.67204e+07
1.72179e+07
1.72179e+07
1.72179e+07
1.72179e+07
1.72179e+07
1.66794e+07
1.66794e+07
1.66794e+07
1.66794e+07
1.66794e+07
1.70501e+07
1.70501e+07
1.70501e+07
1.70501e+07
1.70501e+07
1.6527e+07
1.6527e+07
1.6527e+07
1.6527e+07
1.6527e+07
1.64482e+07
1.64482e+07
1.64482e+07
1.64482e+07
1.64482e+07
1.63681e+07
1.63681e+07
1.63681e+07
1.63681e+07
1.63681e+07
1.63125e+07
1.63125e+07
1.63125e+07
1.63125e+07
1.63125e+07
1.70626e+07
1.70626e+07
1.70626e+07
1.70626e+07
1.70626e+07
1.64332e+07
1.64332e+07
1.64332e+07
1.64332e+07
1.64332e+07
1.65927e+07
1.65927e+07
1.65927e+07
1.65927e+07
1.65927e+07
1.6273e+07
1.6273e+07
1.6273e+07
1.6273e+07
1.6273e+07
1.61973e+07
1.61973e+07
1.61973e+07
1.61973e+07
1.61973e+07
1.61408e+07
1.61408e+07
1.61408e+07
1.61408e+07
1.61408e+07
1.60554e+07
1.60554e+07
1.60554e+07
1.60554e+07
1.60554e+07
1.59597e+07
1.59597e+07
1.59597e+07
1.59597e+07
1.59597e+07
1.64387e+07
1.64387e+07
1.64387e+07
1.64387e+07
1.64387e+07
1.63384e+07
1.63384e+07
1.63384e+07
1.63384e+07
1.63384e+07
1.59607e+07
1.59607e+07
1.59607e+07
1.59607e+07
1.59607e+07
1.58469e+07
1.58469e+07
1.58469e+07
1.58469e+07
1.58469e+07
1.57744e+07
1.57744e+07
1.57744e+07
1.57744e+07
1.57744e+07
1.57701e+07
1.57701e+07
1.57701e+07
1.57701e+07
1.57701e+07
1.57677e+07
1.57677e+07
1.57677e+07
1.57677e+07
1.57677e+07
1.58096e+07
1.58096e+07
1.58096e+07
1.58096e+07
1.58096e+07
1.55949e+07
1.55949e+07
1.55949e+07
1.55949e+07
1.55949e+07
1.55126e+07
1.55126e+07
1.55126e+07
1.55126e+07
1.55126e+07
1.54372e+07
1.54372e+07
1.54372e+07
1.54372e+07
1.54372e+07
1.53829e+07
1.53829e+07
1.53829e+07
1.53829e+07
1.53829e+07
1.53338e+07
1.53338e+07
1.53338e+07
1.53338e+07
1.53338e+07
1.52479e+07
1.52479e+07
1.52479e+07
1.52479e+07
1.52479e+07
1.51565e+07
1.51565e+07
1.51565e+07
1.51565e+07
1.51565e+07
1.48459e+07
1.48459e+07
1.48459e+07
1.48459e+07
1.48459e+07
1.50045e+07
1.50045e+07
1.50045e+07
1.50045e+07
1.50045e+07
1.49067e+07
1.49067e+07
1.49067e+07
1.49067e+07
1.49067e+07
1.47141e+07
1.47141e+07
1.47141e+07
1.47141e+07
1.47141e+07
9.88465e+06
9.88465e+06
9.88465e+06
9.88465e+06
9.88465e+06
1.02537e+07
1.02537e+07
1.02537e+07
1.02537e+07
1.02537e+07
1.07899e+07
1.07899e+07
1.07899e+07
1.07899e+07
1.07899e+07
1.09195e+07
1.09195e+07
1.09195e+07
1.09195e+07
1.09195e+07
7.84012e+06
7.84012e+06
7.84012e+06
7.84012e+06
7.84012e+06
8.2479e+06
8.2479e+06
8.2479e+06
8.2479e+06
8.2479e+06
8.55245e+06
8.55245e+06
8.55245e+06
8.55245e+06
8.55245e+06
9.12107e+06
9.12107e+06
9.12107e+06
9.12107e+06
9.12107e+06
9.53804e+06
9.53804e+06
9.53804e+06
9.53804e+06
9.53804e+06
1.00136e+07
1.00136e+07
1.00136e+07
1.00136e+07
1.00136e+07
1.04724e+07
1.04724e+07
1.04724e+07
1.04724e+07
1.04724e+07
7.54683e+06
7.54683e+06
7.54683e+06
7.54683e+06
7.54683e+06
7.96645e+06
7.96645e+06
7.96645e+06
7.96645e+06
7.96645e+06
8.42793e+06
8.42793e+06
8.42793e+06
8.42793e+06
8.42793e+06
8.83844e+06
8.83844e+06
8.83844e+06
8.83844e+06
8.83844e+06
9.26666e+06
9.26666e+06
9.26666e+06
9.26666e+06
9.26666e+06
9.70389e+06
9.70389e+06
9.70389e+06
9.70389e+06
9.70389e+06
7.515e+06
7.515e+06
7.515e+06
7.515e+06
7.515e+06
8.00047e+06
8.00047e+06
8.00047e+06
8.00047e+06
8.00047e+06
8.17141e+06
8.17141e+06
8.17141e+06
8.17141e+06
8.17141e+06
8.69237e+06
8.69237e+06
8.69237e+06
8.69237e+06
8.69237e+06
8.93611e+06
8.93611e+06
8.93611e+06
8.93611e+06
8.93611e+06
6.9802e+06
6.9802e+06
6.9802e+06
6.9802e+06
6.9802e+06
7.678e+06
7.678e+06
7.678e+06
7.678e+06
7.678e+06
7.78792e+06
7.78792e+06
7.78792e+06
7.78792e+06
7.78792e+06
8.4391e+06
8.4391e+06
8.4391e+06
8.4391e+06
8.4391e+06
7.20599e+06
7.20599e+06
7.20599e+06
7.20599e+06
7.20599e+06
7.39408e+06
7.39408e+06
7.39408e+06
7.39408e+06
7.39408e+06
7.86436e+06
7.86436e+06
7.86436e+06
7.86436e+06
7.86436e+06
6.91443e+06
6.91443e+06
6.91443e+06
6.91443e+06
6.91443e+06
7.28365e+06
7.28365e+06
7.28365e+06
7.28365e+06
7.28365e+06
6.17663e+06
6.17663e+06
6.17663e+06
6.17663e+06
6.17663e+06
8.39847e+06
8.39847e+06
8.39847e+06
8.39847e+06
8.39847e+06
8.66251e+06
8.66251e+06
8.66251e+06
8.66251e+06
8.66251e+06
8.96936e+06
8.96936e+06
8.96936e+06
8.96936e+06
8.96936e+06
9.76317e+06
9.76317e+06
9.76317e+06
9.76317e+06
9.76317e+06
1.00859e+07
1.00859e+07
1.00859e+07
1.00859e+07
1.00859e+07
1.02089e+07
1.02089e+07
1.02089e+07
1.02089e+07
1.02089e+07
1.1071e+07
1.1071e+07
1.1071e+07
1.1071e+07
1.1071e+07
1.11577e+07
1.11577e+07
1.11577e+07
1.11577e+07
1.11577e+07
1.01186e+07
1.01186e+07
1.01186e+07
1.01186e+07
1.01186e+07
8.15546e+06
8.15546e+06
8.15546e+06
8.15546e+06
8.15546e+06
8.39451e+06
8.39451e+06
8.39451e+06
8.39451e+06
8.39451e+06
8.6817e+06
8.6817e+06
8.6817e+06
8.6817e+06
8.6817e+06
9.43986e+06
9.43986e+06
9.43986e+06
9.43986e+06
9.43986e+06
9.91711e+06
9.91711e+06
9.91711e+06
9.91711e+06
9.91711e+06
9.74171e+06
9.74171e+06
9.74171e+06
9.74171e+06
9.74171e+06
1.02577e+07
1.02577e+07
1.02577e+07
1.02577e+07
1.02577e+07
1.04085e+07
1.04085e+07
1.04085e+07
1.04085e+07
1.04085e+07
1.10394e+07
1.10394e+07
1.10394e+07
1.10394e+07
1.10394e+07
1.18467e+07
1.18467e+07
1.18467e+07
1.18467e+07
1.18467e+07
1.16362e+07
1.16362e+07
1.16362e+07
1.16362e+07
1.16362e+07
1.26204e+07
1.26204e+07
1.26204e+07
1.26204e+07
1.26204e+07
1.30115e+07
1.30115e+07
1.30115e+07
1.30115e+07
1.30115e+07
1.269e+07
1.269e+07
1.269e+07
1.269e+07
1.269e+07
1.30117e+07
1.30117e+07
1.30117e+07
1.30117e+07
1.30117e+07
1.42032e+07
1.42032e+07
1.42032e+07
1.42032e+07
1.42032e+07
1.45936e+07
1.45936e+07
1.45936e+07
1.45936e+07
1.45936e+07
1.4957e+07
1.4957e+07
1.4957e+07
1.4957e+07
1.4957e+07
1.4365e+07
1.4365e+07
1.4365e+07
1.4365e+07
1.4365e+07
1.57472e+07
1.57472e+07
1.57472e+07
1.57472e+07
1.57472e+07
1.61332e+07
1.61332e+07
1.61332e+07
1.61332e+07
1.61332e+07
1.65024e+07
1.65024e+07
1.65024e+07
1.65024e+07
1.65024e+07
1.69097e+07
1.69097e+07
1.69097e+07
1.69097e+07
1.69097e+07
1.21218e+07
1.21218e+07
1.21218e+07
1.21218e+07
1.21218e+07
9.91627e+06
9.91627e+06
9.91627e+06
9.91627e+06
9.91627e+06
1.38299e+07
1.38299e+07
1.38299e+07
1.38299e+07
1.38299e+07
9.90367e+06
9.90367e+06
9.90367e+06
9.90367e+06
9.90367e+06
8.96471e+06
8.96471e+06
8.96471e+06
8.96471e+06
8.96471e+06
1.01104e+07
1.01104e+07
1.01104e+07
1.01104e+07
1.01104e+07
1.26744e+07
1.26744e+07
1.26744e+07
1.26744e+07
1.26744e+07
1.16823e+07
1.16823e+07
1.16823e+07
1.16823e+07
1.16823e+07
1.28128e+07
1.28128e+07
1.28128e+07
1.28128e+07
1.28128e+07
9.36886e+06
9.36886e+06
9.36886e+06
9.36886e+06
9.36886e+06
1.32445e+07
1.32445e+07
1.32445e+07
1.32445e+07
1.32445e+07
1.5442e+07
1.5442e+07
1.5442e+07
1.5442e+07
1.5442e+07
1.03571e+07
1.03571e+07
1.03571e+07
1.03571e+07
1.03571e+07
1.66371e+07
1.66371e+07
1.66371e+07
1.66371e+07
1.66371e+07
1.2333e+07
1.2333e+07
1.2333e+07
1.2333e+07
1.2333e+07
1.15971e+07
1.15971e+07
1.15971e+07
1.15971e+07
1.15971e+07
1.43723e+07
1.43723e+07
1.43723e+07
1.43723e+07
1.43723e+07
1.39605e+07
1.39605e+07
1.39605e+07
1.39605e+07
1.39605e+07
1.24533e+07
1.24533e+07
1.24533e+07
1.24533e+07
1.24533e+07
1.19523e+07
1.19523e+07
1.19523e+07
1.19523e+07
1.19523e+07
1.7106e+07
1.7106e+07
1.7106e+07
1.7106e+07
1.7106e+07
1.40432e+07
1.40432e+07
1.40432e+07
1.40432e+07
1.40432e+07
1.04607e+07
1.04607e+07
1.04607e+07
1.04607e+07
1.04607e+07
1.21027e+07
1.21027e+07
1.21027e+07
1.21027e+07
1.21027e+07
1.40826e+07
1.40826e+07
1.40826e+07
1.40826e+07
1.40826e+07
1.16862e+07
1.16862e+07
1.16862e+07
1.16862e+07
1.16862e+07
1.0899e+07
1.0899e+07
1.0899e+07
1.0899e+07
1.0899e+07
1.14982e+07
1.14982e+07
1.14982e+07
1.14982e+07
1.14982e+07
1.2238e+07
1.2238e+07
1.2238e+07
1.2238e+07
1.2238e+07
1.46222e+07
1.46222e+07
1.46222e+07
1.46222e+07
1.46222e+07
1.31725e+07
1.31725e+07
1.31725e+07
1.31725e+07
1.31725e+07
1.44635e+07
1.44635e+07
1.44635e+07
1.44635e+07
1.44635e+07
9.54168e+06
9.54168e+06
9.54168e+06
9.54168e+06
9.54168e+06
1.01501e+07
1.01501e+07
1.01501e+07
1.01501e+07
1.01501e+07
1.33754e+07
1.33754e+07
1.33754e+07
1.33754e+07
1.33754e+07
1.04832e+07
1.04832e+07
1.04832e+07
1.04832e+07
1.04832e+07
1.24425e+07
1.24425e+07
1.24425e+07
1.24425e+07
1.24425e+07
1.39643e+07
1.39643e+07
1.39643e+07
1.39643e+07
1.39643e+07
1.13637e+07
1.13637e+07
1.13637e+07
1.13637e+07
1.13637e+07
1.44351e+07
1.44351e+07
1.44351e+07
1.44351e+07
1.44351e+07
8.81368e+06
8.81368e+06
8.81368e+06
8.81368e+06
8.81368e+06
1.67775e+07
1.67775e+07
1.67775e+07
1.67775e+07
1.67775e+07
1.0031e+07
1.0031e+07
1.0031e+07
1.0031e+07
1.0031e+07
9.57486e+06
9.57486e+06
9.57486e+06
9.57486e+06
9.57486e+06
1.22893e+07
1.22893e+07
1.22893e+07
1.22893e+07
1.22893e+07
1.21185e+07
1.21185e+07
1.21185e+07
1.21185e+07
1.21185e+07
8.77889e+06
8.77889e+06
8.77889e+06
8.77889e+06
8.77889e+06
1.14807e+07
1.14807e+07
1.14807e+07
1.14807e+07
1.14807e+07
1.30327e+07
1.30327e+07
1.30327e+07
1.30327e+07
1.30327e+07
1.56199e+07
1.56199e+07
1.56199e+07
1.56199e+07
1.56199e+07
1.29216e+07
1.29216e+07
1.29216e+07
1.29216e+07
1.29216e+07
1.44888e+07
1.44888e+07
1.44888e+07
1.44888e+07
1.44888e+07
1.32949e+07
1.32949e+07
1.32949e+07
1.32949e+07
1.32949e+07
1.07519e+07
1.07519e+07
1.07519e+07
1.07519e+07
1.07519e+07
1.08306e+07
1.08306e+07
1.08306e+07
1.08306e+07
1.08306e+07
1.59214e+07
1.59214e+07
1.59214e+07
1.59214e+07
1.59214e+07
1.24143e+07
1.24143e+07
1.24143e+07
1.24143e+07
1.24143e+07
1.11091e+07
1.11091e+07
1.11091e+07
1.11091e+07
1.11091e+07
1.25754e+07
1.25754e+07
1.25754e+07
1.25754e+07
1.25754e+07
1.63473e+07
1.63473e+07
1.63473e+07
1.63473e+07
1.63473e+07
1.41398e+07
1.41398e+07
1.41398e+07
1.41398e+07
1.41398e+07
1.4149e+07
1.4149e+07
1.4149e+07
1.4149e+07
1.4149e+07
1.0272e+07
1.0272e+07
1.0272e+07
1.0272e+07
1.0272e+07
1.29578e+07
1.29578e+07
1.29578e+07
1.29578e+07
1.29578e+07
1.71288e+07
1.71288e+07
1.71288e+07
1.71288e+07
1.71288e+07
1.27165e+07
1.27165e+07
1.27165e+07
1.27165e+07
1.27165e+07
1.30957e+07
1.30957e+07
1.30957e+07
1.30957e+07
1.30957e+07
1.48191e+07
1.48191e+07
1.48191e+07
1.48191e+07
1.48191e+07
1.28295e+07
1.28295e+07
1.28295e+07
1.28295e+07
1.28295e+07
1.27152e+07
1.27152e+07
1.27152e+07
1.27152e+07
1.27152e+07
1.50236e+07
1.50236e+07
1.50236e+07
1.50236e+07
1.50236e+07
1.24665e+07
1.24665e+07
1.24665e+07
1.24665e+07
1.24665e+07
1.10576e+07
1.10576e+07
1.10576e+07
1.10576e+07
1.10576e+07
1.19501e+07
1.19501e+07
1.19501e+07
1.19501e+07
1.19501e+07
1.1857e+07
1.1857e+07
1.1857e+07
1.1857e+07
1.1857e+07
1.48299e+07
1.48299e+07
1.48299e+07
1.48299e+07
1.48299e+07
1.67391e+07
1.67391e+07
1.67391e+07
1.67391e+07
1.67391e+07
1.10928e+07
1.10928e+07
1.10928e+07
1.10928e+07
1.10928e+07
1.28556e+07
1.28556e+07
1.28556e+07
1.28556e+07
1.28556e+07
1.1832e+07
1.1832e+07
1.1832e+07
1.1832e+07
1.1832e+07
1.45829e+07
1.45829e+07
1.45829e+07
1.45829e+07
1.45829e+07
