# pd_vector
0.000000000000000000e+00
0.000000000000000000e+00
0.000000000000000000e+00
0.000000000000000000e+00
0.000000000000000000e+00
0.000000000000000000e+00
0.000000000000000000e+00
0.000000000000000000e+00
0.000000000000000000e+00
0.000000000000000000e+00
0.000000000000000000e+00
0.000000000000000000e+00
0.000000000000000000e+00
4.272460804865363219e-03
0.000000000000000000e+00
0.000000000000000000e+00
0.000000000000000000e+00
0.000000000000000000e+00
0.000000000000000000e+00
1.190185509926779822e-02
0.000000000000000000e+00
0.000000000000000000e+00
0.000000000000000000e+00
0.000000000000000000e+00
0.000000000000000000e+00
0.000000000000000000e+00
2.954101470792622752e-01
0.000000000000000000e+00
0.000000000000000000e+00
0.000000000000000000e+00
0.000000000000000000e+00
0.000000000000000000e+00
0.000000000000000000e+00
0.000000000000000000e+00
4.705810400787421854e-01
0.000000000000000000e+00
0.000000000000000000e+00
0.000000000000000000e+00
0.000000000000000000e+00
0.000000000000000000e+00
0.000000000000000000e+00
0.000000000000000000e+00
8.300764757888387524e-02
1.859130801659985233e+00
0.000000000000000000e+00
0.000000000000000000e+00
0.000000000000000000e+00
0.000000000000000000e+00
0.000000000000000000e+00
0.000000000000000000e+00
0.000000000000000000e+00
0.000000000000000000e+00
3.588860057087038258e-01
2.611999430631617436e+00
0.000000000000000000e+00
0.000000000000000000e+00
0.000000000000000000e+00
0.000000000000000000e+00
0.000000000000000000e+00
0.000000000000000000e+00
0.000000000000000000e+00
0.000000000000000000e+00
1.647911925302061528e-02
3.002923721236093191e-01
2.595519938955708206e+00
0.000000000000000000e+00
0.000000000000000000e+00
0.000000000000000000e+00
0.000000000000000000e+00
0.000000000000000000e+00
0.000000000000000000e+00
0.000000000000000000e+00
0.000000000000000000e+00
0.000000000000000000e+00
2.471867887953092119e-02
8.544904897826282042e-01
3.395995988324411741e+00
0.000000000000000000e+00
0.000000000000000000e+00
0.000000000000000000e+00
0.000000000000000000e+00
0.000000000000000000e+00
0.000000000000000000e+00
0.000000000000000000e+00
0.000000000000000000e+00
0.000000000000000000e+00
1.952876704141370823e-02
3.048637061808813775e-01
2.443842800778316615e+00
4.126281610184612703e+00
0.000000000000000000e+00
0.000000000000000000e+00
0.000000000000000000e+00
0.000000000000000000e+00
0.000000000000000000e+00
0.000000000000000000e+00
0.000000000000000000e+00
0.000000000000000000e+00
0.000000000000000000e+00
0.000000000000000000e+00
1.952876704141370823e-01
1.697349283061123426e+00
4.699697693804455234e+00
4.703368994613212450e+00
0.000000000000000000e+00
0.000000000000000000e+00
0.000000000000000000e+00
0.000000000000000000e+00
0.000000000000000000e+00
0.000000000000000000e+00
0.000000000000000000e+00
0.000000000000000000e+00
0.000000000000000000e+00
0.000000000000000000e+00
1.143854552348113895e-01
1.015495886153512828e+00
5.207401683954514304e+00
6.906724558843014172e+00
4.783325046818550419e+00
0.000000000000000000e+00
0.000000000000000000e+00
0.000000000000000000e+00
0.000000000000000000e+00
0.000000000000000000e+00
0.000000000000000000e+00
0.000000000000000000e+00
0.000000000000000000e+00
0.000000000000000000e+00
0.000000000000000000e+00
0.000000000000000000e+00
9.913406120350320982e-01
4.804076692187772224e+00
9.697961680402631401e+00
8.273909342495219477e+00
4.481506208531990332e+00
0.000000000000000000e+00
0.000000000000000000e+00
0.000000000000000000e+00
0.000000000000000000e+00
0.000000000000000000e+00
0.000000000000000000e+00
0.000000000000000000e+00
0.000000000000000000e+00
0.000000000000000000e+00
0.000000000000000000e+00
0.000000000000000000e+00
3.291137088904646513e-01
3.927233963061857569e+00
1.095563831023309120e+01
1.303498332913930646e+01
8.735334206977839244e+00
3.913879273028448846e+00
0.000000000000000000e+00
0.000000000000000000e+00
0.000000000000000000e+00
0.000000000000000000e+00
0.000000000000000000e+00
0.000000000000000000e+00
0.000000000000000000e+00
0.000000000000000000e+00
0.000000000000000000e+00
0.000000000000000000e+00
0.000000000000000000e+00
3.128864419155261700e-01
3.093668863570367744e+00
9.417735814332804267e+00
1.595500267283500051e+01
1.474881173145345059e+01
8.247053927102051318e+00
3.291931050148762417e+00
0.000000000000000000e+00
0.000000000000000000e+00
0.000000000000000000e+00
0.000000000000000000e+00
0.000000000000000000e+00
0.000000000000000000e+00
0.000000000000000000e+00
0.000000000000000000e+00
0.000000000000000000e+00
0.000000000000000000e+00
0.000000000000000000e+00
1.549967419239409727e-01
2.294500574047192210e+00
8.951892881820638692e+00
1.906424253913523259e+01
2.021227388786318713e+01
1.380950193403127635e+01
7.077622656799539946e+00
2.744445715582443768e+00
0.000000000000000000e+00
0.000000000000000000e+00
0.000000000000000000e+00
0.000000000000000000e+00
0.000000000000000000e+00
0.000000000000000000e+00
0.000000000000000000e+00
0.000000000000000000e+00
0.000000000000000000e+00
0.000000000000000000e+00
0.000000000000000000e+00
2.189080473647392056e-01
6.199869676957638909e-01
8.239342970442189440e+00
1.875948140675648546e+01
2.463100136056272049e+01
1.984122731407632756e+01
1.216159000872921325e+01
6.154772927834302187e+00
2.251892019935822553e+00
0.000000000000000000e+00
0.000000000000000000e+00
0.000000000000000000e+00
0.000000000000000000e+00
0.000000000000000000e+00
0.000000000000000000e+00
0.000000000000000000e+00
0.000000000000000000e+00
0.000000000000000000e+00
0.000000000000000000e+00
0.000000000000000000e+00
0.000000000000000000e+00
1.094540236823696056e+00
5.424885967337933934e+00
1.783452718918499258e+01
2.698732412901809852e+01
2.852010683854630813e+01
1.868903005863291966e+01
1.093389562437917739e+01
5.080556312107569639e+00
1.813964787437122750e+00
0.000000000000000000e+00
0.000000000000000000e+00
0.000000000000000000e+00
0.000000000000000000e+00
0.000000000000000000e+00
0.000000000000000000e+00
0.000000000000000000e+00
0.000000000000000000e+00
0.000000000000000000e+00
0.000000000000000000e+00
0.000000000000000000e+00
0.000000000000000000e+00
0.000000000000000000e+00
3.502528757835827289e+00
1.735963509548138717e+01
3.139293967219112602e+01
3.501769862594543525e+01
2.707122440557202836e+01
1.616981911029055041e+01
8.321955222775411443e+00
4.064933329965930930e+00
1.474914504993878550e+00
0.000000000000000000e+00
0.000000000000000000e+00
0.000000000000000000e+00
0.000000000000000000e+00
0.000000000000000000e+00
0.000000000000000000e+00
0.000000000000000000e+00
0.000000000000000000e+00
0.000000000000000000e+00
0.000000000000000000e+00
0.000000000000000000e+00
0.000000000000000000e+00
0.000000000000000000e+00
5.923968549451349430e-01
1.685591964708491730e+01
3.146433861056001646e+01
4.025805552646436780e+01
3.251643443837790670e+01
2.165697952445762198e+01
1.427552870727341983e+01
7.366166306100215166e+00
3.115228185607524569e+00
1.147155726106350082e+00
0.000000000000000000e+00
0.000000000000000000e+00
0.000000000000000000e+00
0.000000000000000000e+00
0.000000000000000000e+00
0.000000000000000000e+00
0.000000000000000000e+00
0.000000000000000000e+00
0.000000000000000000e+00
0.000000000000000000e+00
0.000000000000000000e+00
0.000000000000000000e+00
0.000000000000000000e+00
1.929151396738235880e+00
1.303273080879296941e+01
3.327402319944035725e+01
4.479405841601894167e+01
4.150960129412647603e+01
3.087086589392558267e+01
1.875921465850906955e+01
1.031118899786643794e+01
5.487546711255864906e+00
2.507319237162168868e+00
8.981322963370546031e-01
0.000000000000000000e+00
0.000000000000000000e+00
0.000000000000000000e+00
0.000000000000000000e+00
0.000000000000000000e+00
0.000000000000000000e+00
0.000000000000000000e+00
0.000000000000000000e+00
0.000000000000000000e+00
0.000000000000000000e+00
0.000000000000000000e+00
0.000000000000000000e+00
0.000000000000000000e+00
3.882260508473770244e+00
1.196073865977706241e+01
3.347042230440012389e+01
4.662741408868944859e+01
4.913396718988929024e+01
3.358314476559981188e+01
2.382783252366963822e+01
1.570893585224743028e+01
7.635747913192759917e+00
4.276331446158849303e+00
1.862789267726129516e+00
7.156371848149483128e-01
0.000000000000000000e+00
0.000000000000000000e+00
0.000000000000000000e+00
0.000000000000000000e+00
0.000000000000000000e+00
0.000000000000000000e+00
0.000000000000000000e+00
0.000000000000000000e+00
0.000000000000000000e+00
0.000000000000000000e+00
0.000000000000000000e+00
0.000000000000000000e+00
0.000000000000000000e+00
1.181263764758946122e+00
8.735086144065983049e+00
3.356723430324530710e+01
5.064993109780903779e+01
5.735390840956166869e+01
4.262410402908376739e+01
2.951562102069797078e+01
1.810125398897555371e+01
9.379607329254534775e+00
6.307791754376627757e+00
3.501812841266880749e+00
1.479489248023636128e+00
5.377197098694835864e-01
0.000000000000000000e+00
0.000000000000000000e+00
0.000000000000000000e+00
0.000000000000000000e+00
0.000000000000000000e+00
0.000000000000000000e+00
0.000000000000000000e+00
0.000000000000000000e+00
0.000000000000000000e+00
0.000000000000000000e+00
0.000000000000000000e+00
0.000000000000000000e+00
0.000000000000000000e+00
2.091404576604271703e+00
7.087582588553676288e+00
2.523469330507950659e+01
5.555956022606119404e+01
6.012828077693119866e+01
5.210011527280793331e+01
3.378928973941913227e+01
2.190205093408683368e+01
1.402024399873379323e+01
8.045110351515067038e+00
4.354915050235256935e+00
2.422430530194030318e+00
1.191403882896921562e+00
4.284667835736407082e-01
0.000000000000000000e+00
0.000000000000000000e+00
0.000000000000000000e+00
0.000000000000000000e+00
0.000000000000000000e+00
0.000000000000000000e+00
0.000000000000000000e+00
0.000000000000000000e+00
0.000000000000000000e+00
0.000000000000000000e+00
0.000000000000000000e+00
0.000000000000000000e+00
0.000000000000000000e+00
0.000000000000000000e+00
4.182809153208543407e+00
2.008148400090208341e+01
5.386636455507355947e+01
6.906362000322884853e+01
6.279406662418430329e+01
3.086603467842822823e+01
2.386949825628691002e+01
1.554002661513780126e+01
9.478474816045380891e+00
5.109217000488242455e+00
3.808109573075673104e+00
1.746786640820185310e+00
8.227522715907019668e-01
3.332519427794983224e-01
0.000000000000000000e+00
0.000000000000000000e+00
0.000000000000000000e+00
0.000000000000000000e+00
0.000000000000000000e+00
0.000000000000000000e+00
0.000000000000000000e+00
0.000000000000000000e+00
0.000000000000000000e+00
0.000000000000000000e+00
0.000000000000000000e+00
0.000000000000000000e+00
0.000000000000000000e+00
0.000000000000000000e+00
6.401280098850045341e+00
2.021691090717462558e+01
5.611002882604994113e+01
7.424823222456085148e+01
5.710288134345178435e+01
3.909819242637890824e+01
2.429879325748605012e+01
1.983958296626444451e+01
1.418418536683718756e+01
7.437969820924500652e+00
3.774720022748776049e+00
2.597326016508023194e+00
1.326569099868159629e+00
6.884751946248603982e-01
2.636718668145481281e-01
0.000000000000000000e+00
0.000000000000000000e+00
0.000000000000000000e+00
0.000000000000000000e+00
0.000000000000000000e+00
0.000000000000000000e+00
0.000000000000000000e+00
0.000000000000000000e+00
0.000000000000000000e+00
0.000000000000000000e+00
0.000000000000000000e+00
0.000000000000000000e+00
0.000000000000000000e+00
0.000000000000000000e+00
0.000000000000000000e+00
1.520304023476885824e+01
5.298224927397488671e+01
6.910393023839834825e+01
6.260145069913954785e+01
4.591380324237001531e+01
3.376662073187269186e+01
1.904500012073231119e+01
1.208974587006739654e+01
7.092092683418593779e+00
4.541769182688412343e+00
3.850976992905316809e+00
1.913819170058543406e+00
1.087621870699360560e+00
5.395497092627452584e-01
2.047729428617613423e-01
0.000000000000000000e+00
0.000000000000000000e+00
0.000000000000000000e+00
0.000000000000000000e+00
0.000000000000000000e+00
0.000000000000000000e+00
0.000000000000000000e+00
0.000000000000000000e+00
0.000000000000000000e+00
0.000000000000000000e+00
0.000000000000000000e+00
0.000000000000000000e+00
0.000000000000000000e+00
0.000000000000000000e+00
1.965174157376619934e+00
1.344083076857015868e+01
3.760752058074401560e+01
6.622781159246859772e+01
6.201634764984466841e+01
4.076373533897458401e+01
3.318140402389765597e+01
2.221488206044255875e+01
1.422902307870804783e+01
8.989811031588576640e+00
6.674910760864558590e+00
3.949364506685575815e+00
2.745250925635473571e+00
1.406071226981786992e+00
8.321955222775411221e-01
3.393547945136723420e-01
1.431274369629896848e-01
0.000000000000000000e+00
0.000000000000000000e+00
0.000000000000000000e+00
0.000000000000000000e+00
0.000000000000000000e+00
0.000000000000000000e+00
0.000000000000000000e+00
0.000000000000000000e+00
0.000000000000000000e+00
0.000000000000000000e+00
0.000000000000000000e+00
0.000000000000000000e+00
0.000000000000000000e+00
0.000000000000000000e+00
0.000000000000000000e+00
1.080845786557140897e+01
3.046588307542569396e+01
6.561312101321296097e+01
7.319916018114950873e+01
5.256623753177310476e+01
3.688147483050082087e+01
1.929151396738236102e+01
1.095934181648499717e+01
7.661781657765872389e+00
5.734879451185816102e+00
3.858932783624823060e+00
3.225314347126553294e+00
1.105726067269843460e+00
8.787945168636168702e-01
5.932482931087421640e-01
2.685541539316831372e-01
1.098632778393950626e-01
0.000000000000000000e+00
0.000000000000000000e+00
0.000000000000000000e+00
0.000000000000000000e+00
0.000000000000000000e+00
0.000000000000000000e+00
0.000000000000000000e+00
0.000000000000000000e+00
0.000000000000000000e+00
0.000000000000000000e+00
0.000000000000000000e+00
0.000000000000000000e+00
0.000000000000000000e+00
0.000000000000000000e+00
0.000000000000000000e+00
2.117777877150457844e+00
4.028607022622070843e+01
6.272387691999407622e+01
6.801360105028173564e+01
4.391949610868970666e+01
3.012222600135312689e+01
1.844073741525041044e+01
1.388989005651529851e+01
7.997357541759321897e+00
9.194137989319045801e+00
1.859960903087291673e+00
2.815977977239735530e+00
1.777214028008509139e+00
1.410753947896007165e+00
6.639780794080660797e-01
4.284571005785359765e-01
2.221675273434833287e-01
7.965087643356141833e-02
0.000000000000000000e+00
0.000000000000000000e+00
0.000000000000000000e+00
0.000000000000000000e+00
0.000000000000000000e+00
0.000000000000000000e+00
0.000000000000000000e+00
0.000000000000000000e+00
0.000000000000000000e+00
0.000000000000000000e+00
0.000000000000000000e+00
0.000000000000000000e+00
0.000000000000000000e+00
0.000000000000000000e+00
0.000000000000000000e+00
7.875818905201734665e+00
2.964889028010641070e+01
5.404228932785704842e+01
7.258048615027885830e+01
4.640928071666282761e+01
2.509685491925126044e+01
2.067211588328155614e+01
1.067621639830286817e+01
9.645756983691180508e+00
5.035373267033646627e+00
4.597068994659522900e+00
4.029915290022465513e+00
2.711682496601226955e+00
1.513923060896137374e+00
7.625697015654092636e-01
5.272767101181701221e-01
3.954988620724947390e-01
1.367184783652204971e-01
6.347656052942825256e-02
0.000000000000000000e+00
0.000000000000000000e+00
0.000000000000000000e+00
0.000000000000000000e+00
0.000000000000000000e+00
0.000000000000000000e+00
0.000000000000000000e+00
0.000000000000000000e+00
0.000000000000000000e+00
0.000000000000000000e+00
0.000000000000000000e+00
0.000000000000000000e+00
0.000000000000000000e+00
0.000000000000000000e+00
0.000000000000000000e+00
3.546124740737781611e+00
2.137722274269042089e+01
5.082666905161099180e+01
5.207711517048042538e+01
3.853038153656778775e+01
2.560512039540018137e+01
9.062753165285176493e+00
1.299390141234840712e+01
7.764521016947540488e+00
5.401623910867060729e+00
4.442976412088512461e+00
2.626896568376870356e+00
1.704964161163350589e+00
1.042954806385087307e+00
6.582274177809293025e-01
8.769551568002206254e-01
5.272767101181701221e-01
2.883845869278607865e-01
1.269528727677047553e-01
4.852294771239948346e-02
0.000000000000000000e+00
0.000000000000000000e+00
0.000000000000000000e+00
0.000000000000000000e+00
0.000000000000000000e+00
0.000000000000000000e+00
0.000000000000000000e+00
0.000000000000000000e+00
0.000000000000000000e+00
0.000000000000000000e+00
0.000000000000000000e+00
0.000000000000000000e+00
0.000000000000000000e+00
0.000000000000000000e+00
0.000000000000000000e+00
3.692146342466903874e+00
1.063837422221334528e+01
4.612979644475301910e+01
5.294444692876144387e+01
3.635572191146746945e+01
1.612899692228419113e+01
1.360272021005634713e+01
1.254842745962563022e+01
6.496950706174203560e+00
2.911695381355327683e+00
1.929151396738235880e+00
4.739174839561079544e+00
3.064712663106349044e+00
4.649902257718229182e-01
9.386593257465785101e-01
5.265819342247434198e-01
5.719272761740569200e-01
3.124602726626193316e-01
1.730307521567164553e-01
1.000974573745364443e-01
4.028320187444485445e-02
0.000000000000000000e+00
0.000000000000000000e+00
0.000000000000000000e+00
0.000000000000000000e+00
0.000000000000000000e+00
0.000000000000000000e+00
0.000000000000000000e+00
0.000000000000000000e+00
0.000000000000000000e+00
0.000000000000000000e+00
0.000000000000000000e+00
0.000000000000000000e+00
0.000000000000000000e+00
0.000000000000000000e+00
0.000000000000000000e+00
1.272255159682329495e+00
1.599930081735658227e+01
4.018941372836152226e+01
5.063026439058258177e+01
3.600222391155778467e+01
1.179104494425972049e+01
1.702505230685553528e+01
1.200240018534383424e+01
4.879944012076633975e+00
4.725055059035784488e+00
3.882260508473770244e+00
3.086642234781177496e+00
1.480992137362837413e+00
1.094540236823696056e+00
7.749837096197048636e-01
6.257728838310523400e-01
5.924046760028363057e-01
4.194133358609750672e-01
2.148164374555507905e-01
1.153538347711443035e-01
8.056624617950494671e-02
2.593994060096827675e-02
0.000000000000000000e+00
0.000000000000000000e+00
0.000000000000000000e+00
0.000000000000000000e+00
0.000000000000000000e+00
0.000000000000000000e+00
0.000000000000000000e+00
0.000000000000000000e+00
0.000000000000000000e+00
0.000000000000000000e+00
0.000000000000000000e+00
0.000000000000000000e+00
0.000000000000000000e+00
0.000000000000000000e+00
0.000000000000000000e+00
0.000000000000000000e+00
1.399480675650562489e+01
4.676718700458077649e+01
2.718695634565632702e+01
2.587769068851998355e+01
1.906000089435412193e+01
1.375621910163633999e+01
5.376332307428063118e+00
5.601120086493789785e+00
2.091404576604271703e+00
6.496950706174203560e+00
1.941130254236885122e+00
1.157490838042941617e+00
1.480992137362837413e+00
4.378160947294784111e-01
9.299804515436458363e-01
5.214774031925436537e-01
1.316454835561858550e-01
3.050278806261637055e-01
1.757589033727233740e-01
8.239559626510307988e-02
4.150382378944193762e-02
2.349853442675949727e-02
0.000000000000000000e+00
0.000000000000000000e+00
0.000000000000000000e+00
0.000000000000000000e+00
0.000000000000000000e+00
0.000000000000000000e+00
0.000000000000000000e+00
0.000000000000000000e+00
0.000000000000000000e+00
0.000000000000000000e+00
0.000000000000000000e+00
0.000000000000000000e+00
0.000000000000000000e+00
0.000000000000000000e+00
0.000000000000000000e+00
1.338054815040071732e+00
9.154037597568084550e+00
4.961795122761085253e+01
4.430575610960284649e+01
2.009470686418076113e+01
1.687675479686085822e+01
1.058888938575228877e+01
6.878109550818169993e+00
7.168443076570751415e+00
5.601120086493789785e+00
4.182809153208543407e+00
2.362527529517892244e+00
1.941130254236885122e+00
1.543321117390588748e+00
8.885952824177023590e-01
4.378160947294784111e-01
6.199869676957638909e-01
7.300683644695611374e-01
6.582274177809292748e-02
1.525139403130818527e-01
5.858630112424112468e-02
6.591647701208246113e-02
2.929681679254725335e-02
1.464843704525267340e-02
0.000000000000000000e+00
0.000000000000000000e+00
0.000000000000000000e+00
0.000000000000000000e+00
0.000000000000000000e+00
0.000000000000000000e+00
0.000000000000000000e+00
0.000000000000000000e+00
0.000000000000000000e+00
0.000000000000000000e+00
0.000000000000000000e+00
0.000000000000000000e+00
0.000000000000000000e+00
0.000000000000000000e+00
0.000000000000000000e+00
0.000000000000000000e+00
6.690274075200358439e+00
2.746211279270425010e+01
3.307863415174056598e+01
3.446003252969109809e+01
1.773062370368890939e+01
9.000935891659125332e+00
4.235555754300915687e+00
5.895522472129860247e+00
2.688166153714031559e+00
4.000800061781278671e+00
2.091404576604271703e+00
5.906318823794730610e-01
9.705651271184425610e-01
3.858302793476471870e-01
5.923968549451349430e-01
8.756321894589568222e-01
3.099934838478819454e-01
4.171819225540349119e-01
2.632909671123717099e-01
7.625697015654092636e-02
1.757589033727233740e-01
4.943735775906184238e-02
2.929681679254725335e-02
1.312255818637218796e-02
0.000000000000000000e+00
0.000000000000000000e+00
0.000000000000000000e+00
0.000000000000000000e+00
0.000000000000000000e+00
0.000000000000000000e+00
0.000000000000000000e+00
0.000000000000000000e+00
0.000000000000000000e+00
0.000000000000000000e+00
0.000000000000000000e+00
0.000000000000000000e+00
0.000000000000000000e+00
0.000000000000000000e+00
0.000000000000000000e+00
0.000000000000000000e+00
5.456307676005680563e+00
1.739471259552093230e+01
2.353895382231792865e+01
2.035608255491727192e+01
1.107643902740071162e+01
8.274291061721489982e+00
6.750701918744343999e+00
1.058888938575228922e+00
9.825870786883099672e-01
4.480276922856719857e+00
8.001600123562556677e-01
1.394269717736181136e+00
5.906318823794730610e-01
4.852825635592212805e-01
7.716605586952943741e-01
2.961984274725674715e-01
8.756321894589568222e-01
0.000000000000000000e+00
1.042954806385087280e-01
6.582274177809292748e-02
1.143854552348113895e-01
9.764383520706854114e-02
4.943735775906184238e-02
2.197261259441044001e-02
7.629394294402434135e-03
0.000000000000000000e+00
0.000000000000000000e+00
0.000000000000000000e+00
0.000000000000000000e+00
0.000000000000000000e+00
0.000000000000000000e+00
0.000000000000000000e+00
0.000000000000000000e+00
0.000000000000000000e+00
0.000000000000000000e+00
0.000000000000000000e+00
0.000000000000000000e+00
0.000000000000000000e+00
0.000000000000000000e+00
0.000000000000000000e+00
1.405830553902068791e+00
1.386476391214087167e+00
1.773299994701846316e+01
2.007082222560107709e+01
1.438491622474984588e+01
1.017804127745863596e+01
4.922861789955871537e+00
1.182041580245927204e+00
4.500467945829562666e+00
3.176666815725686988e+00
1.965174157376619934e+00
8.960553845713439269e-01
0.000000000000000000e+00
1.394269717736181136e+00
5.906318823794730610e-01
0.000000000000000000e+00
0.000000000000000000e+00
0.000000000000000000e+00
0.000000000000000000e+00
0.000000000000000000e+00
2.085909612770174559e-01
1.316454835561858550e-01
0.000000000000000000e+00
5.858630112424112468e-02
7.415603663859277050e-02
2.197261259441044001e-02
6.713866979074142698e-03
0.000000000000000000e+00
0.000000000000000000e+00
0.000000000000000000e+00
0.000000000000000000e+00
0.000000000000000000e+00
0.000000000000000000e+00
0.000000000000000000e+00
0.000000000000000000e+00
0.000000000000000000e+00
0.000000000000000000e+00
0.000000000000000000e+00
0.000000000000000000e+00
0.000000000000000000e+00
0.000000000000000000e+00
0.000000000000000000e+00
0.000000000000000000e+00
1.405830553902068791e+00
2.079714586821130595e+01
2.864561529902982429e+01
1.605665778048086167e+01
3.923158970386321442e+00
5.089020638729317980e+00
2.461430894977935768e+00
3.546124740737781611e+00
1.125116986457390666e+00
1.058888938575228922e+00
1.965174157376619934e+00
8.960553845713439269e-01
8.001600123562556677e-01
0.000000000000000000e+00
0.000000000000000000e+00
0.000000000000000000e+00
3.858302793476471870e-01
0.000000000000000000e+00
2.189080473647392056e-01
1.549967419239409727e-01
0.000000000000000000e+00
1.316454835561858550e-01
3.812848507827046318e-02
1.952876704141370823e-02
1.647911925302061528e-02
1.953121119503150108e-02
4.577636576641460654e-03
0.000000000000000000e+00
0.000000000000000000e+00
0.000000000000000000e+00
0.000000000000000000e+00
0.000000000000000000e+00
0.000000000000000000e+00
0.000000000000000000e+00
0.000000000000000000e+00
0.000000000000000000e+00
0.000000000000000000e+00
0.000000000000000000e+00
0.000000000000000000e+00
0.000000000000000000e+00
0.000000000000000000e+00
0.000000000000000000e+00
0.000000000000000000e+00
1.422619279714792961e+00
1.968162775462896263e+01
1.941066947699722078e+01
1.500484610901562199e+01
4.014164445120215419e+00
1.307719656795440555e+00
2.544510319364658990e+00
0.000000000000000000e+00
1.182041580245927204e+00
1.125116986457390666e+00
0.000000000000000000e+00
0.000000000000000000e+00
1.792110769142687854e+00
8.001600123562556677e-01
6.971348588680905678e-01
1.771895647138419072e+00
0.000000000000000000e+00
0.000000000000000000e+00
0.000000000000000000e+00
2.189080473647392056e-01
0.000000000000000000e+00
2.085909612770174559e-01
6.582274177809292748e-02
7.625697015654092636e-02
0.000000000000000000e+00
3.295823850604123056e-02
7.324204198136813337e-03
5.493163891969752959e-03
0.000000000000000000e+00
0.000000000000000000e+00
0.000000000000000000e+00
0.000000000000000000e+00
0.000000000000000000e+00
0.000000000000000000e+00
0.000000000000000000e+00
0.000000000000000000e+00
0.000000000000000000e+00
0.000000000000000000e+00
0.000000000000000000e+00
0.000000000000000000e+00
0.000000000000000000e+00
0.000000000000000000e+00
0.000000000000000000e+00
0.000000000000000000e+00
1.437240467635767294e+00
8.535715678288758212e+00
1.968162775462896263e+01
9.705334738498610392e+00
0.000000000000000000e+00
4.014164445120215419e+00
1.307719656795440555e+00
0.000000000000000000e+00
1.230715447488967884e+00
2.364083160491854407e+00
2.250233972914781333e+00
0.000000000000000000e+00
0.000000000000000000e+00
8.960553845713439269e-01
8.001600123562556677e-01
6.971348588680905678e-01
5.906318823794730610e-01
0.000000000000000000e+00
0.000000000000000000e+00
0.000000000000000000e+00
2.189080473647392056e-01
0.000000000000000000e+00
0.000000000000000000e+00
0.000000000000000000e+00
3.812848507827046318e-02
0.000000000000000000e+00
2.471867887953092119e-02
7.324204198136813337e-03
5.493163891969752959e-03
0.000000000000000000e+00
0.000000000000000000e+00
0.000000000000000000e+00
0.000000000000000000e+00
0.000000000000000000e+00
0.000000000000000000e+00
0.000000000000000000e+00
0.000000000000000000e+00
0.000000000000000000e+00
0.000000000000000000e+00
0.000000000000000000e+00
0.000000000000000000e+00
0.000000000000000000e+00
0.000000000000000000e+00
0.000000000000000000e+00
0.000000000000000000e+00
0.000000000000000000e+00
7.186202338178836690e+00
8.535715678288758212e+00
7.029152769510344179e+00
2.772952782428174334e+00
4.092230757004260866e+00
2.676109630080143464e+00
0.000000000000000000e+00
0.000000000000000000e+00
0.000000000000000000e+00
0.000000000000000000e+00
1.125116986457390666e+00
1.058888938575228922e+00
0.000000000000000000e+00
1.792110769142687854e+00
0.000000000000000000e+00
6.971348588680905678e-01
0.000000000000000000e+00
4.852825635592212805e-01
0.000000000000000000e+00
0.000000000000000000e+00
0.000000000000000000e+00
0.000000000000000000e+00
1.042954806385087280e-01
0.000000000000000000e+00
3.812848507827046318e-02
3.905753408282741646e-02
0.000000000000000000e+00
4.882802798757875269e-03
2.441406174208779045e-03
0.000000000000000000e+00
0.000000000000000000e+00
0.000000000000000000e+00
0.000000000000000000e+00
0.000000000000000000e+00
0.000000000000000000e+00
0.000000000000000000e+00
0.000000000000000000e+00
0.000000000000000000e+00
0.000000000000000000e+00
0.000000000000000000e+00
0.000000000000000000e+00
0.000000000000000000e+00
0.000000000000000000e+00
0.000000000000000000e+00
0.000000000000000000e+00
1.461243764860584493e+00
8.700144019665749795e+00
1.293516420872190587e+01
1.422619279714792961e+00
1.405830553902068791e+00
0.000000000000000000e+00
0.000000000000000000e+00
0.000000000000000000e+00
1.307719656795440555e+00
0.000000000000000000e+00
0.000000000000000000e+00
1.182041580245927204e+00
0.000000000000000000e+00
0.000000000000000000e+00
0.000000000000000000e+00
0.000000000000000000e+00
0.000000000000000000e+00
0.000000000000000000e+00
0.000000000000000000e+00
4.852825635592212805e-01
0.000000000000000000e+00
0.000000000000000000e+00
0.000000000000000000e+00
1.549967419239409727e-01
1.042954806385087280e-01
0.000000000000000000e+00
0.000000000000000000e+00
0.000000000000000000e+00
8.239559626510307641e-03
7.324204198136813337e-03
2.746581945984876479e-03
0.000000000000000000e+00
0.000000000000000000e+00
0.000000000000000000e+00
0.000000000000000000e+00
0.000000000000000000e+00
0.000000000000000000e+00
0.000000000000000000e+00
0.000000000000000000e+00
0.000000000000000000e+00
0.000000000000000000e+00
0.000000000000000000e+00
0.000000000000000000e+00
0.000000000000000000e+00
0.000000000000000000e+00
0.000000000000000000e+00
0.000000000000000000e+00
0.000000000000000000e+00
2.922487529721168986e+00
8.700144019665749795e+00
0.000000000000000000e+00
1.422619279714792961e+00
1.405830553902068791e+00
0.000000000000000000e+00
0.000000000000000000e+00
1.338054815040071732e+00
0.000000000000000000e+00
2.544510319364658990e+00
2.461430894977935768e+00
0.000000000000000000e+00
0.000000000000000000e+00
0.000000000000000000e+00
0.000000000000000000e+00
0.000000000000000000e+00
0.000000000000000000e+00
0.000000000000000000e+00
0.000000000000000000e+00
0.000000000000000000e+00
0.000000000000000000e+00
0.000000000000000000e+00
0.000000000000000000e+00
0.000000000000000000e+00
0.000000000000000000e+00
0.000000000000000000e+00
3.812848507827046318e-02
0.000000000000000000e+00
0.000000000000000000e+00
4.882802798757875269e-03
1.220703087104389522e-03
0.000000000000000000e+00
0.000000000000000000e+00
0.000000000000000000e+00
0.000000000000000000e+00
0.000000000000000000e+00
0.000000000000000000e+00
0.000000000000000000e+00
0.000000000000000000e+00
0.000000000000000000e+00
0.000000000000000000e+00
0.000000000000000000e+00
0.000000000000000000e+00
0.000000000000000000e+00
0.000000000000000000e+00
0.000000000000000000e+00
0.000000000000000000e+00
0.000000000000000000e+00
8.826766045822408202e+00
1.022870635402409079e+01
1.450024003277625040e+00
1.437240467635767294e+00
0.000000000000000000e+00
0.000000000000000000e+00
1.386476391214087167e+00
0.000000000000000000e+00
0.000000000000000000e+00
0.000000000000000000e+00
1.272255159682329495e+00
0.000000000000000000e+00
0.000000000000000000e+00
0.000000000000000000e+00
1.058888938575228922e+00
0.000000000000000000e+00
0.000000000000000000e+00
0.000000000000000000e+00
0.000000000000000000e+00
0.000000000000000000e+00
0.000000000000000000e+00
0.000000000000000000e+00
0.000000000000000000e+00
0.000000000000000000e+00
0.000000000000000000e+00
0.000000000000000000e+00
0.000000000000000000e+00
0.000000000000000000e+00
0.000000000000000000e+00
8.239559626510307641e-03
0.000000000000000000e+00
3.051757717760973914e-03
0.000000000000000000e+00
0.000000000000000000e+00
0.000000000000000000e+00
0.000000000000000000e+00
0.000000000000000000e+00
0.000000000000000000e+00
0.000000000000000000e+00
0.000000000000000000e+00
0.000000000000000000e+00
0.000000000000000000e+00
0.000000000000000000e+00
0.000000000000000000e+00
0.000000000000000000e+00
0.000000000000000000e+00
0.000000000000000000e+00
0.000000000000000000e+00
0.000000000000000000e+00
2.959731964091544931e+00
2.942255348607469401e+00
2.922487529721168986e+00
0.000000000000000000e+00
0.000000000000000000e+00
0.000000000000000000e+00
0.000000000000000000e+00
0.000000000000000000e+00
0.000000000000000000e+00
0.000000000000000000e+00
0.000000000000000000e+00
1.272255159682329495e+00
0.000000000000000000e+00
0.000000000000000000e+00
0.000000000000000000e+00
0.000000000000000000e+00
0.000000000000000000e+00
0.000000000000000000e+00
0.000000000000000000e+00
6.971348588680905678e-01
0.000000000000000000e+00
0.000000000000000000e+00
0.000000000000000000e+00
0.000000000000000000e+00
0.000000000000000000e+00
0.000000000000000000e+00
0.000000000000000000e+00
6.582274177809292748e-02
0.000000000000000000e+00
0.000000000000000000e+00
8.239559626510307641e-03
0.000000000000000000e+00
1.220703087104389522e-03
0.000000000000000000e+00
0.000000000000000000e+00
0.000000000000000000e+00
0.000000000000000000e+00
0.000000000000000000e+00
0.000000000000000000e+00
0.000000000000000000e+00
0.000000000000000000e+00
0.000000000000000000e+00
0.000000000000000000e+00
0.000000000000000000e+00
0.000000000000000000e+00
0.000000000000000000e+00
0.000000000000000000e+00
0.000000000000000000e+00
0.000000000000000000e+00
0.000000000000000000e+00
4.462854109223843402e+00
4.439597946137316953e+00
1.471127674303734700e+00
2.922487529721168986e+00
0.000000000000000000e+00
1.437240467635767294e+00
1.422619279714792961e+00
0.000000000000000000e+00
1.386476391214087167e+00
0.000000000000000000e+00
0.000000000000000000e+00
0.000000000000000000e+00
0.000000000000000000e+00
0.000000000000000000e+00
0.000000000000000000e+00
0.000000000000000000e+00
0.000000000000000000e+00
0.000000000000000000e+00
0.000000000000000000e+00
0.000000000000000000e+00
0.000000000000000000e+00
0.000000000000000000e+00
0.000000000000000000e+00
0.000000000000000000e+00
2.961984274725674715e-01
0.000000000000000000e+00
0.000000000000000000e+00
0.000000000000000000e+00
0.000000000000000000e+00
0.000000000000000000e+00
0.000000000000000000e+00
1.647911925302061528e-02
2.441401399378937635e-03
3.051757717760973806e-04
0.000000000000000000e+00
0.000000000000000000e+00
0.000000000000000000e+00
0.000000000000000000e+00
0.000000000000000000e+00
0.000000000000000000e+00
0.000000000000000000e+00
0.000000000000000000e+00
0.000000000000000000e+00
0.000000000000000000e+00
0.000000000000000000e+00
0.000000000000000000e+00
0.000000000000000000e+00
0.000000000000000000e+00
0.000000000000000000e+00
0.000000000000000000e+00
0.000000000000000000e+00
7.472588949136525827e+00
5.950472145631791498e+00
1.479865982045772466e+00
2.942255348607469401e+00
1.461243764860584493e+00
1.450024003277625040e+00
0.000000000000000000e+00
0.000000000000000000e+00
0.000000000000000000e+00
0.000000000000000000e+00
0.000000000000000000e+00
0.000000000000000000e+00
0.000000000000000000e+00
0.000000000000000000e+00
0.000000000000000000e+00
0.000000000000000000e+00
0.000000000000000000e+00
0.000000000000000000e+00
0.000000000000000000e+00
0.000000000000000000e+00
0.000000000000000000e+00
0.000000000000000000e+00
0.000000000000000000e+00
0.000000000000000000e+00
0.000000000000000000e+00
0.000000000000000000e+00
0.000000000000000000e+00
0.000000000000000000e+00
0.000000000000000000e+00
0.000000000000000000e+00
0.000000000000000000e+00
0.000000000000000000e+00
0.000000000000000000e+00
0.000000000000000000e+00
0.000000000000000000e+00
0.000000000000000000e+00
0.000000000000000000e+00
0.000000000000000000e+00
0.000000000000000000e+00
0.000000000000000000e+00
0.000000000000000000e+00
0.000000000000000000e+00
0.000000000000000000e+00
0.000000000000000000e+00
0.000000000000000000e+00
0.000000000000000000e+00
0.000000000000000000e+00
0.000000000000000000e+00
0.000000000000000000e+00
0.000000000000000000e+00
0.000000000000000000e+00
0.000000000000000000e+00
0.000000000000000000e+00
2.989035579654610419e+00
0.000000000000000000e+00
0.000000000000000000e+00
0.000000000000000000e+00
0.000000000000000000e+00
0.000000000000000000e+00
0.000000000000000000e+00
0.000000000000000000e+00
0.000000000000000000e+00
0.000000000000000000e+00
1.364076919001420141e+00
0.000000000000000000e+00
0.000000000000000000e+00
0.000000000000000000e+00
0.000000000000000000e+00
0.000000000000000000e+00
0.000000000000000000e+00
0.000000000000000000e+00
0.000000000000000000e+00
0.000000000000000000e+00
0.000000000000000000e+00
0.000000000000000000e+00
0.000000000000000000e+00
0.000000000000000000e+00
0.000000000000000000e+00
0.000000000000000000e+00
0.000000000000000000e+00
0.000000000000000000e+00
0.000000000000000000e+00
0.000000000000000000e+00
0.000000000000000000e+00
0.000000000000000000e+00
0.000000000000000000e+00
0.000000000000000000e+00
1.220703087104389522e-03
0.000000000000000000e+00
0.000000000000000000e+00
0.000000000000000000e+00
0.000000000000000000e+00
0.000000000000000000e+00
0.000000000000000000e+00
0.000000000000000000e+00
0.000000000000000000e+00
0.000000000000000000e+00
0.000000000000000000e+00
0.000000000000000000e+00
0.000000000000000000e+00
0.000000000000000000e+00
0.000000000000000000e+00
0.000000000000000000e+00
0.000000000000000000e+00
0.000000000000000000e+00
3.012390419957152510e+00
1.500678269864276437e+00
1.494517789827305210e+00
0.000000000000000000e+00
0.000000000000000000e+00
0.000000000000000000e+00
0.000000000000000000e+00
0.000000000000000000e+00
1.437240467635767294e+00
0.000000000000000000e+00
0.000000000000000000e+00
0.000000000000000000e+00
0.000000000000000000e+00
0.000000000000000000e+00
0.000000000000000000e+00
0.000000000000000000e+00
0.000000000000000000e+00
0.000000000000000000e+00
0.000000000000000000e+00
0.000000000000000000e+00
0.000000000000000000e+00
0.000000000000000000e+00
0.000000000000000000e+00
0.000000000000000000e+00
0.000000000000000000e+00
0.000000000000000000e+00
0.000000000000000000e+00
0.000000000000000000e+00
0.000000000000000000e+00
0.000000000000000000e+00
1.042954806385087280e-01
0.000000000000000000e+00
0.000000000000000000e+00
0.000000000000000000e+00
8.239559626510307641e-03
0.000000000000000000e+00
3.051757717760973806e-04
0.000000000000000000e+00
0.000000000000000000e+00
0.000000000000000000e+00
0.000000000000000000e+00
0.000000000000000000e+00
0.000000000000000000e+00
0.000000000000000000e+00
0.000000000000000000e+00
0.000000000000000000e+00
0.000000000000000000e+00
0.000000000000000000e+00
0.000000000000000000e+00
0.000000000000000000e+00
0.000000000000000000e+00
0.000000000000000000e+00
0.000000000000000000e+00
0.000000000000000000e+00
0.000000000000000000e+00
1.506195209978576255e+00
0.000000000000000000e+00
0.000000000000000000e+00
0.000000000000000000e+00
0.000000000000000000e+00
0.000000000000000000e+00
0.000000000000000000e+00
0.000000000000000000e+00
0.000000000000000000e+00
0.000000000000000000e+00
1.405830553902068791e+00
0.000000000000000000e+00
0.000000000000000000e+00
0.000000000000000000e+00
0.000000000000000000e+00
0.000000000000000000e+00
0.000000000000000000e+00
0.000000000000000000e+00
0.000000000000000000e+00
0.000000000000000000e+00
0.000000000000000000e+00
0.000000000000000000e+00
0.000000000000000000e+00
0.000000000000000000e+00
0.000000000000000000e+00
0.000000000000000000e+00
0.000000000000000000e+00
0.000000000000000000e+00
0.000000000000000000e+00
1.549967419239409727e-01
0.000000000000000000e+00
0.000000000000000000e+00
0.000000000000000000e+00
0.000000000000000000e+00
0.000000000000000000e+00
2.441401399378937635e-03
3.051757717760973806e-04
0.000000000000000000e+00
0.000000000000000000e+00
0.000000000000000000e+00
0.000000000000000000e+00
0.000000000000000000e+00
0.000000000000000000e+00
0.000000000000000000e+00
0.000000000000000000e+00
0.000000000000000000e+00
0.000000000000000000e+00
0.000000000000000000e+00
0.000000000000000000e+00
0.000000000000000000e+00
0.000000000000000000e+00
0.000000000000000000e+00
0.000000000000000000e+00
0.000000000000000000e+00
0.000000000000000000e+00
0.000000000000000000e+00
0.000000000000000000e+00
0.000000000000000000e+00
0.000000000000000000e+00
1.487618036407947875e+00
0.000000000000000000e+00
0.000000000000000000e+00
0.000000000000000000e+00
0.000000000000000000e+00
0.000000000000000000e+00
0.000000000000000000e+00
0.000000000000000000e+00
0.000000000000000000e+00
0.000000000000000000e+00
0.000000000000000000e+00
0.000000000000000000e+00
0.000000000000000000e+00
0.000000000000000000e+00
0.000000000000000000e+00
0.000000000000000000e+00
0.000000000000000000e+00
0.000000000000000000e+00
0.000000000000000000e+00
0.000000000000000000e+00
0.000000000000000000e+00
0.000000000000000000e+00
0.000000000000000000e+00
0.000000000000000000e+00
0.000000000000000000e+00
0.000000000000000000e+00
0.000000000000000000e+00
0.000000000000000000e+00
6.582274177809292748e-02
0.000000000000000000e+00
0.000000000000000000e+00
0.000000000000000000e+00
0.000000000000000000e+00
3.051757717760973806e-04
0.000000000000000000e+00
0.000000000000000000e+00
0.000000000000000000e+00
0.000000000000000000e+00
0.000000000000000000e+00
0.000000000000000000e+00
0.000000000000000000e+00
0.000000000000000000e+00
0.000000000000000000e+00
0.000000000000000000e+00
0.000000000000000000e+00
0.000000000000000000e+00
0.000000000000000000e+00
0.000000000000000000e+00
0.000000000000000000e+00
0.000000000000000000e+00
0.000000000000000000e+00
1.519640995800313421e+00
3.031224203472683065e+00
1.511150001924220776e+00
0.000000000000000000e+00
0.000000000000000000e+00
0.000000000000000000e+00
0.000000000000000000e+00
0.000000000000000000e+00
0.000000000000000000e+00
0.000000000000000000e+00
0.000000000000000000e+00
0.000000000000000000e+00
0.000000000000000000e+00
0.000000000000000000e+00
0.000000000000000000e+00
0.000000000000000000e+00
0.000000000000000000e+00
0.000000000000000000e+00
0.000000000000000000e+00
0.000000000000000000e+00
0.000000000000000000e+00
0.000000000000000000e+00
0.000000000000000000e+00
0.000000000000000000e+00
0.000000000000000000e+00
0.000000000000000000e+00
0.000000000000000000e+00
0.000000000000000000e+00
0.000000000000000000e+00
0.000000000000000000e+00
0.000000000000000000e+00
0.000000000000000000e+00
0.000000000000000000e+00
0.000000000000000000e+00
0.000000000000000000e+00
0.000000000000000000e+00
0.000000000000000000e+00
0.000000000000000000e+00
0.000000000000000000e+00
3.051757717760973806e-04
0.000000000000000000e+00
0.000000000000000000e+00
0.000000000000000000e+00
0.000000000000000000e+00
0.000000000000000000e+00
0.000000000000000000e+00
0.000000000000000000e+00
0.000000000000000000e+00
0.000000000000000000e+00
0.000000000000000000e+00
0.000000000000000000e+00
0.000000000000000000e+00
0.000000000000000000e+00
0.000000000000000000e+00
0.000000000000000000e+00
0.000000000000000000e+00
0.000000000000000000e+00
1.523287812427410515e+00
0.000000000000000000e+00
0.000000000000000000e+00
0.000000000000000000e+00
0.000000000000000000e+00
0.000000000000000000e+00
2.989035579654610419e+00
0.000000000000000000e+00
0.000000000000000000e+00
0.000000000000000000e+00
0.000000000000000000e+00
0.000000000000000000e+00
0.000000000000000000e+00
0.000000000000000000e+00
0.000000000000000000e+00
0.000000000000000000e+00
0.000000000000000000e+00
0.000000000000000000e+00
0.000000000000000000e+00
0.000000000000000000e+00
0.000000000000000000e+00
0.000000000000000000e+00
0.000000000000000000e+00
0.000000000000000000e+00
0.000000000000000000e+00
0.000000000000000000e+00
0.000000000000000000e+00
0.000000000000000000e+00
0.000000000000000000e+00
0.000000000000000000e+00
0.000000000000000000e+00
0.000000000000000000e+00
0.000000000000000000e+00
0.000000000000000000e+00
0.000000000000000000e+00
0.000000000000000000e+00
0.000000000000000000e+00
0.000000000000000000e+00
0.000000000000000000e+00
0.000000000000000000e+00
0.000000000000000000e+00
0.000000000000000000e+00
0.000000000000000000e+00
0.000000000000000000e+00
0.000000000000000000e+00
0.000000000000000000e+00
0.000000000000000000e+00
0.000000000000000000e+00
0.000000000000000000e+00
0.000000000000000000e+00
0.000000000000000000e+00
0.000000000000000000e+00
0.000000000000000000e+00
0.000000000000000000e+00
0.000000000000000000e+00
0.000000000000000000e+00
0.000000000000000000e+00
0.000000000000000000e+00
1.526596647263466888e+00
0.000000000000000000e+00
0.000000000000000000e+00
0.000000000000000000e+00
0.000000000000000000e+00
0.000000000000000000e+00
0.000000000000000000e+00
0.000000000000000000e+00
0.000000000000000000e+00
0.000000000000000000e+00
0.000000000000000000e+00
0.000000000000000000e+00
0.000000000000000000e+00
0.000000000000000000e+00
0.000000000000000000e+00
0.000000000000000000e+00
0.000000000000000000e+00
0.000000000000000000e+00
0.000000000000000000e+00
0.000000000000000000e+00
0.000000000000000000e+00
0.000000000000000000e+00
0.000000000000000000e+00
0.000000000000000000e+00
0.000000000000000000e+00
0.000000000000000000e+00
0.000000000000000000e+00
0.000000000000000000e+00
0.000000000000000000e+00
0.000000000000000000e+00
0.000000000000000000e+00
0.000000000000000000e+00
0.000000000000000000e+00
0.000000000000000000e+00
0.000000000000000000e+00
1.042954806385087280e-01
0.000000000000000000e+00
0.000000000000000000e+00
0.000000000000000000e+00
0.000000000000000000e+00
0.000000000000000000e+00
0.000000000000000000e+00
0.000000000000000000e+00
0.000000000000000000e+00
0.000000000000000000e+00
0.000000000000000000e+00
0.000000000000000000e+00
0.000000000000000000e+00
0.000000000000000000e+00
0.000000000000000000e+00
0.000000000000000000e+00
0.000000000000000000e+00
0.000000000000000000e+00
0.000000000000000000e+00
0.000000000000000000e+00
0.000000000000000000e+00
0.000000000000000000e+00
0.000000000000000000e+00
0.000000000000000000e+00
0.000000000000000000e+00
0.000000000000000000e+00
0.000000000000000000e+00
0.000000000000000000e+00
0.000000000000000000e+00
0.000000000000000000e+00
0.000000000000000000e+00
0.000000000000000000e+00
0.000000000000000000e+00
0.000000000000000000e+00
0.000000000000000000e+00
0.000000000000000000e+00
0.000000000000000000e+00
0.000000000000000000e+00
0.000000000000000000e+00
0.000000000000000000e+00
0.000000000000000000e+00
0.000000000000000000e+00
0.000000000000000000e+00
0.000000000000000000e+00
0.000000000000000000e+00
0.000000000000000000e+00
0.000000000000000000e+00
0.000000000000000000e+00
0.000000000000000000e+00
0.000000000000000000e+00
0.000000000000000000e+00
0.000000000000000000e+00
0.000000000000000000e+00
0.000000000000000000e+00
0.000000000000000000e+00
0.000000000000000000e+00
0.000000000000000000e+00
0.000000000000000000e+00
0.000000000000000000e+00
0.000000000000000000e+00
0.000000000000000000e+00
0.000000000000000000e+00
0.000000000000000000e+00
0.000000000000000000e+00
0.000000000000000000e+00
0.000000000000000000e+00
0.000000000000000000e+00
0.000000000000000000e+00
0.000000000000000000e+00
0.000000000000000000e+00
0.000000000000000000e+00
0.000000000000000000e+00
0.000000000000000000e+00
0.000000000000000000e+00
0.000000000000000000e+00
0.000000000000000000e+00
0.000000000000000000e+00
0.000000000000000000e+00
0.000000000000000000e+00
0.000000000000000000e+00
0.000000000000000000e+00
0.000000000000000000e+00
0.000000000000000000e+00
0.000000000000000000e+00
0.000000000000000000e+00
1.529605657132143248e+00
0.000000000000000000e+00
0.000000000000000000e+00
0.000000000000000000e+00
0.000000000000000000e+00
0.000000000000000000e+00
0.000000000000000000e+00
0.000000000000000000e+00
0.000000000000000000e+00
0.000000000000000000e+00
0.000000000000000000e+00
0.000000000000000000e+00
0.000000000000000000e+00
0.000000000000000000e+00
0.000000000000000000e+00
0.000000000000000000e+00
0.000000000000000000e+00
0.000000000000000000e+00
0.000000000000000000e+00
0.000000000000000000e+00
0.000000000000000000e+00
0.000000000000000000e+00
0.000000000000000000e+00
0.000000000000000000e+00
0.000000000000000000e+00
0.000000000000000000e+00
0.000000000000000000e+00
0.000000000000000000e+00
0.000000000000000000e+00
0.000000000000000000e+00
0.000000000000000000e+00
0.000000000000000000e+00
0.000000000000000000e+00
0.000000000000000000e+00
0.000000000000000000e+00
0.000000000000000000e+00
0.000000000000000000e+00
0.000000000000000000e+00
0.000000000000000000e+00
0.000000000000000000e+00
0.000000000000000000e+00
0.000000000000000000e+00
3.051757717760973806e-04
0.000000000000000000e+00
0.000000000000000000e+00
0.000000000000000000e+00
0.000000000000000000e+00
0.000000000000000000e+00
0.000000000000000000e+00
0.000000000000000000e+00
0.000000000000000000e+00
0.000000000000000000e+00
0.000000000000000000e+00
0.000000000000000000e+00
0.000000000000000000e+00
0.000000000000000000e+00
0.000000000000000000e+00
0.000000000000000000e+00
0.000000000000000000e+00
0.000000000000000000e+00
1.534852417784438039e+00
0.000000000000000000e+00
0.000000000000000000e+00
1.526596647263466888e+00
0.000000000000000000e+00
0.000000000000000000e+00
0.000000000000000000e+00
0.000000000000000000e+00
0.000000000000000000e+00
0.000000000000000000e+00
0.000000000000000000e+00
0.000000000000000000e+00
0.000000000000000000e+00
0.000000000000000000e+00
0.000000000000000000e+00
0.000000000000000000e+00
0.000000000000000000e+00
0.000000000000000000e+00
0.000000000000000000e+00
0.000000000000000000e+00
0.000000000000000000e+00
0.000000000000000000e+00
0.000000000000000000e+00
0.000000000000000000e+00
0.000000000000000000e+00
0.000000000000000000e+00
0.000000000000000000e+00
0.000000000000000000e+00
0.000000000000000000e+00
0.000000000000000000e+00
0.000000000000000000e+00
0.000000000000000000e+00
0.000000000000000000e+00
0.000000000000000000e+00
0.000000000000000000e+00
0.000000000000000000e+00
0.000000000000000000e+00
0.000000000000000000e+00
0.000000000000000000e+00
0.000000000000000000e+00
0.000000000000000000e+00
0.000000000000000000e+00
0.000000000000000000e+00
0.000000000000000000e+00
6.103515435521947611e-04
0.000000000000000000e+00
0.000000000000000000e+00
0.000000000000000000e+00
0.000000000000000000e+00
0.000000000000000000e+00
0.000000000000000000e+00
0.000000000000000000e+00
0.000000000000000000e+00
0.000000000000000000e+00
0.000000000000000000e+00
0.000000000000000000e+00
0.000000000000000000e+00
0.000000000000000000e+00
0.000000000000000000e+00
0.000000000000000000e+00
0.000000000000000000e+00
0.000000000000000000e+00
0.000000000000000000e+00
1.534852417784438039e+00
0.000000000000000000e+00
1.529605657132143248e+00
0.000000000000000000e+00
0.000000000000000000e+00
1.519640995800313421e+00
0.000000000000000000e+00
0.000000000000000000e+00
0.000000000000000000e+00
0.000000000000000000e+00
0.000000000000000000e+00
0.000000000000000000e+00
0.000000000000000000e+00
0.000000000000000000e+00
0.000000000000000000e+00
0.000000000000000000e+00
0.000000000000000000e+00
0.000000000000000000e+00
0.000000000000000000e+00
0.000000000000000000e+00
0.000000000000000000e+00
0.000000000000000000e+00
0.000000000000000000e+00
0.000000000000000000e+00
0.000000000000000000e+00
0.000000000000000000e+00
0.000000000000000000e+00
0.000000000000000000e+00
0.000000000000000000e+00
0.000000000000000000e+00
0.000000000000000000e+00
0.000000000000000000e+00
0.000000000000000000e+00
0.000000000000000000e+00
0.000000000000000000e+00
0.000000000000000000e+00
0.000000000000000000e+00
0.000000000000000000e+00
0.000000000000000000e+00
0.000000000000000000e+00
0.000000000000000000e+00
0.000000000000000000e+00
0.000000000000000000e+00
0.000000000000000000e+00
3.051757717760973806e-04
0.000000000000000000e+00
0.000000000000000000e+00
0.000000000000000000e+00
0.000000000000000000e+00
0.000000000000000000e+00
0.000000000000000000e+00
0.000000000000000000e+00
0.000000000000000000e+00
0.000000000000000000e+00
0.000000000000000000e+00
0.000000000000000000e+00
0.000000000000000000e+00
0.000000000000000000e+00
0.000000000000000000e+00
0.000000000000000000e+00
0.000000000000000000e+00
0.000000000000000000e+00
0.000000000000000000e+00
1.537144204738476017e+00
1.534852417784438039e+00
0.000000000000000000e+00
0.000000000000000000e+00
0.000000000000000000e+00
0.000000000000000000e+00
0.000000000000000000e+00
0.000000000000000000e+00
0.000000000000000000e+00
0.000000000000000000e+00
0.000000000000000000e+00
0.000000000000000000e+00
0.000000000000000000e+00
0.000000000000000000e+00
0.000000000000000000e+00
0.000000000000000000e+00
0.000000000000000000e+00
0.000000000000000000e+00
0.000000000000000000e+00
0.000000000000000000e+00
0.000000000000000000e+00
0.000000000000000000e+00
0.000000000000000000e+00
0.000000000000000000e+00
0.000000000000000000e+00
0.000000000000000000e+00
0.000000000000000000e+00
0.000000000000000000e+00
0.000000000000000000e+00
0.000000000000000000e+00
0.000000000000000000e+00
0.000000000000000000e+00
0.000000000000000000e+00
0.000000000000000000e+00
0.000000000000000000e+00
0.000000000000000000e+00
0.000000000000000000e+00
0.000000000000000000e+00
0.000000000000000000e+00
0.000000000000000000e+00
0.000000000000000000e+00
0.000000000000000000e+00
0.000000000000000000e+00
0.000000000000000000e+00
0.000000000000000000e+00
0.000000000000000000e+00
0.000000000000000000e+00
