# pd_vector
0.000000000000000000e+00
0.000000000000000000e+00
0.000000000000000000e+00
0.000000000000000000e+00
0.000000000000000000e+00
0.000000000000000000e+00
0.000000000000000000e+00
0.000000000000000000e+00
0.000000000000000000e+00
0.000000000000000000e+00
0.000000000000000000e+00
0.000000000000000000e+00
0.000000000000000000e+00
6.713866979074142698e-03
0.000000000000000000e+00
0.000000000000000000e+00
0.000000000000000000e+00
0.000000000000000000e+00
0.000000000000000000e+00
7.446288831336776715e-02
0.000000000000000000e+00
0.000000000000000000e+00
0.000000000000000000e+00
0.000000000000000000e+00
0.000000000000000000e+00
0.000000000000000000e+00
7.650756598426761146e-01
0.000000000000000000e+00
0.000000000000000000e+00
0.000000000000000000e+00
0.000000000000000000e+00
0.000000000000000000e+00
0.000000000000000000e+00
0.000000000000000000e+00
1.824645939449286214e+00
0.000000000000000000e+00
0.000000000000000000e+00
0.000000000000000000e+00
0.000000000000000000e+00
0.000000000000000000e+00
0.000000000000000000e+00
0.000000000000000000e+00
4.956044840739243229e-01
7.204284444318330927e+00
0.000000000000000000e+00
0.000000000000000000e+00
0.000000000000000000e+00
0.000000000000000000e+00
0.000000000000000000e+00
0.000000000000000000e+00
0.000000000000000000e+00
2.471867887953092119e-02
3.012689326833609016e+00
1.180267297344056665e+01
0.000000000000000000e+00
0.000000000000000000e+00
0.000000000000000000e+00
0.000000000000000000e+00
0.000000000000000000e+00
0.000000000000000000e+00
0.000000000000000000e+00
0.000000000000000000e+00
6.014878527352524040e-01
6.164538533431817235e+00
1.310485799160917431e+01
0.000000000000000000e+00
0.000000000000000000e+00
0.000000000000000000e+00
0.000000000000000000e+00
0.000000000000000000e+00
0.000000000000000000e+00
0.000000000000000000e+00
0.000000000000000000e+00
7.811506816565483291e-02
2.644898640109808685e+00
9.538555267373508784e+00
1.344543415291129840e+01
0.000000000000000000e+00
0.000000000000000000e+00
0.000000000000000000e+00
0.000000000000000000e+00
0.000000000000000000e+00
0.000000000000000000e+00
0.000000000000000000e+00
0.000000000000000000e+00
0.000000000000000000e+00
5.858630112424112468e-01
5.899524692581380236e+00
1.324216119023135718e+01
1.287200887774401181e+01
0.000000000000000000e+00
0.000000000000000000e+00
0.000000000000000000e+00
0.000000000000000000e+00
0.000000000000000000e+00
0.000000000000000000e+00
0.000000000000000000e+00
0.000000000000000000e+00
0.000000000000000000e+00
1.143854552348113895e-01
3.026958891419124775e+00
1.283723389810305981e+01
1.616451866528794667e+01
1.185089074538118936e+01
0.000000000000000000e+00
0.000000000000000000e+00
0.000000000000000000e+00
0.000000000000000000e+00
0.000000000000000000e+00
0.000000000000000000e+00
0.000000000000000000e+00
0.000000000000000000e+00
0.000000000000000000e+00
6.582274177809292748e-02
1.715781828522170871e+00
1.068223557165329751e+01
2.007156725017911114e+01
1.843746336810973574e+01
1.047698942084519835e+01
0.000000000000000000e+00
0.000000000000000000e+00
0.000000000000000000e+00
0.000000000000000000e+00
0.000000000000000000e+00
0.000000000000000000e+00
0.000000000000000000e+00
0.000000000000000000e+00
0.000000000000000000e+00
0.000000000000000000e+00
6.582274177809293025e-01
7.015641254401765003e+00
2.210656429088031771e+01
2.582277986948330550e+01
1.835689712193023126e+01
9.086303428861523201e+00
0.000000000000000000e+00
0.000000000000000000e+00
0.000000000000000000e+00
0.000000000000000000e+00
0.000000000000000000e+00
0.000000000000000000e+00
0.000000000000000000e+00
0.000000000000000000e+00
0.000000000000000000e+00
0.000000000000000000e+00
4.171819225540349119e-01
4.870882891578876439e+00
1.997932618101372171e+01
3.218340808424979116e+01
2.796506537237598522e+01
1.728756330900225890e+01
7.592773201789302817e+00
0.000000000000000000e+00
0.000000000000000000e+00
0.000000000000000000e+00
0.000000000000000000e+00
0.000000000000000000e+00
0.000000000000000000e+00
0.000000000000000000e+00
0.000000000000000000e+00
0.000000000000000000e+00
0.000000000000000000e+00
1.549967419239409727e-01
3.128864419155261700e+00
1.507340786718328118e+01
3.366745232411281563e+01
4.022926010531223540e+01
2.944818610514784041e+01
1.483639630402580423e+01
6.277770801206099094e+00
0.000000000000000000e+00
0.000000000000000000e+00
0.000000000000000000e+00
0.000000000000000000e+00
0.000000000000000000e+00
0.000000000000000000e+00
0.000000000000000000e+00
0.000000000000000000e+00
0.000000000000000000e+00
0.000000000000000000e+00
0.000000000000000000e+00
1.084977193467586698e+00
1.251545767662104680e+01
3.784807652240343145e+01
4.903323181065581338e+01
4.128381352554858097e+01
2.678680834578501191e+01
1.303952487408290573e+01
5.105895837585885388e+00
0.000000000000000000e+00
0.000000000000000000e+00
0.000000000000000000e+00
0.000000000000000000e+00
0.000000000000000000e+00
0.000000000000000000e+00
0.000000000000000000e+00
0.000000000000000000e+00
0.000000000000000000e+00
0.000000000000000000e+00
0.000000000000000000e+00
8.756321894589568222e-01
8.679817547740693584e+00
3.358314476559981188e+01
5.884553114961507703e+01
5.433309123653540951e+01
3.796392312850824879e+01
2.298837135796375719e+01
1.043210817954620140e+01
4.130859246761254155e+00
0.000000000000000000e+00
0.000000000000000000e+00
0.000000000000000000e+00
0.000000000000000000e+00
0.000000000000000000e+00
0.000000000000000000e+00
0.000000000000000000e+00
0.000000000000000000e+00
0.000000000000000000e+00
0.000000000000000000e+00
0.000000000000000000e+00
1.184793709890269886e+00
7.005057515671654578e+00
2.867439725592907962e+01
5.558949118032515457e+01
6.272907291452256118e+01
5.509566093810082066e+01
3.356995054419016355e+01
1.918993437014250603e+01
8.696271784587775500e+00
3.395385636780859251e+00
0.000000000000000000e+00
0.000000000000000000e+00
0.000000000000000000e+00
0.000000000000000000e+00
0.000000000000000000e+00
0.000000000000000000e+00
0.000000000000000000e+00
0.000000000000000000e+00
0.000000000000000000e+00
0.000000000000000000e+00
0.000000000000000000e+00
3.858302793476471870e-01
4.146777984615944490e+00
2.648787373113344401e+01
5.579882709261875107e+01
6.998226750843934951e+01
6.259742743096637696e+01
4.636423785517688145e+01
2.962513960182459627e+01
1.564692373074307419e+01
6.884751946248604426e+00
2.704772865251551028e+00
0.000000000000000000e+00
0.000000000000000000e+00
0.000000000000000000e+00
0.000000000000000000e+00
0.000000000000000000e+00
0.000000000000000000e+00
0.000000000000000000e+00
0.000000000000000000e+00
0.000000000000000000e+00
0.000000000000000000e+00
0.000000000000000000e+00
0.000000000000000000e+00
4.244133072824118891e+00
1.925289778571688615e+01
5.166229917807845595e+01
7.656839051042683764e+01
7.936886076590513994e+01
5.871388566605889281e+01
4.064496509343631203e+01
2.273148483620555638e+01
1.271364050370540433e+01
5.522449965395156646e+00
2.121276789615652802e+00
0.000000000000000000e+00
0.000000000000000000e+00
0.000000000000000000e+00
0.000000000000000000e+00
0.000000000000000000e+00
0.000000000000000000e+00
0.000000000000000000e+00
0.000000000000000000e+00
0.000000000000000000e+00
0.000000000000000000e+00
0.000000000000000000e+00
0.000000000000000000e+00
2.911695381355327683e+00
1.196073865977706241e+01
4.087538299121430896e+01
7.639890853029397988e+01
8.710816896125483311e+01
6.768776693439215819e+01
4.963034730068206812e+01
3.195167049559064765e+01
1.831798348484606009e+01
9.351900176089198879e+00
4.501944180454761302e+00
1.668701120071700572e+00
0.000000000000000000e+00
0.000000000000000000e+00
0.000000000000000000e+00
0.000000000000000000e+00
0.000000000000000000e+00
0.000000000000000000e+00
0.000000000000000000e+00
0.000000000000000000e+00
0.000000000000000000e+00
0.000000000000000000e+00
0.000000000000000000e+00
0.000000000000000000e+00
1.181263764758946122e+00
1.164678152542131073e+01
4.707129408041295449e+01
8.708233767693484140e+01
9.216028794055520734e+01
8.571319828393936291e+01
5.412935445138602830e+01
4.179744102908900771e+01
2.501228621134542252e+01
1.495903555372290050e+01
7.885258562570364838e+00
3.481438395514365070e+00
1.348266559706798207e+00
0.000000000000000000e+00
0.000000000000000000e+00
0.000000000000000000e+00
0.000000000000000000e+00
0.000000000000000000e+00
0.000000000000000000e+00
0.000000000000000000e+00
0.000000000000000000e+00
0.000000000000000000e+00
0.000000000000000000e+00
0.000000000000000000e+00
0.000000000000000000e+00
0.000000000000000000e+00
6.496950706174203560e+00
2.669054099575717132e+01
7.678022559018178583e+01
1.042618464703437553e+02
9.763298912467368496e+01
6.850855993038190661e+01
4.317832898434261324e+01
3.198985250415316273e+01
1.887360011374387980e+01
1.122904104881288134e+01
5.899524692581380236e+00
2.653803321124905246e+00
1.079406704772056358e+00
0.000000000000000000e+00
0.000000000000000000e+00
0.000000000000000000e+00
0.000000000000000000e+00
0.000000000000000000e+00
0.000000000000000000e+00
0.000000000000000000e+00
0.000000000000000000e+00
0.000000000000000000e+00
0.000000000000000000e+00
0.000000000000000000e+00
0.000000000000000000e+00
1.600320024712511335e+00
4.879944012076633975e+00
2.303464341279945060e+01
8.201275324150839197e+01
1.172924049216847493e+02
1.045580448978163162e+02
7.158293148826972185e+01
5.734879451185815924e+01
3.869362331688673606e+01
2.237973220455159407e+01
1.452695281482104583e+01
8.612186265263446217e+00
4.993173133665246510e+00
2.102046604865265511e+00
8.459472393633419296e-01
0.000000000000000000e+00
0.000000000000000000e+00
0.000000000000000000e+00
0.000000000000000000e+00
0.000000000000000000e+00
0.000000000000000000e+00
0.000000000000000000e+00
0.000000000000000000e+00
0.000000000000000000e+00
0.000000000000000000e+00
0.000000000000000000e+00
0.000000000000000000e+00
0.000000000000000000e+00
4.000800061781278671e+00
1.882264118943844622e+01
6.083508388508572295e+01
9.705651271184424900e+01
1.130482718488606224e+02
7.671539271539496951e+01
6.282660959368015341e+01
4.355408448062741655e+01
2.941132554005946176e+01
1.737720382941653341e+01
1.101913218762016378e+01
6.835068464494797880e+00
3.716041391556148543e+00
1.643063141782024950e+00
6.549072062315050013e-01
0.000000000000000000e+00
0.000000000000000000e+00
0.000000000000000000e+00
0.000000000000000000e+00
0.000000000000000000e+00
0.000000000000000000e+00
0.000000000000000000e+00
0.000000000000000000e+00
0.000000000000000000e+00
0.000000000000000000e+00
0.000000000000000000e+00
0.000000000000000000e+00
0.000000000000000000e+00
8.960553845713439269e-01
1.920384029655013691e+01
4.949657497963443120e+01
9.154794176881831902e+01
1.096738593643840147e+02
9.838672123365003586e+01
7.197621787583389619e+01
4.027908071511201626e+01
3.363429299749519430e+01
2.190205093408683368e+01
1.441518044940235121e+01
8.464523687376042105e+00
4.862662993312013349e+00
2.933283227037669416e+00
1.298825544469594861e+00
5.328368975210659997e-01
0.000000000000000000e+00
0.000000000000000000e+00
0.000000000000000000e+00
0.000000000000000000e+00
0.000000000000000000e+00
0.000000000000000000e+00
0.000000000000000000e+00
0.000000000000000000e+00
0.000000000000000000e+00
0.000000000000000000e+00
0.000000000000000000e+00
0.000000000000000000e+00
0.000000000000000000e+00
9.825870786883099672e-01
1.433688615314150283e+01
5.601120086493789785e+01
1.087530379834221321e+02
1.116294257697204131e+02
9.074783938557438034e+01
7.755188614887708809e+01
5.035373267033646982e+01
3.655764390991144808e+01
2.092456015973203165e+01
1.564432209577630850e+01
1.125568884405389092e+01
5.948043672210192589e+00
4.081512311655465020e+00
1.993973429615494508e+00
1.186521080098163594e+00
4.208373892792383053e-01
0.000000000000000000e+00
0.000000000000000000e+00
0.000000000000000000e+00
0.000000000000000000e+00
0.000000000000000000e+00
0.000000000000000000e+00
0.000000000000000000e+00
0.000000000000000000e+00
0.000000000000000000e+00
0.000000000000000000e+00
0.000000000000000000e+00
0.000000000000000000e+00
0.000000000000000000e+00
0.000000000000000000e+00
6.878109550818169993e+00
3.494615999828241115e+01
9.361872144568191345e+01
1.129358471366306702e+02
9.154794176881831902e+01
7.813049273303462883e+01
5.054376659454177911e+01
3.613620815165322853e+01
2.889586225214557658e+01
1.549967419239409772e+01
1.314123056045209914e+01
8.491133689373986826e+00
5.604887306505758282e+00
3.144131493667607025e+00
1.853900915964819207e+00
9.033185177702068858e-01
3.503417859989598204e-01
0.000000000000000000e+00
0.000000000000000000e+00
0.000000000000000000e+00
0.000000000000000000e+00
0.000000000000000000e+00
0.000000000000000000e+00
0.000000000000000000e+00
0.000000000000000000e+00
0.000000000000000000e+00
0.000000000000000000e+00
0.000000000000000000e+00
0.000000000000000000e+00
0.000000000000000000e+00
2.250233972914781333e+00
6.353333631451373975e+00
2.554726404589606048e+01
9.408581537999111788e+01
1.200240018534383495e+02
1.073587682656859528e+02
7.441961717981359925e+01
5.095466917371823712e+01
3.048059206846412650e+01
2.636166004505850324e+01
2.057735645228548549e+01
1.317472306353498190e+01
8.552229412357716498e+00
6.055692243584549495e+00
4.422904269079373840e+00
2.187221908638335321e+00
1.450162494265814228e+00
6.884751946248603982e-01
2.725219641960549555e-01
0.000000000000000000e+00
0.000000000000000000e+00
0.000000000000000000e+00
0.000000000000000000e+00
0.000000000000000000e+00
0.000000000000000000e+00
0.000000000000000000e+00
0.000000000000000000e+00
0.000000000000000000e+00
0.000000000000000000e+00
0.000000000000000000e+00
0.000000000000000000e+00
0.000000000000000000e+00
1.182041580245927204e+00
2.250233972914781333e+00
2.964889028010641070e+01
5.699005056392197588e+01
9.050159384170574128e+01
8.001600123562556632e+01
6.901635102794097065e+01
5.020371000225520675e+01
4.124901790253380796e+01
2.932310123042118732e+01
1.747570722088148187e+01
1.335339088924909134e+01
8.989811031588576640e+00
7.613570086611137100e+00
5.397464825803620414e+00
2.974021836105096295e+00
2.206750675679749030e+00
1.194736145843994679e+00
5.786121316528082259e-01
2.285766530602969249e-01
0.000000000000000000e+00
0.000000000000000000e+00
0.000000000000000000e+00
0.000000000000000000e+00
0.000000000000000000e+00
0.000000000000000000e+00
0.000000000000000000e+00
0.000000000000000000e+00
0.000000000000000000e+00
0.000000000000000000e+00
0.000000000000000000e+00
0.000000000000000000e+00
0.000000000000000000e+00
0.000000000000000000e+00
0.000000000000000000e+00
1.800187178331825066e+01
5.082666905161099180e+01
8.253731460981803991e+01
9.408581537999111788e+01
7.841568121091304988e+01
6.343927215699623900e+01
4.311612741370153401e+01
2.474941074152028619e+01
1.929151396738236102e+01
1.866050093077175021e+01
1.006977017877800407e+01
9.609797999284340975e+00
4.484705667455875400e+00
3.554428056017018278e+00
2.821507895792014331e+00
1.542772596271682950e+00
9.475493570486853701e-01
5.102528924701980051e-01
1.748657172277038041e-01
0.000000000000000000e+00
0.000000000000000000e+00
0.000000000000000000e+00
0.000000000000000000e+00
0.000000000000000000e+00
0.000000000000000000e+00
0.000000000000000000e+00
0.000000000000000000e+00
0.000000000000000000e+00
0.000000000000000000e+00
0.000000000000000000e+00
0.000000000000000000e+00
0.000000000000000000e+00
0.000000000000000000e+00
1.230715447488967884e+00
2.127674844442669055e+01
5.288049836349735955e+01
9.212333765604491020e+01
7.762437921637648230e+01
5.197121230513794643e+01
4.960992076608785339e+01
3.485674294340452661e+01
2.775969847183523243e+01
2.377884561440184186e+01
1.041741754238647388e+01
1.392132609121067155e+01
9.413046036683786255e+00
4.959895741566111127e+00
3.754637302986314040e+00
2.435441445789438220e+00
1.639524858365629889e+00
1.308427391774718451e+00
5.438109353496802800e-01
3.564446043093248973e-01
1.284789999177370079e-01
0.000000000000000000e+00
0.000000000000000000e+00
0.000000000000000000e+00
0.000000000000000000e+00
0.000000000000000000e+00
0.000000000000000000e+00
0.000000000000000000e+00
0.000000000000000000e+00
0.000000000000000000e+00
0.000000000000000000e+00
0.000000000000000000e+00
0.000000000000000000e+00
0.000000000000000000e+00
0.000000000000000000e+00
2.544510319364658990e+00
1.107643902740071162e+01
5.673799585180450578e+01
9.113447590304863866e+01
7.518111463884125101e+01
5.305970224916873690e+01
5.824359999713735192e+01
4.000800061781278316e+01
3.206820350793216789e+01
1.949085211852261068e+01
1.067621639830286817e+01
1.118907810108176903e+01
1.036694496153986123e+01
7.661781657765872389e+00
4.029915290022465513e+00
3.024568938516753125e+00
1.974682253342787908e+00
1.830167283756982233e+00
9.569095850292717031e-01
6.179669719882731060e-01
3.100579777211250887e-01
1.101684536111711549e-01
0.000000000000000000e+00
0.000000000000000000e+00
0.000000000000000000e+00
0.000000000000000000e+00
0.000000000000000000e+00
0.000000000000000000e+00
0.000000000000000000e+00
0.000000000000000000e+00
0.000000000000000000e+00
0.000000000000000000e+00
0.000000000000000000e+00
0.000000000000000000e+00
0.000000000000000000e+00
0.000000000000000000e+00
0.000000000000000000e+00
1.272255159682329406e+01
3.322931708220212954e+01
6.974045323450970102e+01
7.875818905201734310e+01
7.094555888454033266e+01
4.814676685572718640e+01
3.584221538285375885e+01
2.880576044482520359e+01
1.463983203622990104e+01
1.417516517710735258e+01
1.116149896186209034e+01
1.003158726303882631e+01
7.108762259341618872e+00
4.815977042024262467e+00
3.874918548098524429e+00
2.815977977239735530e+00
1.579745802674230148e+00
1.143854552348113840e+00
7.420931475737209126e-01
3.625406235664535570e-01
2.172847245447254438e-01
9.613036810947067634e-02
0.000000000000000000e+00
0.000000000000000000e+00
0.000000000000000000e+00
0.000000000000000000e+00
0.000000000000000000e+00
0.000000000000000000e+00
0.000000000000000000e+00
0.000000000000000000e+00
0.000000000000000000e+00
0.000000000000000000e+00
0.000000000000000000e+00
0.000000000000000000e+00
0.000000000000000000e+00
0.000000000000000000e+00
0.000000000000000000e+00
5.230878627181762219e+00
2.290059287428193002e+01
6.030505692695942344e+01
5.673799585180450578e+01
6.750701918744343288e+01
2.964889028010641070e+01
3.439054775409084641e+01
3.315404922913972285e+01
1.520304023476885824e+01
1.742837147170226331e+01
1.240326952996893439e+01
1.213206408898053112e+01
6.559114748910002568e+00
3.850579557143376963e+00
3.064712663106349044e+00
4.339908773870346792e+00
1.460136728939122275e+00
1.316454835561858605e+00
8.006981866436797546e-01
6.444493123666523715e-01
3.543010639399432060e-01
1.831051049534203334e-01
7.049560328027849876e-02
0.000000000000000000e+00
0.000000000000000000e+00
0.000000000000000000e+00
0.000000000000000000e+00
0.000000000000000000e+00
0.000000000000000000e+00
0.000000000000000000e+00
0.000000000000000000e+00
0.000000000000000000e+00
0.000000000000000000e+00
0.000000000000000000e+00
0.000000000000000000e+00
0.000000000000000000e+00
0.000000000000000000e+00
2.728153838002840281e+00
1.338054815040071732e+00
3.007755210629513343e+01
5.089020638729317625e+01
5.292076424202561924e+01
4.373553846909930343e+01
3.937909452600867155e+01
2.435444558723026631e+01
2.063432865245450998e+01
1.254477538399881453e+01
1.600320024712511469e+01
9.759888024153267949e+00
5.315686941415257216e+00
4.852825635592212805e+00
3.086642234781177496e+00
3.258182702198242353e+00
2.407988521012131233e+00
2.169954386935173396e+00
8.343638451080698237e-01
1.250632093783765608e+00
8.388266717219501345e-01
5.858630112424112468e-01
3.048637061808813775e-01
1.489254853621151953e-01
5.676269355035411246e-02
0.000000000000000000e+00
0.000000000000000000e+00
0.000000000000000000e+00
0.000000000000000000e+00
0.000000000000000000e+00
0.000000000000000000e+00
0.000000000000000000e+00
0.000000000000000000e+00
0.000000000000000000e+00
0.000000000000000000e+00
0.000000000000000000e+00
0.000000000000000000e+00
0.000000000000000000e+00
0.000000000000000000e+00
0.000000000000000000e+00
8.184461514008521732e+00
1.873276741056100292e+01
4.053930936065865609e+01
4.580118574856386005e+01
4.430575610960284649e+01
3.309716424688595993e+01
2.362745671560520577e+01
1.694222301720366275e+01
9.825870786883099228e+00
1.254477538399881453e+01
1.200240018534383424e+01
3.485674294340452839e+00
4.725055059035784488e+00
3.396977944914548964e+00
6.944945028257649255e+00
2.073388992307972245e+00
1.532356331553174522e+00
2.014957645011232756e+00
7.300683644695611374e-01
9.215183848933009569e-01
7.244412164871387727e-01
3.319890397040330399e-01
2.389472291687989303e-01
9.521465457577857339e-02
4.974365079950387319e-02
0.000000000000000000e+00
0.000000000000000000e+00
0.000000000000000000e+00
0.000000000000000000e+00
0.000000000000000000e+00
0.000000000000000000e+00
0.000000000000000000e+00
0.000000000000000000e+00
0.000000000000000000e+00
0.000000000000000000e+00
0.000000000000000000e+00
0.000000000000000000e+00
0.000000000000000000e+00
0.000000000000000000e+00
1.405830553902068791e+00
5.545905564856348668e+00
3.273784605603408693e+01
6.690274075200358084e+01
3.661615039027233820e+01
4.961795122761085253e+01
3.692146342466903519e+01
1.654858212344297996e+01
2.250233972914781333e+01
1.376555620147797576e+01
1.080845786557140897e+01
5.376332307428063118e+00
4.000800061781278671e+00
6.274213729812815110e+00
1.771895647138419072e+00
3.396977944914548964e+00
2.700811955433530365e+00
4.739174839561079544e+00
2.189080473647392111e+00
2.014957645011232756e+00
1.042954806385087307e+00
7.240501595590221884e-01
6.100557612523274109e-01
3.319890397040330399e-01
1.647911925302061598e-01
1.123044643714311286e-01
4.486083845108631424e-02
0.000000000000000000e+00
0.000000000000000000e+00
0.000000000000000000e+00
0.000000000000000000e+00
0.000000000000000000e+00
0.000000000000000000e+00
0.000000000000000000e+00
0.000000000000000000e+00
0.000000000000000000e+00
0.000000000000000000e+00
0.000000000000000000e+00
0.000000000000000000e+00
0.000000000000000000e+00
0.000000000000000000e+00
0.000000000000000000e+00
0.000000000000000000e+00
1.663771669456904689e+01
4.092230757004260511e+01
5.084608297152272627e+01
3.530843073347689653e+01
2.671735835332891895e+01
1.846073171233451760e+01
1.182041580245927292e+01
7.875818905201734665e+00
5.294444692876144387e+00
2.947761236064930124e+00
5.376332307428063118e+00
2.400480037068767114e+00
3.485674294340452839e+00
3.543791294276838144e+00
3.882260508473770244e+00
7.716605586952943741e-01
8.885952824177023590e-01
1.532356331553174522e+00
3.099934838478819454e-01
8.343638451080698237e-01
3.949364506685575371e-01
3.812848507827046318e-01
2.929315056212056234e-01
1.318329540241649223e-01
7.568344338074706190e-02
3.082275294938583571e-02
0.000000000000000000e+00
0.000000000000000000e+00
0.000000000000000000e+00
0.000000000000000000e+00
0.000000000000000000e+00
0.000000000000000000e+00
0.000000000000000000e+00
0.000000000000000000e+00
0.000000000000000000e+00
0.000000000000000000e+00
0.000000000000000000e+00
0.000000000000000000e+00
0.000000000000000000e+00
0.000000000000000000e+00
0.000000000000000000e+00
1.422619279714792961e+00
1.546413609292275737e+01
2.079714586821130595e+01
4.092230757004260511e+01
4.014164445120215419e+01
2.615439313590881198e+01
8.905786117776306909e+00
9.845723579911743073e+00
9.456332641967417629e+00
5.625584932286953332e+00
6.353333631451373975e+00
2.947761236064930124e+00
2.688166153714031559e+00
4.800960074137534228e+00
3.485674294340452839e+00
4.134423176656311760e+00
1.941130254236885122e+00
1.543321117390588748e+00
1.184793709890269886e+00
6.567241420942175889e-01
1.084977193467586698e+00
5.214774031925436537e-01
5.924046760028363057e-01
3.050278806261637055e-01
2.343452044969644987e-01
1.400725136506752178e-01
6.103503498447344217e-02
2.349853442675949727e-02
0.000000000000000000e+00
0.000000000000000000e+00
0.000000000000000000e+00
0.000000000000000000e+00
0.000000000000000000e+00
0.000000000000000000e+00
0.000000000000000000e+00
0.000000000000000000e+00
0.000000000000000000e+00
0.000000000000000000e+00
0.000000000000000000e+00
0.000000000000000000e+00
0.000000000000000000e+00
0.000000000000000000e+00
0.000000000000000000e+00
0.000000000000000000e+00
1.280357351743313643e+01
3.795742495535585448e+01
3.327543338913809379e+01
2.046115378502130255e+01
1.471860296544078928e+01
1.046175725436352444e+01
5.089020638729317980e+00
3.692146342466903874e+00
1.182041580245927292e+01
9.000935891659125332e+00
1.058888938575228922e+00
1.965174157376619934e+00
2.688166153714031559e+00
3.200640049425022671e+00
1.394269717736181136e+00
5.906318823794730610e-01
2.911695381355327683e+00
3.858302793476471870e-01
2.961984274725674715e-01
1.313448284188435178e+00
3.099934838478819454e-01
4.171819225540349119e-01
3.291137088904646513e-01
2.287709104696227791e-01
1.952876704141370823e-01
9.887471551812368475e-02
4.394522518882088002e-02
2.471923751386388701e-02
0.000000000000000000e+00
0.000000000000000000e+00
0.000000000000000000e+00
0.000000000000000000e+00
0.000000000000000000e+00
0.000000000000000000e+00
0.000000000000000000e+00
0.000000000000000000e+00
0.000000000000000000e+00
0.000000000000000000e+00
0.000000000000000000e+00
0.000000000000000000e+00
0.000000000000000000e+00
0.000000000000000000e+00
0.000000000000000000e+00
1.450024003277625040e+00
1.006068327345037083e+01
3.983333983201420381e+01
2.389911941633516790e+01
2.634305143306765729e+01
2.046115378502130255e+01
6.690274075200358439e+00
5.230878627181762219e+00
3.816765479046988485e+00
3.692146342466903874e+00
7.092249481475563222e+00
1.125116986457390666e+00
3.176666815725686988e+00
0.000000000000000000e+00
8.960553845713439269e-01
8.001600123562556677e-01
0.000000000000000000e+00
1.181263764758946122e+00
1.941130254236885122e+00
3.858302793476471870e-01
5.923968549451349430e-01
4.378160947294784111e-01
3.099934838478819454e-01
2.085909612770174559e-01
3.949364506685575371e-01
2.668993955478932145e-01
2.148164374555507905e-01
7.415603663859277050e-02
4.150382378944193762e-02
2.105712825255071780e-02
0.000000000000000000e+00
0.000000000000000000e+00
0.000000000000000000e+00
0.000000000000000000e+00
0.000000000000000000e+00
0.000000000000000000e+00
0.000000000000000000e+00
0.000000000000000000e+00
0.000000000000000000e+00
0.000000000000000000e+00
0.000000000000000000e+00
0.000000000000000000e+00
0.000000000000000000e+00
0.000000000000000000e+00
0.000000000000000000e+00
0.000000000000000000e+00
7.250120016388125421e+00
2.730756888507957925e+01
3.129762415372544382e+01
1.686996664682482461e+01
1.109181112971269734e+01
5.456307676005680563e+00
8.028328890240430837e+00
1.307719656795440555e+00
5.089020638729317980e+00
1.230715447488967884e+00
0.000000000000000000e+00
0.000000000000000000e+00
2.117777877150457844e+00
0.000000000000000000e+00
8.960553845713439269e-01
2.400480037068767114e+00
6.971348588680905678e-01
1.771895647138419072e+00
1.941130254236885122e+00
7.716605586952943741e-01
5.923968549451349430e-01
4.378160947294784111e-01
6.199869676957638909e-01
4.171819225540349119e-01
3.291137088904646513e-01
1.906424253913523159e-01
9.764383520706854114e-02
9.887471551812368475e-02
3.417961959130512428e-02
1.586914013235706314e-02
0.000000000000000000e+00
0.000000000000000000e+00
0.000000000000000000e+00
0.000000000000000000e+00
0.000000000000000000e+00
0.000000000000000000e+00
0.000000000000000000e+00
0.000000000000000000e+00
0.000000000000000000e+00
0.000000000000000000e+00
0.000000000000000000e+00
0.000000000000000000e+00
0.000000000000000000e+00
0.000000000000000000e+00
0.000000000000000000e+00
0.000000000000000000e+00
5.844975059442337972e+00
3.045050406883012428e+01
2.730756888507957925e+01
1.422619279714792917e+01
1.546413609292275737e+01
5.545905564856348668e+00
8.184461514008521732e+00
1.338054815040071732e+00
3.923158970386321442e+00
6.361275798411647031e+00
2.461430894977935768e+00
0.000000000000000000e+00
1.125116986457390666e+00
2.117777877150457844e+00
2.947761236064930124e+00
8.960553845713439269e-01
4.000800061781278671e+00
6.971348588680905678e-01
1.181263764758946122e+00
9.705651271184425610e-01
3.858302793476471870e-01
1.184793709890269886e+00
0.000000000000000000e+00
6.199869676957638909e-01
1.042954806385087280e-01
3.291137088904646513e-01
1.525139403130818527e-01
1.171726022484822494e-01
4.119779813255153994e-02
3.662102099068406669e-02
1.373290972992438283e-02
0.000000000000000000e+00
0.000000000000000000e+00
0.000000000000000000e+00
0.000000000000000000e+00
0.000000000000000000e+00
0.000000000000000000e+00
0.000000000000000000e+00
0.000000000000000000e+00
0.000000000000000000e+00
0.000000000000000000e+00
0.000000000000000000e+00
0.000000000000000000e+00
0.000000000000000000e+00
0.000000000000000000e+00
0.000000000000000000e+00
1.479865982045772466e+00
1.471127674303734700e+00
1.899616894318759819e+01
2.755045606227487553e+01
1.437240467635767338e+01
7.113096398573964585e+00
1.124664443121655033e+01
2.772952782428174334e+00
1.364076919001420141e+00
1.338054815040071732e+00
2.615439313590881110e+00
1.272255159682329495e+00
4.922861789955871537e+00
0.000000000000000000e+00
0.000000000000000000e+00
1.058888938575228922e+00
1.965174157376619934e+00
8.960553845713439269e-01
0.000000000000000000e+00
6.971348588680905678e-01
5.906318823794730610e-01
9.705651271184425610e-01
3.858302793476471870e-01
0.000000000000000000e+00
6.567241420942175889e-01
6.199869676957638909e-01
0.000000000000000000e+00
6.582274177809292748e-02
3.050278806261637055e-01
1.171726022484822494e-01
8.239559626510307988e-02
1.953121119503150108e-02
6.103515435521947828e-03
0.000000000000000000e+00
0.000000000000000000e+00
0.000000000000000000e+00
0.000000000000000000e+00
0.000000000000000000e+00
0.000000000000000000e+00
0.000000000000000000e+00
0.000000000000000000e+00
0.000000000000000000e+00
0.000000000000000000e+00
0.000000000000000000e+00
0.000000000000000000e+00
0.000000000000000000e+00
0.000000000000000000e+00
0.000000000000000000e+00
0.000000000000000000e+00
2.959731964091544931e+00
2.206691511455602139e+01
2.191865647290876851e+01
1.885031204260912574e+01
1.293516420872190587e+01
0.000000000000000000e+00
2.811661107804137583e+00
5.545905564856348668e+00
4.092230757004260866e+00
2.676109630080143464e+00
1.307719656795440555e+00
2.544510319364658990e+00
3.692146342466903874e+00
0.000000000000000000e+00
1.125116986457390666e+00
1.058888938575228922e+00
1.965174157376619934e+00
2.688166153714031559e+00
0.000000000000000000e+00
1.394269717736181136e+00
0.000000000000000000e+00
0.000000000000000000e+00
0.000000000000000000e+00
5.923968549451349430e-01
6.567241420942175889e-01
1.549967419239409727e-01
2.085909612770174559e-01
1.316454835561858550e-01
1.143854552348113895e-01
5.858630112424112468e-02
3.295823850604123056e-02
2.197261259441044001e-02
1.190185509926779822e-02
0.000000000000000000e+00
0.000000000000000000e+00
0.000000000000000000e+00
0.000000000000000000e+00
0.000000000000000000e+00
0.000000000000000000e+00
0.000000000000000000e+00
0.000000000000000000e+00
0.000000000000000000e+00
0.000000000000000000e+00
0.000000000000000000e+00
0.000000000000000000e+00
0.000000000000000000e+00
0.000000000000000000e+00
0.000000000000000000e+00
0.000000000000000000e+00
8.925708218447686804e+00
1.331879383841195263e+01
2.059578744025228758e+01
8.767462589163507403e+00
1.740028803933149959e+01
1.437240467635767294e+00
1.422619279714792961e+00
1.405830553902068791e+00
4.159429173642261723e+00
1.364076919001420141e+00
1.338054815040071732e+00
1.307719656795440555e+00
1.272255159682329495e+00
2.461430894977935768e+00
0.000000000000000000e+00
1.125116986457390666e+00
0.000000000000000000e+00
0.000000000000000000e+00
0.000000000000000000e+00
0.000000000000000000e+00
0.000000000000000000e+00
0.000000000000000000e+00
9.705651271184425610e-01
0.000000000000000000e+00
2.961984274725674715e-01
2.189080473647392056e-01
1.549967419239409727e-01
0.000000000000000000e+00
1.316454835561858550e-01
1.143854552348113895e-01
1.952876704141370823e-02
3.295823850604123056e-02
1.220700699689468774e-02
6.713866979074142698e-03
0.000000000000000000e+00
0.000000000000000000e+00
0.000000000000000000e+00
0.000000000000000000e+00
0.000000000000000000e+00
0.000000000000000000e+00
0.000000000000000000e+00
0.000000000000000000e+00
0.000000000000000000e+00
0.000000000000000000e+00
0.000000000000000000e+00
0.000000000000000000e+00
0.000000000000000000e+00
0.000000000000000000e+00
0.000000000000000000e+00
0.000000000000000000e+00
2.989035579654610419e+00
1.636379840048742551e+01
1.331879383841195263e+01
8.826766045822408202e+00
4.383731294581753701e+00
7.250120016388125421e+00
4.311721402907301659e+00
0.000000000000000000e+00
0.000000000000000000e+00
2.772952782428174334e+00
2.728153838002840281e+00
4.014164445120215419e+00
1.307719656795440555e+00
0.000000000000000000e+00
1.230715447488967884e+00
1.182041580245927204e+00
2.250233972914781333e+00
0.000000000000000000e+00
9.825870786883099672e-01
1.792110769142687854e+00
0.000000000000000000e+00
0.000000000000000000e+00
0.000000000000000000e+00
0.000000000000000000e+00
7.716605586952943741e-01
0.000000000000000000e+00
0.000000000000000000e+00
1.549967419239409727e-01
1.042954806385087280e-01
1.316454835561858550e-01
1.143854552348113895e-01
1.952876704141370823e-02
4.119779813255153994e-02
1.464840839627362667e-02
8.850097381506823874e-03
0.000000000000000000e+00
0.000000000000000000e+00
0.000000000000000000e+00
0.000000000000000000e+00
0.000000000000000000e+00
0.000000000000000000e+00
0.000000000000000000e+00
0.000000000000000000e+00
0.000000000000000000e+00
0.000000000000000000e+00
0.000000000000000000e+00
0.000000000000000000e+00
0.000000000000000000e+00
0.000000000000000000e+00
0.000000000000000000e+00
0.000000000000000000e+00
4.502034809592829312e+00
7.472588949136525827e+00
1.487618036407947919e+01
1.183892785636617973e+01
7.355638371518673502e+00
1.461243764860584493e+00
0.000000000000000000e+00
0.000000000000000000e+00
2.845238559429585923e+00
2.811661107804137583e+00
0.000000000000000000e+00
1.364076919001420141e+00
0.000000000000000000e+00
0.000000000000000000e+00
1.272255159682329495e+00
0.000000000000000000e+00
1.182041580245927204e+00
2.250233972914781333e+00
0.000000000000000000e+00
0.000000000000000000e+00
0.000000000000000000e+00
8.001600123562556677e-01
0.000000000000000000e+00
5.906318823794730610e-01
0.000000000000000000e+00
3.858302793476471870e-01
0.000000000000000000e+00
2.189080473647392056e-01
1.549967419239409727e-01
0.000000000000000000e+00
0.000000000000000000e+00
3.812848507827046318e-02
1.952876704141370823e-02
4.943735775906184238e-02
1.220700699689468774e-02
3.356933489537071349e-03
0.000000000000000000e+00
0.000000000000000000e+00
0.000000000000000000e+00
0.000000000000000000e+00
0.000000000000000000e+00
0.000000000000000000e+00
0.000000000000000000e+00
0.000000000000000000e+00
0.000000000000000000e+00
0.000000000000000000e+00
0.000000000000000000e+00
0.000000000000000000e+00
0.000000000000000000e+00
0.000000000000000000e+00
0.000000000000000000e+00
0.000000000000000000e+00
0.000000000000000000e+00
9.004069619185658624e+00
1.046162452879113580e+01
8.925708218447686804e+00
1.035906187432040682e+01
1.471127674303734700e+00
0.000000000000000000e+00
2.900048006555250080e+00
1.437240467635767294e+00
1.422619279714792961e+00
0.000000000000000000e+00
1.386476391214087167e+00
1.364076919001420141e+00
1.338054815040071732e+00
0.000000000000000000e+00
1.272255159682329495e+00
0.000000000000000000e+00
0.000000000000000000e+00
1.125116986457390666e+00
0.000000000000000000e+00
0.000000000000000000e+00
8.960553845713439269e-01
0.000000000000000000e+00
0.000000000000000000e+00
0.000000000000000000e+00
0.000000000000000000e+00
0.000000000000000000e+00
0.000000000000000000e+00
4.378160947294784111e-01
0.000000000000000000e+00
3.128864419155261700e-01
0.000000000000000000e+00
3.812848507827046318e-02
1.952876704141370823e-02
3.295823850604123056e-02
2.197261259441044001e-02
4.272460804865363219e-03
0.000000000000000000e+00
0.000000000000000000e+00
0.000000000000000000e+00
0.000000000000000000e+00
0.000000000000000000e+00
0.000000000000000000e+00
0.000000000000000000e+00
0.000000000000000000e+00
0.000000000000000000e+00
0.000000000000000000e+00
0.000000000000000000e+00
0.000000000000000000e+00
0.000000000000000000e+00
0.000000000000000000e+00
0.000000000000000000e+00
0.000000000000000000e+00
3.022300003848441552e+00
7.530976049892881719e+00
1.200542615891421150e+01
7.472588949136525827e+00
4.462854109223843402e+00
1.479865982045772466e+00
1.471127674303734700e+00
1.461243764860584493e+00
0.000000000000000000e+00
1.437240467635767294e+00
0.000000000000000000e+00
0.000000000000000000e+00
1.386476391214087167e+00
0.000000000000000000e+00
1.338054815040071732e+00
1.307719656795440555e+00
0.000000000000000000e+00
0.000000000000000000e+00
1.182041580245927204e+00
0.000000000000000000e+00
0.000000000000000000e+00
0.000000000000000000e+00
0.000000000000000000e+00
0.000000000000000000e+00
0.000000000000000000e+00
0.000000000000000000e+00
0.000000000000000000e+00
0.000000000000000000e+00
0.000000000000000000e+00
2.189080473647392056e-01
0.000000000000000000e+00
0.000000000000000000e+00
1.316454835561858550e-01
7.625697015654092636e-02
0.000000000000000000e+00
1.647911925302061528e-02
7.324204198136813337e-03
2.746581945984876479e-03
0.000000000000000000e+00
0.000000000000000000e+00
0.000000000000000000e+00
0.000000000000000000e+00
0.000000000000000000e+00
0.000000000000000000e+00
0.000000000000000000e+00
0.000000000000000000e+00
0.000000000000000000e+00
0.000000000000000000e+00
0.000000000000000000e+00
0.000000000000000000e+00
0.000000000000000000e+00
0.000000000000000000e+00
0.000000000000000000e+00
0.000000000000000000e+00
0.000000000000000000e+00
1.208920001539376621e+01
0.000000000000000000e+00
4.502034809592829312e+00
2.989035579654610419e+00
1.487618036407947875e+00
1.479865982045772466e+00
1.471127674303734700e+00
0.000000000000000000e+00
0.000000000000000000e+00
0.000000000000000000e+00
0.000000000000000000e+00
0.000000000000000000e+00
0.000000000000000000e+00
0.000000000000000000e+00
0.000000000000000000e+00
0.000000000000000000e+00
0.000000000000000000e+00
0.000000000000000000e+00
0.000000000000000000e+00
0.000000000000000000e+00
0.000000000000000000e+00
0.000000000000000000e+00
8.960553845713439269e-01
1.600320024712511335e+00
6.971348588680905678e-01
0.000000000000000000e+00
4.852825635592212805e-01
3.858302793476471870e-01
0.000000000000000000e+00
2.189080473647392056e-01
0.000000000000000000e+00
0.000000000000000000e+00
0.000000000000000000e+00
3.812848507827046318e-02
0.000000000000000000e+00
8.239559626510307641e-03
1.220700699689468774e-02
3.662109261313168350e-03
0.000000000000000000e+00
0.000000000000000000e+00
0.000000000000000000e+00
0.000000000000000000e+00
0.000000000000000000e+00
0.000000000000000000e+00
0.000000000000000000e+00
0.000000000000000000e+00
0.000000000000000000e+00
0.000000000000000000e+00
0.000000000000000000e+00
0.000000000000000000e+00
0.000000000000000000e+00
0.000000000000000000e+00
0.000000000000000000e+00
0.000000000000000000e+00
0.000000000000000000e+00
6.062448406945366131e+00
9.066900011545325100e+00
1.506195209978576255e+00
3.001356539728552875e+00
1.494517789827305210e+00
0.000000000000000000e+00
0.000000000000000000e+00
2.942255348607469401e+00
0.000000000000000000e+00
0.000000000000000000e+00
0.000000000000000000e+00
1.422619279714792961e+00
0.000000000000000000e+00
0.000000000000000000e+00
0.000000000000000000e+00
0.000000000000000000e+00
0.000000000000000000e+00
1.272255159682329495e+00
0.000000000000000000e+00
1.182041580245927204e+00
1.125116986457390666e+00
0.000000000000000000e+00
0.000000000000000000e+00
0.000000000000000000e+00
8.001600123562556677e-01
0.000000000000000000e+00
0.000000000000000000e+00
4.852825635592212805e-01
0.000000000000000000e+00
0.000000000000000000e+00
0.000000000000000000e+00
0.000000000000000000e+00
0.000000000000000000e+00
0.000000000000000000e+00
3.812848507827046318e-02
3.905753408282741646e-02
1.647911925302061528e-02
1.953121119503150108e-02
3.662109261313168350e-03
0.000000000000000000e+00
0.000000000000000000e+00
0.000000000000000000e+00
0.000000000000000000e+00
0.000000000000000000e+00
0.000000000000000000e+00
0.000000000000000000e+00
0.000000000000000000e+00
0.000000000000000000e+00
0.000000000000000000e+00
0.000000000000000000e+00
0.000000000000000000e+00
0.000000000000000000e+00
0.000000000000000000e+00
0.000000000000000000e+00
0.000000000000000000e+00
0.000000000000000000e+00
4.558922987400940485e+00
0.000000000000000000e+00
3.022300003848441552e+00
3.012390419957152510e+00
1.500678269864276437e+00
0.000000000000000000e+00
0.000000000000000000e+00
0.000000000000000000e+00
0.000000000000000000e+00
0.000000000000000000e+00
0.000000000000000000e+00
0.000000000000000000e+00
0.000000000000000000e+00
0.000000000000000000e+00
0.000000000000000000e+00
0.000000000000000000e+00
0.000000000000000000e+00
0.000000000000000000e+00
0.000000000000000000e+00
0.000000000000000000e+00
0.000000000000000000e+00
0.000000000000000000e+00
1.058888938575228922e+00
0.000000000000000000e+00
0.000000000000000000e+00
0.000000000000000000e+00
1.394269717736181136e+00
5.906318823794730610e-01
0.000000000000000000e+00
0.000000000000000000e+00
0.000000000000000000e+00
0.000000000000000000e+00
0.000000000000000000e+00
0.000000000000000000e+00
0.000000000000000000e+00
3.812848507827046318e-02
0.000000000000000000e+00
0.000000000000000000e+00
7.324204198136813337e-03
1.220703087104389522e-03
0.000000000000000000e+00
0.000000000000000000e+00
0.000000000000000000e+00
0.000000000000000000e+00
0.000000000000000000e+00
0.000000000000000000e+00
0.000000000000000000e+00
0.000000000000000000e+00
0.000000000000000000e+00
0.000000000000000000e+00
0.000000000000000000e+00
0.000000000000000000e+00
0.000000000000000000e+00
0.000000000000000000e+00
0.000000000000000000e+00
0.000000000000000000e+00
0.000000000000000000e+00
6.093151249709642059e+00
7.598204979001566883e+00
1.515612101736341533e+00
4.533450005772662550e+00
1.506195209978576255e+00
0.000000000000000000e+00
2.989035579654610419e+00
1.487618036407947875e+00
0.000000000000000000e+00
0.000000000000000000e+00
0.000000000000000000e+00
0.000000000000000000e+00
0.000000000000000000e+00
0.000000000000000000e+00
0.000000000000000000e+00
0.000000000000000000e+00
0.000000000000000000e+00
1.338054815040071732e+00
0.000000000000000000e+00
0.000000000000000000e+00
0.000000000000000000e+00
1.182041580245927204e+00
0.000000000000000000e+00
0.000000000000000000e+00
0.000000000000000000e+00
0.000000000000000000e+00
0.000000000000000000e+00
0.000000000000000000e+00
0.000000000000000000e+00
0.000000000000000000e+00
0.000000000000000000e+00
0.000000000000000000e+00
0.000000000000000000e+00
0.000000000000000000e+00
0.000000000000000000e+00
0.000000000000000000e+00
0.000000000000000000e+00
1.952876704141370823e-02
2.471867887953092119e-02
0.000000000000000000e+00
2.441406174208779045e-03
0.000000000000000000e+00
0.000000000000000000e+00
0.000000000000000000e+00
0.000000000000000000e+00
0.000000000000000000e+00
0.000000000000000000e+00
0.000000000000000000e+00
0.000000000000000000e+00
0.000000000000000000e+00
0.000000000000000000e+00
0.000000000000000000e+00
0.000000000000000000e+00
0.000000000000000000e+00
0.000000000000000000e+00
0.000000000000000000e+00
0.000000000000000000e+00
0.000000000000000000e+00
1.526596647263466888e+00
1.523287812427410515e+00
3.039281991600626842e+00
3.031224203472683065e+00
0.000000000000000000e+00
0.000000000000000000e+00
0.000000000000000000e+00
0.000000000000000000e+00
1.487618036407947875e+00
0.000000000000000000e+00
0.000000000000000000e+00
0.000000000000000000e+00
0.000000000000000000e+00
0.000000000000000000e+00
0.000000000000000000e+00
0.000000000000000000e+00
0.000000000000000000e+00
0.000000000000000000e+00
0.000000000000000000e+00
0.000000000000000000e+00
1.272255159682329495e+00
0.000000000000000000e+00
0.000000000000000000e+00
0.000000000000000000e+00
0.000000000000000000e+00
0.000000000000000000e+00
0.000000000000000000e+00
0.000000000000000000e+00
0.000000000000000000e+00
0.000000000000000000e+00
0.000000000000000000e+00
0.000000000000000000e+00
0.000000000000000000e+00
0.000000000000000000e+00
0.000000000000000000e+00
0.000000000000000000e+00
0.000000000000000000e+00
0.000000000000000000e+00
0.000000000000000000e+00
0.000000000000000000e+00
4.882802798757875269e-03
9.155273153282920875e-04
0.000000000000000000e+00
0.000000000000000000e+00
0.000000000000000000e+00
0.000000000000000000e+00
0.000000000000000000e+00
0.000000000000000000e+00
0.000000000000000000e+00
0.000000000000000000e+00
0.000000000000000000e+00
0.000000000000000000e+00
0.000000000000000000e+00
0.000000000000000000e+00
0.000000000000000000e+00
0.000000000000000000e+00
0.000000000000000000e+00
0.000000000000000000e+00
0.000000000000000000e+00
0.000000000000000000e+00
3.053193294526933776e+00
0.000000000000000000e+00
0.000000000000000000e+00
0.000000000000000000e+00
0.000000000000000000e+00
0.000000000000000000e+00
0.000000000000000000e+00
0.000000000000000000e+00
0.000000000000000000e+00
0.000000000000000000e+00
2.942255348607469401e+00
0.000000000000000000e+00
0.000000000000000000e+00
0.000000000000000000e+00
0.000000000000000000e+00
0.000000000000000000e+00
0.000000000000000000e+00
0.000000000000000000e+00
0.000000000000000000e+00
1.307719656795440555e+00
0.000000000000000000e+00
0.000000000000000000e+00
0.000000000000000000e+00
0.000000000000000000e+00
0.000000000000000000e+00
0.000000000000000000e+00
0.000000000000000000e+00
0.000000000000000000e+00
6.971348588680905678e-01
0.000000000000000000e+00
0.000000000000000000e+00
0.000000000000000000e+00
0.000000000000000000e+00
0.000000000000000000e+00
0.000000000000000000e+00
0.000000000000000000e+00
0.000000000000000000e+00
0.000000000000000000e+00
0.000000000000000000e+00
8.239559626510307641e-03
2.441401399378937635e-03
1.220703087104389522e-03
0.000000000000000000e+00
0.000000000000000000e+00
0.000000000000000000e+00
0.000000000000000000e+00
0.000000000000000000e+00
0.000000000000000000e+00
0.000000000000000000e+00
0.000000000000000000e+00
0.000000000000000000e+00
0.000000000000000000e+00
0.000000000000000000e+00
0.000000000000000000e+00
0.000000000000000000e+00
0.000000000000000000e+00
0.000000000000000000e+00
0.000000000000000000e+00
0.000000000000000000e+00
6.129391863868261403e+00
9.177633942792859045e+00
1.526596647263466888e+00
0.000000000000000000e+00
0.000000000000000000e+00
0.000000000000000000e+00
0.000000000000000000e+00
0.000000000000000000e+00
1.500678269864276437e+00
0.000000000000000000e+00
0.000000000000000000e+00
0.000000000000000000e+00
0.000000000000000000e+00
0.000000000000000000e+00
0.000000000000000000e+00
0.000000000000000000e+00
0.000000000000000000e+00
0.000000000000000000e+00
0.000000000000000000e+00
0.000000000000000000e+00
0.000000000000000000e+00
0.000000000000000000e+00
0.000000000000000000e+00
0.000000000000000000e+00
0.000000000000000000e+00
0.000000000000000000e+00
0.000000000000000000e+00
0.000000000000000000e+00
0.000000000000000000e+00
0.000000000000000000e+00
0.000000000000000000e+00
0.000000000000000000e+00
0.000000000000000000e+00
0.000000000000000000e+00
0.000000000000000000e+00
0.000000000000000000e+00
0.000000000000000000e+00
0.000000000000000000e+00
0.000000000000000000e+00
3.812848507827046318e-02
1.952876704141370823e-02
0.000000000000000000e+00
2.441401399378937635e-03
1.525878858880486957e-03
0.000000000000000000e+00
0.000000000000000000e+00
0.000000000000000000e+00
0.000000000000000000e+00
0.000000000000000000e+00
0.000000000000000000e+00
0.000000000000000000e+00
0.000000000000000000e+00
0.000000000000000000e+00
0.000000000000000000e+00
0.000000000000000000e+00
0.000000000000000000e+00
0.000000000000000000e+00
0.000000000000000000e+00
0.000000000000000000e+00
0.000000000000000000e+00
0.000000000000000000e+00
3.069704835568876078e+00
1.072643576176945679e+01
4.588816971396429523e+00
1.526596647263466888e+00
0.000000000000000000e+00
0.000000000000000000e+00
0.000000000000000000e+00
0.000000000000000000e+00
0.000000000000000000e+00
0.000000000000000000e+00
0.000000000000000000e+00
0.000000000000000000e+00
0.000000000000000000e+00
0.000000000000000000e+00
0.000000000000000000e+00
0.000000000000000000e+00
0.000000000000000000e+00
0.000000000000000000e+00
0.000000000000000000e+00
0.000000000000000000e+00
0.000000000000000000e+00
0.000000000000000000e+00
1.307719656795440555e+00
0.000000000000000000e+00
0.000000000000000000e+00
0.000000000000000000e+00
0.000000000000000000e+00
0.000000000000000000e+00
9.825870786883099672e-01
0.000000000000000000e+00
0.000000000000000000e+00
0.000000000000000000e+00
0.000000000000000000e+00
0.000000000000000000e+00
0.000000000000000000e+00
0.000000000000000000e+00
0.000000000000000000e+00
0.000000000000000000e+00
1.042954806385087280e-01
0.000000000000000000e+00
0.000000000000000000e+00
1.952876704141370823e-02
8.239559626510307641e-03
2.441401399378937635e-03
1.220703087104389522e-03
0.000000000000000000e+00
0.000000000000000000e+00
0.000000000000000000e+00
0.000000000000000000e+00
0.000000000000000000e+00
0.000000000000000000e+00
0.000000000000000000e+00
0.000000000000000000e+00
0.000000000000000000e+00
0.000000000000000000e+00
0.000000000000000000e+00
0.000000000000000000e+00
0.000000000000000000e+00
0.000000000000000000e+00
0.000000000000000000e+00
0.000000000000000000e+00
0.000000000000000000e+00
0.000000000000000000e+00
7.674262088922190195e+00
1.532347965967065351e+00
0.000000000000000000e+00
0.000000000000000000e+00
0.000000000000000000e+00
0.000000000000000000e+00
0.000000000000000000e+00
0.000000000000000000e+00
0.000000000000000000e+00
1.500678269864276437e+00
0.000000000000000000e+00
0.000000000000000000e+00
0.000000000000000000e+00
0.000000000000000000e+00
0.000000000000000000e+00
0.000000000000000000e+00
0.000000000000000000e+00
0.000000000000000000e+00
1.405830553902068791e+00
0.000000000000000000e+00
0.000000000000000000e+00
0.000000000000000000e+00
0.000000000000000000e+00
1.272255159682329495e+00
0.000000000000000000e+00
0.000000000000000000e+00
0.000000000000000000e+00
1.058888938575228922e+00
0.000000000000000000e+00
0.000000000000000000e+00
0.000000000000000000e+00
0.000000000000000000e+00
0.000000000000000000e+00
0.000000000000000000e+00
0.000000000000000000e+00
0.000000000000000000e+00
2.189080473647392056e-01
0.000000000000000000e+00
0.000000000000000000e+00
0.000000000000000000e+00
7.625697015654092636e-02
0.000000000000000000e+00
8.239559626510307641e-03
2.441401399378937635e-03
9.155273153282920875e-04
0.000000000000000000e+00
0.000000000000000000e+00
0.000000000000000000e+00
0.000000000000000000e+00
0.000000000000000000e+00
0.000000000000000000e+00
0.000000000000000000e+00
0.000000000000000000e+00
0.000000000000000000e+00
0.000000000000000000e+00
0.000000000000000000e+00
0.000000000000000000e+00
0.000000000000000000e+00
0.000000000000000000e+00
0.000000000000000000e+00
0.000000000000000000e+00
0.000000000000000000e+00
7.696226964079974309e+00
3.074288409476952033e+00
0.000000000000000000e+00
0.000000000000000000e+00
0.000000000000000000e+00
0.000000000000000000e+00
0.000000000000000000e+00
0.000000000000000000e+00
1.515612101736341533e+00
0.000000000000000000e+00
0.000000000000000000e+00
0.000000000000000000e+00
0.000000000000000000e+00
0.000000000000000000e+00
0.000000000000000000e+00
0.000000000000000000e+00
0.000000000000000000e+00
0.000000000000000000e+00
0.000000000000000000e+00
0.000000000000000000e+00
0.000000000000000000e+00
0.000000000000000000e+00
0.000000000000000000e+00
0.000000000000000000e+00
0.000000000000000000e+00
0.000000000000000000e+00
0.000000000000000000e+00
0.000000000000000000e+00
0.000000000000000000e+00
0.000000000000000000e+00
0.000000000000000000e+00
0.000000000000000000e+00
0.000000000000000000e+00
0.000000000000000000e+00
0.000000000000000000e+00
0.000000000000000000e+00
0.000000000000000000e+00
0.000000000000000000e+00
2.189080473647392056e-01
0.000000000000000000e+00
0.000000000000000000e+00
0.000000000000000000e+00
0.000000000000000000e+00
0.000000000000000000e+00
0.000000000000000000e+00
0.000000000000000000e+00
6.103515435521947611e-04
0.000000000000000000e+00
