# pd_vector
0.000000000000000000e+00
0.000000000000000000e+00
0.000000000000000000e+00
0.000000000000000000e+00
0.000000000000000000e+00
0.000000000000000000e+00
0.000000000000000000e+00
0.000000000000000000e+00
0.000000000000000000e+00
0.000000000000000000e+00
0.000000000000000000e+00
0.000000000000000000e+00
0.000000000000000000e+00
7.324218522626336700e-03
0.000000000000000000e+00
0.000000000000000000e+00
0.000000000000000000e+00
0.000000000000000000e+00
0.000000000000000000e+00
4.241943227687753476e-02
0.000000000000000000e+00
0.000000000000000000e+00
0.000000000000000000e+00
0.000000000000000000e+00
0.000000000000000000e+00
0.000000000000000000e+00
8.145141348704039164e-01
0.000000000000000000e+00
0.000000000000000000e+00
0.000000000000000000e+00
0.000000000000000000e+00
0.000000000000000000e+00
0.000000000000000000e+00
0.000000000000000000e+00
1.909789979774817459e+00
0.000000000000000000e+00
0.000000000000000000e+00
0.000000000000000000e+00
0.000000000000000000e+00
0.000000000000000000e+00
0.000000000000000000e+00
0.000000000000000000e+00
4.809560756776506962e-01
7.672424078222864097e+00
0.000000000000000000e+00
0.000000000000000000e+00
0.000000000000000000e+00
0.000000000000000000e+00
0.000000000000000000e+00
0.000000000000000000e+00
0.000000000000000000e+00
1.647911925302061528e-02
3.381340938139828722e+00
1.271270712487688925e+01
0.000000000000000000e+00
0.000000000000000000e+00
0.000000000000000000e+00
0.000000000000000000e+00
0.000000000000000000e+00
0.000000000000000000e+00
0.000000000000000000e+00
0.000000000000000000e+00
5.438109353496802800e-01
6.901841756044256648e+00
1.388519244004065456e+01
0.000000000000000000e+00
0.000000000000000000e+00
0.000000000000000000e+00
0.000000000000000000e+00
0.000000000000000000e+00
0.000000000000000000e+00
0.000000000000000000e+00
0.000000000000000000e+00
1.367013692898959576e-01
2.710815117121891049e+00
1.058591646770707406e+01
1.391540484144648815e+01
0.000000000000000000e+00
0.000000000000000000e+00
0.000000000000000000e+00
0.000000000000000000e+00
0.000000000000000000e+00
0.000000000000000000e+00
0.000000000000000000e+00
0.000000000000000000e+00
0.000000000000000000e+00
8.592657498222031620e-01
7.127219076931416097e+00
1.372555866730838758e+01
1.300964315081503209e+01
0.000000000000000000e+00
0.000000000000000000e+00
0.000000000000000000e+00
0.000000000000000000e+00
0.000000000000000000e+00
0.000000000000000000e+00
0.000000000000000000e+00
0.000000000000000000e+00
0.000000000000000000e+00
1.143854552348113895e-01
4.140098612779706144e+00
1.373534589739268341e+01
1.709469259845132072e+01
1.196533165979722568e+01
0.000000000000000000e+00
0.000000000000000000e+00
0.000000000000000000e+00
0.000000000000000000e+00
0.000000000000000000e+00
0.000000000000000000e+00
0.000000000000000000e+00
0.000000000000000000e+00
0.000000000000000000e+00
0.000000000000000000e+00
2.554608500244121227e+00
1.261558350875325551e+01
2.218913407419225692e+01
1.881832198641285103e+01
1.042846647313279895e+01
0.000000000000000000e+00
0.000000000000000000e+00
0.000000000000000000e+00
0.000000000000000000e+00
0.000000000000000000e+00
0.000000000000000000e+00
0.000000000000000000e+00
0.000000000000000000e+00
0.000000000000000000e+00
0.000000000000000000e+00
7.898729013371150742e-01
7.473183075341010451e+00
2.405944099502168854e+01
2.806394008789410677e+01
1.873043153603520850e+01
9.030761438398274166e+00
0.000000000000000000e+00
0.000000000000000000e+00
0.000000000000000000e+00
0.000000000000000000e+00
0.000000000000000000e+00
0.000000000000000000e+00
0.000000000000000000e+00
0.000000000000000000e+00
0.000000000000000000e+00
1.549967419239409727e-01
5.214774031925436537e-01
6.253160468918828485e+00
2.356340377837114630e+01
3.620633409478101328e+01
3.047813105846162784e+01
1.719967285862461637e+01
7.411498793354301284e+00
0.000000000000000000e+00
0.000000000000000000e+00
0.000000000000000000e+00
0.000000000000000000e+00
0.000000000000000000e+00
0.000000000000000000e+00
0.000000000000000000e+00
0.000000000000000000e+00
0.000000000000000000e+00
0.000000000000000000e+00
0.000000000000000000e+00
3.963228264263331635e+00
1.935188608275932154e+01
4.033993721281014899e+01
4.372490940572529183e+01
2.909388504120789776e+01
1.476315426204443604e+01
6.131286430753572603e+00
0.000000000000000000e+00
0.000000000000000000e+00
0.000000000000000000e+00
0.000000000000000000e+00
0.000000000000000000e+00
0.000000000000000000e+00
0.000000000000000000e+00
0.000000000000000000e+00
0.000000000000000000e+00
0.000000000000000000e+00
0.000000000000000000e+00
3.254931580402760538e+00
1.679157238279990594e+01
4.383794602420989150e+01
5.444747669177021976e+01
4.231883817874350484e+01
2.627595564894136970e+01
1.231931146126611942e+01
4.910583343649182808e+00
0.000000000000000000e+00
0.000000000000000000e+00
0.000000000000000000e+00
0.000000000000000000e+00
0.000000000000000000e+00
0.000000000000000000e+00
0.000000000000000000e+00
0.000000000000000000e+00
0.000000000000000000e+00
0.000000000000000000e+00
0.000000000000000000e+00
8.756321894589568222e-01
1.131476216044769068e+01
3.733778206858612236e+01
6.207084549674163299e+01
5.559133124411833649e+01
3.802250942963249258e+01
2.248575822074662867e+01
1.031247951097663318e+01
3.836059451225544148e+00
0.000000000000000000e+00
0.000000000000000000e+00
0.000000000000000000e+00
0.000000000000000000e+00
0.000000000000000000e+00
0.000000000000000000e+00
0.000000000000000000e+00
0.000000000000000000e+00
0.000000000000000000e+00
0.000000000000000000e+00
0.000000000000000000e+00
5.923968549451349430e-01
1.050758627350748142e+01
3.704422131982189370e+01
6.226440194118971050e+01
7.095691563678417424e+01
5.071088515409971365e+01
3.386288204981136829e+01
1.773977187587669135e+01
8.217757110309504398e+00
3.038329983802825485e+00
0.000000000000000000e+00
0.000000000000000000e+00
0.000000000000000000e+00
0.000000000000000000e+00
0.000000000000000000e+00
0.000000000000000000e+00
0.000000000000000000e+00
0.000000000000000000e+00
0.000000000000000000e+00
0.000000000000000000e+00
0.000000000000000000e+00
1.157490838042941617e+00
1.036694496153986123e+01
3.108494272579296691e+01
6.664859902729462249e+01
8.041181557229022303e+01
6.904805612521947467e+01
4.457219905649817093e+01
2.763320536360039625e+01
1.474057217182694046e+01
6.010730245270944572e+00
2.434692307229704866e+00
0.000000000000000000e+00
0.000000000000000000e+00
0.000000000000000000e+00
0.000000000000000000e+00
0.000000000000000000e+00
0.000000000000000000e+00
0.000000000000000000e+00
0.000000000000000000e+00
0.000000000000000000e+00
0.000000000000000000e+00
0.000000000000000000e+00
0.000000000000000000e+00
5.401623910867060729e+00
2.576926319011337085e+01
6.873712687252810838e+01
9.005310705780971148e+01
7.509274605972628081e+01
5.588350776960089661e+01
3.679398810053099567e+01
2.009510128561470665e+01
1.091741650512615713e+01
5.168446762485211288e+00
1.903686464339295448e+00
0.000000000000000000e+00
0.000000000000000000e+00
0.000000000000000000e+00
0.000000000000000000e+00
0.000000000000000000e+00
0.000000000000000000e+00
0.000000000000000000e+00
0.000000000000000000e+00
0.000000000000000000e+00
0.000000000000000000e+00
0.000000000000000000e+00
0.000000000000000000e+00
2.911695381355327683e+00
1.581904145325353461e+01
6.605224932638255098e+01
9.237919598791994247e+01
9.315304189628852782e+01
6.883501722141575385e+01
4.851136069045448806e+01
3.038840260738155763e+01
1.665803828632589401e+01
8.808089240739519710e+00
3.901359436207542331e+00
1.474914504993878550e+00
0.000000000000000000e+00
0.000000000000000000e+00
0.000000000000000000e+00
0.000000000000000000e+00
0.000000000000000000e+00
0.000000000000000000e+00
0.000000000000000000e+00
0.000000000000000000e+00
0.000000000000000000e+00
0.000000000000000000e+00
0.000000000000000000e+00
0.000000000000000000e+00
5.906318823794730610e-01
1.504375947033586058e+01
5.903203274019001867e+01
1.015960606230906365e+02
1.042002305456158666e+02
8.276826018738448454e+01
5.548519569968664200e+01
3.330630733971501911e+01
2.139008012890973021e+01
1.224453693496639417e+01
6.476293866437101698e+00
3.166497614994482124e+00
1.201171837710719226e+00
0.000000000000000000e+00
0.000000000000000000e+00
0.000000000000000000e+00
0.000000000000000000e+00
0.000000000000000000e+00
0.000000000000000000e+00
0.000000000000000000e+00
0.000000000000000000e+00
0.000000000000000000e+00
0.000000000000000000e+00
0.000000000000000000e+00
0.000000000000000000e+00
0.000000000000000000e+00
1.594706082424577254e+01
4.173430046609303190e+01
9.568590927821649927e+01
9.893027477583753182e+01
8.800103504062515469e+01
6.602861205959885638e+01
4.317832898434261324e+01
2.909365186591707442e+01
1.628086312842148686e+01
1.013543009449371368e+01
5.396911555364251711e+00
2.353510949001295760e+00
8.795165742587126578e-01
0.000000000000000000e+00
0.000000000000000000e+00
0.000000000000000000e+00
0.000000000000000000e+00
0.000000000000000000e+00
0.000000000000000000e+00
0.000000000000000000e+00
0.000000000000000000e+00
0.000000000000000000e+00
0.000000000000000000e+00
0.000000000000000000e+00
0.000000000000000000e+00
0.000000000000000000e+00
1.045702288302135941e+01
3.366601729562996326e+01
8.492444862286372143e+01
1.126624415695129784e+02
9.715308421100212399e+01
7.245856367772867657e+01
5.068393460912869841e+01
3.160153063346814406e+01
1.922024059920313377e+01
1.265865704598579455e+01
7.264701339405899461e+00
3.922030382218906652e+00
1.721187986562151107e+00
7.015990993132479314e-01
0.000000000000000000e+00
0.000000000000000000e+00
0.000000000000000000e+00
0.000000000000000000e+00
0.000000000000000000e+00
0.000000000000000000e+00
0.000000000000000000e+00
0.000000000000000000e+00
0.000000000000000000e+00
0.000000000000000000e+00
0.000000000000000000e+00
0.000000000000000000e+00
8.960553845713439269e-01
6.401280098850045341e+00
3.346247322566834725e+01
8.446035918026464628e+01
1.053063162923510134e+02
1.007017029097359142e+02
7.641919428792240865e+01
5.100557503598423637e+01
3.533925715865854045e+01
2.231923285664086620e+01
1.520505335073946540e+01
1.002779157558513212e+01
5.643813674968561678e+00
2.809689832640014817e+00
1.398923001844131209e+00
5.267333820855440996e-01
0.000000000000000000e+00
0.000000000000000000e+00
0.000000000000000000e+00
0.000000000000000000e+00
0.000000000000000000e+00
0.000000000000000000e+00
0.000000000000000000e+00
0.000000000000000000e+00
0.000000000000000000e+00
0.000000000000000000e+00
0.000000000000000000e+00
0.000000000000000000e+00
0.000000000000000000e+00
2.688166153714031559e+00
2.640528040775643603e+01
6.483354187473241836e+01
1.021793156516488352e+02
9.948292552964036872e+01
8.141018894235355674e+01
5.953588392198606272e+01
3.611982781518197072e+01
2.805441028823331706e+01
1.877318651493157020e+01
1.204556174539100510e+01
6.519970948384249176e+00
3.827638340117086813e+00
2.076369025880597352e+00
1.186521080098163594e+00
4.278564320300885515e-01
0.000000000000000000e+00
0.000000000000000000e+00
0.000000000000000000e+00
0.000000000000000000e+00
0.000000000000000000e+00
0.000000000000000000e+00
0.000000000000000000e+00
0.000000000000000000e+00
0.000000000000000000e+00
0.000000000000000000e+00
0.000000000000000000e+00
0.000000000000000000e+00
0.000000000000000000e+00
2.947761236064930124e+00
1.702505230685553528e+01
5.601120086493789785e+01
1.108444425600263941e+02
1.074950025930641004e+02
9.317425220337048586e+01
6.018952357823295785e+01
3.791339871648863635e+01
3.261729905734614476e+01
2.200953735319961879e+01
1.251545767662104680e+01
7.437969820924500652e+00
5.071088515409971187e+00
3.964339709406982770e+00
1.697349283061123426e+00
8.593732925813860613e-01
3.430175674763334404e-01
0.000000000000000000e+00
0.000000000000000000e+00
0.000000000000000000e+00
0.000000000000000000e+00
0.000000000000000000e+00
0.000000000000000000e+00
0.000000000000000000e+00
0.000000000000000000e+00
0.000000000000000000e+00
0.000000000000000000e+00
0.000000000000000000e+00
0.000000000000000000e+00
0.000000000000000000e+00
4.235555754300915687e+00
9.825870786883099228e+00
5.824359999713735192e+01
8.241648127269432678e+01
1.296670837494648367e+02
8.918541423930042811e+01
6.308673326269876469e+01
4.282716100758883471e+01
2.932364431978417940e+01
2.167189668910918243e+01
1.518968070854621466e+01
8.447933931719207479e+00
6.516451436031199584e+00
3.965362448140128393e+00
2.441095880176713528e+00
1.565516329036958476e+00
6.640611806310710019e-01
2.697753822500700838e-01
0.000000000000000000e+00
0.000000000000000000e+00
0.000000000000000000e+00
0.000000000000000000e+00
0.000000000000000000e+00
0.000000000000000000e+00
0.000000000000000000e+00
0.000000000000000000e+00
0.000000000000000000e+00
0.000000000000000000e+00
0.000000000000000000e+00
0.000000000000000000e+00
0.000000000000000000e+00
0.000000000000000000e+00
3.176666815725686988e+00
5.305970224916873690e+01
1.057345353794185883e+02
9.841968151981944857e+01
7.459342989888568809e+01
7.855404035646991190e+01
4.076373533897458401e+01
3.202391318585471680e+01
2.251108048791512672e+01
1.685591964708491730e+01
1.069477519275192634e+01
8.343638451080698459e+00
5.134173858691248427e+00
3.507820627200882502e+00
1.913819170058543406e+00
1.120580109205401742e+00
4.516592588851034429e-01
2.032470640028808673e-01
0.000000000000000000e+00
0.000000000000000000e+00
0.000000000000000000e+00
0.000000000000000000e+00
0.000000000000000000e+00
0.000000000000000000e+00
0.000000000000000000e+00
0.000000000000000000e+00
0.000000000000000000e+00
0.000000000000000000e+00
0.000000000000000000e+00
0.000000000000000000e+00
0.000000000000000000e+00
1.182041580245927204e+00
7.875818905201734665e+00
4.235555754300915510e+01
9.432835955407776396e+01
1.102148123022753055e+02
7.681536118620054765e+01
5.577078870944724542e+01
4.134423176656311227e+01
3.008751894067172117e+01
2.122066536412059534e+01
1.451372294615580572e+01
1.116431041560169923e+01
8.214827321968870777e+00
4.484705667455875400e+00
2.962023380014181750e+00
1.792038798678711853e+00
1.523243829230269242e+00
7.992372837714998290e-01
3.833000197024932221e-01
1.593017528671228367e-01
0.000000000000000000e+00
0.000000000000000000e+00
0.000000000000000000e+00
0.000000000000000000e+00
0.000000000000000000e+00
0.000000000000000000e+00
0.000000000000000000e+00
0.000000000000000000e+00
0.000000000000000000e+00
0.000000000000000000e+00
0.000000000000000000e+00
0.000000000000000000e+00
0.000000000000000000e+00
0.000000000000000000e+00
3.546124740737781611e+00
2.362745671560520577e+01
6.882778100738987348e+01
9.825870786883099584e+01
7.078837538113617711e+01
6.161232095143168408e+01
4.113095667321734084e+01
3.366601729562996326e+01
2.426412817796106225e+01
1.581904145325353461e+01
1.184793709890269930e+01
7.661781657765872389e+00
5.579882709261875462e+00
3.337455380432279295e+00
3.093668863570367744e+00
2.020809709148334576e+00
1.210783556567649910e+00
6.674043297473348790e-01
3.344719917149144295e-01
1.348876911250350419e-01
0.000000000000000000e+00
0.000000000000000000e+00
0.000000000000000000e+00
0.000000000000000000e+00
0.000000000000000000e+00
0.000000000000000000e+00
0.000000000000000000e+00
0.000000000000000000e+00
0.000000000000000000e+00
0.000000000000000000e+00
0.000000000000000000e+00
0.000000000000000000e+00
0.000000000000000000e+00
1.272255159682329495e+00
4.922861789955871537e+00
3.309716424688595993e+01
6.863213617390083243e+01
9.106444871746968772e+01
7.565920505899987347e+01
5.465937845885198243e+01
4.720944072901908584e+01
3.137106864906407466e+01
1.240326952996893439e+01
1.310262921609897546e+01
1.234656893912470998e+01
1.095934181648499717e+01
6.786149468306915011e+00
5.424885967337933934e+00
2.503091535324209360e+00
2.369618704011345223e+00
1.220111522504654822e+00
1.035024653194926536e+00
6.014878527352524040e-01
2.709955553310620657e-01
1.153564417313648061e-01
0.000000000000000000e+00
0.000000000000000000e+00
0.000000000000000000e+00
0.000000000000000000e+00
0.000000000000000000e+00
0.000000000000000000e+00
0.000000000000000000e+00
0.000000000000000000e+00
0.000000000000000000e+00
0.000000000000000000e+00
0.000000000000000000e+00
0.000000000000000000e+00
0.000000000000000000e+00
0.000000000000000000e+00
2.544510319364658990e+00
1.969144715982348615e+01
6.737637007401785638e+01
6.750701918744343288e+01
5.823889162163759181e+01
4.912935393441549792e+01
3.673827076742509945e+01
2.960592045718145826e+01
1.951977604830653590e+01
1.594706082424577254e+01
9.220368707625205218e+00
7.716605586952943518e+00
4.146777984615944490e+00
4.159252899930044656e+00
3.254931580402760538e+00
2.190205093408683190e+00
1.382277577339951380e+00
9.150836418784911164e-01
9.959671191120991196e-01
4.037384216990050900e-01
2.148433231453465153e-01
7.720947025935263885e-02
0.000000000000000000e+00
0.000000000000000000e+00
0.000000000000000000e+00
0.000000000000000000e+00
0.000000000000000000e+00
0.000000000000000000e+00
0.000000000000000000e+00
0.000000000000000000e+00
0.000000000000000000e+00
0.000000000000000000e+00
0.000000000000000000e+00
0.000000000000000000e+00
0.000000000000000000e+00
0.000000000000000000e+00
1.307719656795440555e+00
7.633530958093976970e+00
5.045933334704768214e+01
7.092249481475563755e+01
6.638190220098604755e+01
4.553222435873484386e+01
3.832089606884408539e+01
2.956982769085434981e+01
1.280256019770009068e+01
1.185129260075753876e+01
8.268846353312623521e+00
1.067621639830286817e+01
6.559114748910002568e+00
5.331571694506214598e+00
3.283620710471088167e+00
2.634944612706996647e+00
1.147250287023596105e+00
1.053163868449486840e+00
5.719272761740569200e-01
6.053917782838249551e-01
3.460615043134329105e-01
1.562496895602520086e-01
6.072997858344338085e-02
0.000000000000000000e+00
0.000000000000000000e+00
0.000000000000000000e+00
0.000000000000000000e+00
0.000000000000000000e+00
0.000000000000000000e+00
0.000000000000000000e+00
0.000000000000000000e+00
0.000000000000000000e+00
0.000000000000000000e+00
0.000000000000000000e+00
0.000000000000000000e+00
0.000000000000000000e+00
0.000000000000000000e+00
0.000000000000000000e+00
9.154037597568084550e+00
5.852373734538715411e+01
6.030505692695942344e+01
6.974045323450970102e+01
3.375350959372171644e+01
3.070777921868164029e+01
1.277363202294803024e+01
1.164871999942747038e+01
1.360272021005634713e+01
1.115415774188944908e+01
5.906318823794730832e+00
5.823390762710655366e+00
3.086642234781177496e+00
2.369587419780539772e+00
2.626896568376870356e+00
1.394970677315468865e+00
1.147250287023596105e+00
1.053163868449486840e+00
8.769551568002206254e-01
6.053917782838249551e-01
2.883845869278607865e-01
1.220700699689468843e-01
5.218505697371265267e-02
0.000000000000000000e+00
0.000000000000000000e+00
0.000000000000000000e+00
0.000000000000000000e+00
0.000000000000000000e+00
0.000000000000000000e+00
0.000000000000000000e+00
0.000000000000000000e+00
0.000000000000000000e+00
0.000000000000000000e+00
0.000000000000000000e+00
0.000000000000000000e+00
0.000000000000000000e+00
0.000000000000000000e+00
1.364076919001420141e+00
1.070443852032057386e+01
4.315474867424953942e+01
6.361275798411647742e+01
4.553647155709181504e+01
3.782533056786967052e+01
2.700280767497737600e+01
2.435444558723026631e+01
1.670398033770127100e+01
1.433688615314150283e+01
6.401280098850045341e+00
4.182809153208543407e+00
3.543791294276838144e+00
4.367543072032991525e+00
2.700811955433530365e+00
4.442976412088512461e+00
1.751264378917913644e+00
1.859960903087291673e+00
1.355841248300613477e+00
7.240501595590221884e-01
5.337987910957864290e-01
2.343452044969644987e-01
1.647911925302061598e-01
1.074216615726732577e-01
4.608154153819070398e-02
0.000000000000000000e+00
0.000000000000000000e+00
0.000000000000000000e+00
0.000000000000000000e+00
0.000000000000000000e+00
0.000000000000000000e+00
0.000000000000000000e+00
0.000000000000000000e+00
0.000000000000000000e+00
0.000000000000000000e+00
0.000000000000000000e+00
0.000000000000000000e+00
0.000000000000000000e+00
0.000000000000000000e+00
1.386476391214087167e+00
6.820384595007100259e+00
3.478942519104186459e+01
5.492422558540850019e+01
4.580118574856386005e+01
2.707573984475729389e+01
2.245879002467261643e+01
1.125116986457390666e+01
7.412222570026602675e+00
4.912935393441549614e+00
7.168443076570751415e+00
7.201440111206300898e+00
3.485674294340452839e+00
2.362527529517892244e+00
4.852825635592212805e+00
1.157490838042941617e+00
1.480992137362837413e+00
6.567241420942175889e-01
1.549967419239409727e+00
1.460136728939122275e+00
7.898729013371150742e-01
4.575418209392455582e-01
3.124602726626193316e-01
1.730307521567164553e-01
9.033185177702068858e-02
3.631591684135558606e-02
0.000000000000000000e+00
0.000000000000000000e+00
0.000000000000000000e+00
0.000000000000000000e+00
0.000000000000000000e+00
0.000000000000000000e+00
0.000000000000000000e+00
0.000000000000000000e+00
0.000000000000000000e+00
0.000000000000000000e+00
0.000000000000000000e+00
0.000000000000000000e+00
0.000000000000000000e+00
0.000000000000000000e+00
1.405830553902068791e+00
2.772952782428174334e+00
3.546599989403692632e+01
4.147969926624222126e+01
3.138527176309057154e+01
1.781157223555261382e+01
1.476858536986761550e+01
5.910207901229636462e+00
7.875818905201734665e+00
6.353333631451373975e+00
9.825870786883099228e+00
3.584221538285375708e+00
4.800960074137534228e+00
3.485674294340452839e+00
3.543791294276838144e+00
2.911695381355327683e+00
1.929151396738235880e+00
2.073388992307972245e+00
1.094540236823696056e+00
6.199869676957638909e-01
7.300683644695611374e-01
4.607591924466504785e-01
3.431563657044341964e-01
2.343452044969644987e-01
1.565516329036958365e-01
8.056624617950494671e-02
3.112792872116193141e-02
0.000000000000000000e+00
0.000000000000000000e+00
0.000000000000000000e+00
0.000000000000000000e+00
0.000000000000000000e+00
0.000000000000000000e+00
0.000000000000000000e+00
0.000000000000000000e+00
0.000000000000000000e+00
0.000000000000000000e+00
0.000000000000000000e+00
0.000000000000000000e+00
0.000000000000000000e+00
0.000000000000000000e+00
0.000000000000000000e+00
1.405830553902068791e+00
2.218362225942539467e+01
6.001938443606248796e+01
3.880358963616208001e+01
3.007755210629513343e+01
1.781157223555261382e+01
8.615008132422774523e+00
7.092249481475563222e+00
5.625584932286953332e+00
6.353333631451373975e+00
2.947761236064930124e+00
5.376332307428063118e+00
5.601120086493789785e+00
2.788539435472362271e+00
4.134423176656311760e+00
1.941130254236885122e+00
1.157490838042941617e+00
1.184793709890269886e+00
4.378160947294784111e-01
0.000000000000000000e+00
1.042954806385087307e+00
5.265819342247434198e-01
3.812848507827046318e-01
7.811506816565483291e-02
1.235933943976546129e-01
4.638662658819981549e-02
2.716064368807266649e-02
0.000000000000000000e+00
0.000000000000000000e+00
0.000000000000000000e+00
0.000000000000000000e+00
0.000000000000000000e+00
0.000000000000000000e+00
0.000000000000000000e+00
0.000000000000000000e+00
0.000000000000000000e+00
0.000000000000000000e+00
0.000000000000000000e+00
0.000000000000000000e+00
0.000000000000000000e+00
0.000000000000000000e+00
0.000000000000000000e+00
1.422619279714792961e+00
1.968162775462896263e+01
3.188895699792400507e+01
3.546599989403692632e+01
1.471860296544078928e+01
9.154037597568084550e+00
1.272255159682329406e+01
7.384292684933807749e+00
4.728166320983708815e+00
6.750701918744343999e+00
4.235555754300915687e+00
4.912935393441549614e+00
1.792110769142687854e+00
1.600320024712511335e+00
1.394269717736181136e+00
1.181263764758946122e+00
1.941130254236885122e+00
7.716605586952943741e-01
8.885952824177023590e-01
4.378160947294784111e-01
3.099934838478819454e-01
1.042954806385087280e-01
1.974682253342787686e-01
7.625697015654092636e-02
1.952876704141370823e-01
9.887471551812368475e-02
5.371083078633662883e-02
2.014160093722242723e-02
0.000000000000000000e+00
0.000000000000000000e+00
0.000000000000000000e+00
0.000000000000000000e+00
0.000000000000000000e+00
0.000000000000000000e+00
0.000000000000000000e+00
0.000000000000000000e+00
0.000000000000000000e+00
0.000000000000000000e+00
0.000000000000000000e+00
0.000000000000000000e+00
0.000000000000000000e+00
0.000000000000000000e+00
0.000000000000000000e+00
4.311721402907301659e+00
1.422619279714792917e+01
5.342156104827861185e+01
2.634305143306765729e+01
1.500484610901562199e+01
4.014164445120215419e+00
5.230878627181762219e+00
2.544510319364658990e+00
2.461430894977935768e+00
2.364083160491854407e+00
2.250233972914781333e+00
2.117777877150457844e+00
0.000000000000000000e+00
8.960553845713439269e-01
8.001600123562556677e-01
2.091404576604271703e+00
1.181263764758946122e+00
4.852825635592212805e-01
0.000000000000000000e+00
2.961984274725674715e-01
8.756321894589568222e-01
6.199869676957638909e-01
7.300683644695611374e-01
3.949364506685575371e-01
3.812848507827046318e-02
2.148164374555507905e-01
8.239559626510307988e-02
3.417961959130512428e-02
1.770019476301364775e-02
0.000000000000000000e+00
0.000000000000000000e+00
0.000000000000000000e+00
0.000000000000000000e+00
0.000000000000000000e+00
0.000000000000000000e+00
0.000000000000000000e+00
0.000000000000000000e+00
0.000000000000000000e+00
0.000000000000000000e+00
0.000000000000000000e+00
0.000000000000000000e+00
0.000000000000000000e+00
0.000000000000000000e+00
0.000000000000000000e+00
1.450024003277625040e+00
1.868412607926497415e+01
2.560714703486627286e+01
1.686996664682482461e+01
1.663771669456904689e+01
6.820384595007100259e+00
1.338054815040071688e+01
0.000000000000000000e+00
5.089020638729317980e+00
0.000000000000000000e+00
2.364083160491854407e+00
1.125116986457390666e+00
4.235555754300915687e+00
9.825870786883099672e-01
1.792110769142687854e+00
1.600320024712511335e+00
6.971348588680905678e-01
5.906318823794730610e-01
0.000000000000000000e+00
2.314981676085883233e+00
2.961984274725674715e-01
6.567241420942175889e-01
1.549967419239409727e-01
1.042954806385087280e-01
1.316454835561858550e-01
1.525139403130818527e-01
7.811506816565483291e-02
8.239559626510307988e-02
3.906242239006300215e-02
1.434326127347657770e-02
0.000000000000000000e+00
0.000000000000000000e+00
0.000000000000000000e+00
0.000000000000000000e+00
0.000000000000000000e+00
0.000000000000000000e+00
0.000000000000000000e+00
0.000000000000000000e+00
0.000000000000000000e+00
0.000000000000000000e+00
0.000000000000000000e+00
0.000000000000000000e+00
0.000000000000000000e+00
0.000000000000000000e+00
0.000000000000000000e+00
5.844975059442337972e+00
8.700144019665749795e+00
1.006068327345037083e+01
1.564881207686272191e+01
1.265247498511861934e+01
2.772952782428174334e+00
5.456307676005680563e+00
1.338054815040071732e+00
3.923158970386321442e+00
1.272255159682329495e+00
0.000000000000000000e+00
3.546124740737781611e+00
0.000000000000000000e+00
1.058888938575228922e+00
9.825870786883099672e-01
1.792110769142687854e+00
0.000000000000000000e+00
0.000000000000000000e+00
1.181263764758946122e+00
1.455847690677663842e+00
7.716605586952943741e-01
5.923968549451349430e-01
4.378160947294784111e-01
1.549967419239409727e-01
1.042954806385087280e-01
2.632909671123717099e-01
1.143854552348113895e-01
7.811506816565483291e-02
4.119779813255153994e-02
2.441401399378937548e-02
8.544921609730726439e-03
0.000000000000000000e+00
0.000000000000000000e+00
0.000000000000000000e+00
0.000000000000000000e+00
0.000000000000000000e+00
0.000000000000000000e+00
0.000000000000000000e+00
0.000000000000000000e+00
0.000000000000000000e+00
0.000000000000000000e+00
0.000000000000000000e+00
0.000000000000000000e+00
0.000000000000000000e+00
0.000000000000000000e+00
0.000000000000000000e+00
1.471127674303734700e+00
4.383731294581753701e+00
2.755045606227487553e+01
1.724688561162920664e+01
4.267857839144379106e+00
8.434983323412412304e+00
0.000000000000000000e+00
4.092230757004260866e+00
2.676109630080143464e+00
1.307719656795440555e+00
1.272255159682329495e+00
0.000000000000000000e+00
1.182041580245927204e+00
0.000000000000000000e+00
0.000000000000000000e+00
9.825870786883099672e-01
0.000000000000000000e+00
0.000000000000000000e+00
6.971348588680905678e-01
0.000000000000000000e+00
0.000000000000000000e+00
0.000000000000000000e+00
2.961984274725674715e-01
0.000000000000000000e+00
1.549967419239409727e-01
3.128864419155261700e-01
3.291137088904646513e-01
1.525139403130818527e-01
3.905753408282741646e-02
3.295823850604123056e-02
1.464840839627362667e-02
1.007080046861121361e-02
0.000000000000000000e+00
0.000000000000000000e+00
0.000000000000000000e+00
0.000000000000000000e+00
0.000000000000000000e+00
0.000000000000000000e+00
0.000000000000000000e+00
0.000000000000000000e+00
0.000000000000000000e+00
0.000000000000000000e+00
0.000000000000000000e+00
0.000000000000000000e+00
0.000000000000000000e+00
0.000000000000000000e+00
0.000000000000000000e+00
0.000000000000000000e+00
1.471127674303734700e+01
2.337990023776935189e+01
1.160019202622100032e+01
4.311721402907301659e+00
2.845238559429585923e+00
4.217491661706206152e+00
1.386476391214087167e+00
2.728153838002840281e+00
0.000000000000000000e+00
1.307719656795440555e+00
1.272255159682329495e+00
3.692146342466903874e+00
0.000000000000000000e+00
0.000000000000000000e+00
1.058888938575228922e+00
0.000000000000000000e+00
8.960553845713439269e-01
0.000000000000000000e+00
0.000000000000000000e+00
5.906318823794730610e-01
4.852825635592212805e-01
3.858302793476471870e-01
0.000000000000000000e+00
0.000000000000000000e+00
0.000000000000000000e+00
0.000000000000000000e+00
1.316454835561858550e-01
0.000000000000000000e+00
3.905753408282741646e-02
6.591647701208246113e-02
1.220700699689468774e-02
6.713866979074142698e-03
0.000000000000000000e+00
0.000000000000000000e+00
0.000000000000000000e+00
0.000000000000000000e+00
0.000000000000000000e+00
0.000000000000000000e+00
0.000000000000000000e+00
0.000000000000000000e+00
0.000000000000000000e+00
0.000000000000000000e+00
0.000000000000000000e+00
0.000000000000000000e+00
0.000000000000000000e+00
0.000000000000000000e+00
0.000000000000000000e+00
0.000000000000000000e+00
7.399329910228862772e+00
2.059578744025228758e+01
1.315119388374526110e+01
2.900048006555250080e+00
2.874480935271534587e+00
4.267857839144379106e+00
0.000000000000000000e+00
1.386476391214087167e+00
0.000000000000000000e+00
2.676109630080143464e+00
2.615439313590881110e+00
0.000000000000000000e+00
0.000000000000000000e+00
0.000000000000000000e+00
0.000000000000000000e+00
0.000000000000000000e+00
1.965174157376619934e+00
0.000000000000000000e+00
1.600320024712511335e+00
0.000000000000000000e+00
1.181263764758946122e+00
4.852825635592212805e-01
0.000000000000000000e+00
2.961984274725674715e-01
2.189080473647392056e-01
1.549967419239409727e-01
2.085909612770174559e-01
1.316454835561858550e-01
0.000000000000000000e+00
1.952876704141370823e-02
2.471867887953092119e-02
1.464840839627362667e-02
6.408691207298045263e-03
0.000000000000000000e+00
0.000000000000000000e+00
0.000000000000000000e+00
0.000000000000000000e+00
0.000000000000000000e+00
0.000000000000000000e+00
0.000000000000000000e+00
0.000000000000000000e+00
0.000000000000000000e+00
0.000000000000000000e+00
0.000000000000000000e+00
0.000000000000000000e+00
0.000000000000000000e+00
0.000000000000000000e+00
0.000000000000000000e+00
0.000000000000000000e+00
7.438090182039739595e+00
1.775839178454926781e+01
1.324014906873361141e+01
4.383731294581753701e+00
1.015016802294337595e+01
2.874480935271534587e+00
1.422619279714792961e+00
1.405830553902068791e+00
0.000000000000000000e+00
1.364076919001420141e+00
1.338054815040071732e+00
0.000000000000000000e+00
0.000000000000000000e+00
0.000000000000000000e+00
0.000000000000000000e+00
0.000000000000000000e+00
0.000000000000000000e+00
0.000000000000000000e+00
0.000000000000000000e+00
0.000000000000000000e+00
0.000000000000000000e+00
1.181263764758946122e+00
0.000000000000000000e+00
3.858302793476471870e-01
0.000000000000000000e+00
0.000000000000000000e+00
0.000000000000000000e+00
1.042954806385087280e-01
6.582274177809292748e-02
3.812848507827046318e-02
1.952876704141370823e-02
8.239559626510307641e-03
2.441401399378937635e-03
5.798339663745850393e-03
0.000000000000000000e+00
0.000000000000000000e+00
0.000000000000000000e+00
0.000000000000000000e+00
0.000000000000000000e+00
0.000000000000000000e+00
0.000000000000000000e+00
0.000000000000000000e+00
0.000000000000000000e+00
0.000000000000000000e+00
0.000000000000000000e+00
0.000000000000000000e+00
0.000000000000000000e+00
0.000000000000000000e+00
0.000000000000000000e+00
0.000000000000000000e+00
1.494517789827305210e+00
1.785141643689537361e+01
1.035906187432040682e+01
4.413383022911204101e+00
4.383731294581753701e+00
0.000000000000000000e+00
1.437240467635767294e+00
0.000000000000000000e+00
0.000000000000000000e+00
1.386476391214087167e+00
1.364076919001420141e+00
0.000000000000000000e+00
0.000000000000000000e+00
1.272255159682329495e+00
0.000000000000000000e+00
0.000000000000000000e+00
1.125116986457390666e+00
0.000000000000000000e+00
9.825870786883099672e-01
0.000000000000000000e+00
0.000000000000000000e+00
0.000000000000000000e+00
0.000000000000000000e+00
0.000000000000000000e+00
0.000000000000000000e+00
0.000000000000000000e+00
0.000000000000000000e+00
1.549967419239409727e-01
0.000000000000000000e+00
6.582274177809292748e-02
7.625697015654092636e-02
0.000000000000000000e+00
8.239559626510307641e-03
9.765605597515750538e-03
2.441406174208779045e-03
0.000000000000000000e+00
0.000000000000000000e+00
0.000000000000000000e+00
0.000000000000000000e+00
0.000000000000000000e+00
0.000000000000000000e+00
0.000000000000000000e+00
0.000000000000000000e+00
0.000000000000000000e+00
0.000000000000000000e+00
0.000000000000000000e+00
0.000000000000000000e+00
0.000000000000000000e+00
0.000000000000000000e+00
0.000000000000000000e+00
0.000000000000000000e+00
3.001356539728552875e+00
1.942873126775496928e+01
7.438090182039739595e+00
2.959731964091544931e+00
0.000000000000000000e+00
2.922487529721168986e+00
0.000000000000000000e+00
0.000000000000000000e+00
0.000000000000000000e+00
1.405830553902068791e+00
1.386476391214087167e+00
0.000000000000000000e+00
0.000000000000000000e+00
0.000000000000000000e+00
0.000000000000000000e+00
0.000000000000000000e+00
2.364083160491854407e+00
0.000000000000000000e+00
0.000000000000000000e+00
0.000000000000000000e+00
0.000000000000000000e+00
0.000000000000000000e+00
0.000000000000000000e+00
5.906318823794730610e-01
0.000000000000000000e+00
0.000000000000000000e+00
0.000000000000000000e+00
0.000000000000000000e+00
0.000000000000000000e+00
0.000000000000000000e+00
0.000000000000000000e+00
0.000000000000000000e+00
7.811506816565483291e-02
3.295823850604123056e-02
2.441401399378937635e-03
2.441406174208779045e-03
0.000000000000000000e+00
0.000000000000000000e+00
0.000000000000000000e+00
0.000000000000000000e+00
0.000000000000000000e+00
0.000000000000000000e+00
0.000000000000000000e+00
0.000000000000000000e+00
0.000000000000000000e+00
0.000000000000000000e+00
0.000000000000000000e+00
0.000000000000000000e+00
0.000000000000000000e+00
0.000000000000000000e+00
0.000000000000000000e+00
0.000000000000000000e+00
3.012390419957152510e+00
1.200542615891421150e+01
0.000000000000000000e+00
1.487618036407947875e+00
0.000000000000000000e+00
0.000000000000000000e+00
0.000000000000000000e+00
2.900048006555250080e+00
0.000000000000000000e+00
0.000000000000000000e+00
0.000000000000000000e+00
0.000000000000000000e+00
0.000000000000000000e+00
0.000000000000000000e+00
0.000000000000000000e+00
0.000000000000000000e+00
0.000000000000000000e+00
0.000000000000000000e+00
0.000000000000000000e+00
0.000000000000000000e+00
0.000000000000000000e+00
0.000000000000000000e+00
0.000000000000000000e+00
0.000000000000000000e+00
5.906318823794730610e-01
0.000000000000000000e+00
3.858302793476471870e-01
0.000000000000000000e+00
0.000000000000000000e+00
0.000000000000000000e+00
0.000000000000000000e+00
6.582274177809292748e-02
7.625697015654092636e-02
3.905753408282741646e-02
3.295823850604123056e-02
2.441401399378937635e-03
3.051757717760973914e-03
0.000000000000000000e+00
0.000000000000000000e+00
0.000000000000000000e+00
0.000000000000000000e+00
0.000000000000000000e+00
0.000000000000000000e+00
0.000000000000000000e+00
0.000000000000000000e+00
0.000000000000000000e+00
0.000000000000000000e+00
0.000000000000000000e+00
0.000000000000000000e+00
0.000000000000000000e+00
0.000000000000000000e+00
0.000000000000000000e+00
0.000000000000000000e+00
6.044600007696883104e+00
1.355575688980718674e+01
6.002713079457105749e+00
2.989035579654610419e+00
0.000000000000000000e+00
1.479865982045772466e+00
0.000000000000000000e+00
0.000000000000000000e+00
0.000000000000000000e+00
0.000000000000000000e+00
0.000000000000000000e+00
1.405830553902068791e+00
0.000000000000000000e+00
0.000000000000000000e+00
0.000000000000000000e+00
0.000000000000000000e+00
0.000000000000000000e+00
0.000000000000000000e+00
0.000000000000000000e+00
0.000000000000000000e+00
0.000000000000000000e+00
9.825870786883099672e-01
8.960553845713439269e-01
2.400480037068767114e+00
0.000000000000000000e+00
0.000000000000000000e+00
4.852825635592212805e-01
3.858302793476471870e-01
0.000000000000000000e+00
0.000000000000000000e+00
0.000000000000000000e+00
1.042954806385087280e-01
0.000000000000000000e+00
0.000000000000000000e+00
0.000000000000000000e+00
1.647911925302061528e-02
4.882802798757875269e-03
2.136230402432681610e-03
0.000000000000000000e+00
0.000000000000000000e+00
0.000000000000000000e+00
0.000000000000000000e+00
0.000000000000000000e+00
0.000000000000000000e+00
0.000000000000000000e+00
0.000000000000000000e+00
0.000000000000000000e+00
0.000000000000000000e+00
0.000000000000000000e+00
0.000000000000000000e+00
0.000000000000000000e+00
0.000000000000000000e+00
0.000000000000000000e+00
1.519640995800313421e+00
0.000000000000000000e+00
1.360035001731798765e+01
1.506195209978576255e+00
0.000000000000000000e+00
1.494517789827305210e+00
0.000000000000000000e+00
1.479865982045772466e+00
1.471127674303734700e+00
1.461243764860584493e+00
0.000000000000000000e+00
0.000000000000000000e+00
1.422619279714792961e+00
0.000000000000000000e+00
0.000000000000000000e+00
0.000000000000000000e+00
0.000000000000000000e+00
0.000000000000000000e+00
0.000000000000000000e+00
0.000000000000000000e+00
0.000000000000000000e+00
0.000000000000000000e+00
0.000000000000000000e+00
0.000000000000000000e+00
0.000000000000000000e+00
0.000000000000000000e+00
0.000000000000000000e+00
0.000000000000000000e+00
0.000000000000000000e+00
0.000000000000000000e+00
0.000000000000000000e+00
0.000000000000000000e+00
0.000000000000000000e+00
0.000000000000000000e+00
0.000000000000000000e+00
0.000000000000000000e+00
0.000000000000000000e+00
8.239559626510307641e-03
0.000000000000000000e+00
2.136230402432681610e-03
0.000000000000000000e+00
0.000000000000000000e+00
0.000000000000000000e+00
0.000000000000000000e+00
0.000000000000000000e+00
0.000000000000000000e+00
0.000000000000000000e+00
0.000000000000000000e+00
0.000000000000000000e+00
0.000000000000000000e+00
0.000000000000000000e+00
0.000000000000000000e+00
0.000000000000000000e+00
0.000000000000000000e+00
0.000000000000000000e+00
0.000000000000000000e+00
1.519640995800313421e+00
7.578060508681707219e+00
3.022300003848441552e+00
1.506195209978576255e+00
1.500678269864276437e+00
0.000000000000000000e+00
0.000000000000000000e+00
0.000000000000000000e+00
0.000000000000000000e+00
0.000000000000000000e+00
0.000000000000000000e+00
0.000000000000000000e+00
0.000000000000000000e+00
0.000000000000000000e+00
0.000000000000000000e+00
0.000000000000000000e+00
0.000000000000000000e+00
0.000000000000000000e+00
0.000000000000000000e+00
0.000000000000000000e+00
0.000000000000000000e+00
0.000000000000000000e+00
0.000000000000000000e+00
0.000000000000000000e+00
0.000000000000000000e+00
0.000000000000000000e+00
0.000000000000000000e+00
0.000000000000000000e+00
4.852825635592212805e-01
0.000000000000000000e+00
0.000000000000000000e+00
0.000000000000000000e+00
0.000000000000000000e+00
1.042954806385087280e-01
0.000000000000000000e+00
0.000000000000000000e+00
0.000000000000000000e+00
0.000000000000000000e+00
4.882802798757875269e-03
2.136230402432681610e-03
0.000000000000000000e+00
0.000000000000000000e+00
0.000000000000000000e+00
0.000000000000000000e+00
0.000000000000000000e+00
0.000000000000000000e+00
0.000000000000000000e+00
0.000000000000000000e+00
0.000000000000000000e+00
0.000000000000000000e+00
0.000000000000000000e+00
0.000000000000000000e+00
0.000000000000000000e+00
0.000000000000000000e+00
0.000000000000000000e+00
0.000000000000000000e+00
0.000000000000000000e+00
4.558922987400940485e+00
4.546836305209025042e+00
4.533450005772662550e+00
1.506195209978576255e+00
0.000000000000000000e+00
0.000000000000000000e+00
0.000000000000000000e+00
0.000000000000000000e+00
0.000000000000000000e+00
0.000000000000000000e+00
0.000000000000000000e+00
0.000000000000000000e+00
0.000000000000000000e+00
0.000000000000000000e+00
0.000000000000000000e+00
0.000000000000000000e+00
0.000000000000000000e+00
0.000000000000000000e+00
1.272255159682329495e+00
0.000000000000000000e+00
0.000000000000000000e+00
0.000000000000000000e+00
0.000000000000000000e+00
0.000000000000000000e+00
0.000000000000000000e+00
0.000000000000000000e+00
0.000000000000000000e+00
0.000000000000000000e+00
0.000000000000000000e+00
0.000000000000000000e+00
0.000000000000000000e+00
0.000000000000000000e+00
0.000000000000000000e+00
0.000000000000000000e+00
6.582274177809292748e-02
3.812848507827046318e-02
0.000000000000000000e+00
8.239559626510307641e-03
9.765605597515750538e-03
1.831054630656584175e-03
0.000000000000000000e+00
0.000000000000000000e+00
0.000000000000000000e+00
0.000000000000000000e+00
0.000000000000000000e+00
0.000000000000000000e+00
0.000000000000000000e+00
0.000000000000000000e+00
0.000000000000000000e+00
0.000000000000000000e+00
0.000000000000000000e+00
0.000000000000000000e+00
0.000000000000000000e+00
0.000000000000000000e+00
0.000000000000000000e+00
0.000000000000000000e+00
1.526596647263466888e+00
6.093151249709642059e+00
3.039281991600626842e+00
0.000000000000000000e+00
3.022300003848441552e+00
1.506195209978576255e+00
0.000000000000000000e+00
0.000000000000000000e+00
0.000000000000000000e+00
0.000000000000000000e+00
0.000000000000000000e+00
0.000000000000000000e+00
0.000000000000000000e+00
0.000000000000000000e+00
0.000000000000000000e+00
2.811661107804137583e+00
0.000000000000000000e+00
0.000000000000000000e+00
0.000000000000000000e+00
0.000000000000000000e+00
0.000000000000000000e+00
0.000000000000000000e+00
0.000000000000000000e+00
0.000000000000000000e+00
0.000000000000000000e+00
0.000000000000000000e+00
0.000000000000000000e+00
0.000000000000000000e+00
0.000000000000000000e+00
0.000000000000000000e+00
0.000000000000000000e+00
0.000000000000000000e+00
0.000000000000000000e+00
0.000000000000000000e+00
0.000000000000000000e+00
0.000000000000000000e+00
0.000000000000000000e+00
0.000000000000000000e+00
0.000000000000000000e+00
1.647911925302061528e-02
4.882802798757875269e-03
3.051757717760973806e-04
0.000000000000000000e+00
0.000000000000000000e+00
0.000000000000000000e+00
0.000000000000000000e+00
0.000000000000000000e+00
0.000000000000000000e+00
0.000000000000000000e+00
0.000000000000000000e+00
0.000000000000000000e+00
0.000000000000000000e+00
0.000000000000000000e+00
0.000000000000000000e+00
0.000000000000000000e+00
0.000000000000000000e+00
0.000000000000000000e+00
0.000000000000000000e+00
4.588816971396429523e+00
9.159579883580800441e+00
1.523287812427410515e+00
0.000000000000000000e+00
1.515612101736341533e+00
0.000000000000000000e+00
1.506195209978576255e+00
1.500678269864276437e+00
0.000000000000000000e+00
0.000000000000000000e+00
0.000000000000000000e+00
0.000000000000000000e+00
0.000000000000000000e+00
0.000000000000000000e+00
0.000000000000000000e+00
0.000000000000000000e+00
0.000000000000000000e+00
0.000000000000000000e+00
0.000000000000000000e+00
0.000000000000000000e+00
0.000000000000000000e+00
0.000000000000000000e+00
0.000000000000000000e+00
0.000000000000000000e+00
0.000000000000000000e+00
0.000000000000000000e+00
0.000000000000000000e+00
0.000000000000000000e+00
0.000000000000000000e+00
0.000000000000000000e+00
0.000000000000000000e+00
0.000000000000000000e+00
0.000000000000000000e+00
0.000000000000000000e+00
0.000000000000000000e+00
0.000000000000000000e+00
0.000000000000000000e+00
0.000000000000000000e+00
0.000000000000000000e+00
1.952876704141370823e-02
0.000000000000000000e+00
0.000000000000000000e+00
4.272460804865363219e-03
0.000000000000000000e+00
0.000000000000000000e+00
0.000000000000000000e+00
0.000000000000000000e+00
0.000000000000000000e+00
0.000000000000000000e+00
0.000000000000000000e+00
0.000000000000000000e+00
0.000000000000000000e+00
0.000000000000000000e+00
0.000000000000000000e+00
0.000000000000000000e+00
0.000000000000000000e+00
0.000000000000000000e+00
0.000000000000000000e+00
0.000000000000000000e+00
0.000000000000000000e+00
3.059211314264286496e+00
1.526596647263466888e+00
0.000000000000000000e+00
0.000000000000000000e+00
0.000000000000000000e+00
1.511150001924220776e+00
0.000000000000000000e+00
0.000000000000000000e+00
1.494517789827305210e+00
0.000000000000000000e+00
0.000000000000000000e+00
0.000000000000000000e+00
0.000000000000000000e+00
0.000000000000000000e+00
0.000000000000000000e+00
0.000000000000000000e+00
0.000000000000000000e+00
0.000000000000000000e+00
0.000000000000000000e+00
0.000000000000000000e+00
0.000000000000000000e+00
0.000000000000000000e+00
0.000000000000000000e+00
0.000000000000000000e+00
0.000000000000000000e+00
0.000000000000000000e+00
0.000000000000000000e+00
0.000000000000000000e+00
0.000000000000000000e+00
0.000000000000000000e+00
0.000000000000000000e+00
0.000000000000000000e+00
0.000000000000000000e+00
0.000000000000000000e+00
0.000000000000000000e+00
0.000000000000000000e+00
0.000000000000000000e+00
6.582274177809292748e-02
0.000000000000000000e+00
1.952876704141370823e-02
8.239559626510307641e-03
2.441401399378937635e-03
9.155273153282920875e-04
0.000000000000000000e+00
0.000000000000000000e+00
0.000000000000000000e+00
0.000000000000000000e+00
0.000000000000000000e+00
0.000000000000000000e+00
0.000000000000000000e+00
0.000000000000000000e+00
0.000000000000000000e+00
0.000000000000000000e+00
0.000000000000000000e+00
0.000000000000000000e+00
0.000000000000000000e+00
0.000000000000000000e+00
0.000000000000000000e+00
0.000000000000000000e+00
1.534852417784438039e+00
6.129391863868261403e+00
0.000000000000000000e+00
0.000000000000000000e+00
1.523287812427410515e+00
0.000000000000000000e+00
0.000000000000000000e+00
0.000000000000000000e+00
0.000000000000000000e+00
0.000000000000000000e+00
0.000000000000000000e+00
0.000000000000000000e+00
0.000000000000000000e+00
0.000000000000000000e+00
0.000000000000000000e+00
0.000000000000000000e+00
0.000000000000000000e+00
1.422619279714792961e+00
0.000000000000000000e+00
0.000000000000000000e+00
0.000000000000000000e+00
0.000000000000000000e+00
0.000000000000000000e+00
0.000000000000000000e+00
0.000000000000000000e+00
0.000000000000000000e+00
0.000000000000000000e+00
0.000000000000000000e+00
0.000000000000000000e+00
0.000000000000000000e+00
0.000000000000000000e+00
0.000000000000000000e+00
0.000000000000000000e+00
0.000000000000000000e+00
0.000000000000000000e+00
0.000000000000000000e+00
0.000000000000000000e+00
1.549967419239409727e-01
0.000000000000000000e+00
0.000000000000000000e+00
0.000000000000000000e+00
0.000000000000000000e+00
8.239559626510307641e-03
0.000000000000000000e+00
6.103515435521947611e-04
0.000000000000000000e+00
0.000000000000000000e+00
0.000000000000000000e+00
0.000000000000000000e+00
0.000000000000000000e+00
0.000000000000000000e+00
0.000000000000000000e+00
0.000000000000000000e+00
0.000000000000000000e+00
0.000000000000000000e+00
0.000000000000000000e+00
0.000000000000000000e+00
0.000000000000000000e+00
0.000000000000000000e+00
0.000000000000000000e+00
0.000000000000000000e+00
0.000000000000000000e+00
3.069704835568876078e+00
1.532347965967065351e+00
0.000000000000000000e+00
0.000000000000000000e+00
0.000000000000000000e+00
1.519640995800313421e+00
0.000000000000000000e+00
0.000000000000000000e+00
1.506195209978576255e+00
0.000000000000000000e+00
0.000000000000000000e+00
0.000000000000000000e+00
0.000000000000000000e+00
0.000000000000000000e+00
0.000000000000000000e+00
0.000000000000000000e+00
0.000000000000000000e+00
0.000000000000000000e+00
0.000000000000000000e+00
0.000000000000000000e+00
0.000000000000000000e+00
0.000000000000000000e+00
0.000000000000000000e+00
0.000000000000000000e+00
0.000000000000000000e+00
0.000000000000000000e+00
0.000000000000000000e+00
0.000000000000000000e+00
0.000000000000000000e+00
0.000000000000000000e+00
0.000000000000000000e+00
0.000000000000000000e+00
0.000000000000000000e+00
0.000000000000000000e+00
0.000000000000000000e+00
0.000000000000000000e+00
0.000000000000000000e+00
0.000000000000000000e+00
0.000000000000000000e+00
0.000000000000000000e+00
0.000000000000000000e+00
0.000000000000000000e+00
0.000000000000000000e+00
0.000000000000000000e+00
0.000000000000000000e+00
0.000000000000000000e+00
0.000000000000000000e+00
0.000000000000000000e+00
0.000000000000000000e+00
0.000000000000000000e+00
0.000000000000000000e+00
0.000000000000000000e+00
0.000000000000000000e+00
0.000000000000000000e+00
0.000000000000000000e+00
0.000000000000000000e+00
0.000000000000000000e+00
0.000000000000000000e+00
0.000000000000000000e+00
0.000000000000000000e+00
0.000000000000000000e+00
1.539245392815994817e+00
3.074288409476952033e+00
0.000000000000000000e+00
0.000000000000000000e+00
0.000000000000000000e+00
0.000000000000000000e+00
0.000000000000000000e+00
0.000000000000000000e+00
0.000000000000000000e+00
0.000000000000000000e+00
0.000000000000000000e+00
0.000000000000000000e+00
0.000000000000000000e+00
0.000000000000000000e+00
0.000000000000000000e+00
0.000000000000000000e+00
0.000000000000000000e+00
0.000000000000000000e+00
0.000000000000000000e+00
0.000000000000000000e+00
0.000000000000000000e+00
0.000000000000000000e+00
0.000000000000000000e+00
0.000000000000000000e+00
0.000000000000000000e+00
0.000000000000000000e+00
0.000000000000000000e+00
0.000000000000000000e+00
0.000000000000000000e+00
0.000000000000000000e+00
0.000000000000000000e+00
0.000000000000000000e+00
0.000000000000000000e+00
0.000000000000000000e+00
0.000000000000000000e+00
0.000000000000000000e+00
0.000000000000000000e+00
2.961984274725674715e-01
0.000000000000000000e+00
0.000000000000000000e+00
0.000000000000000000e+00
6.582274177809292748e-02
0.000000000000000000e+00
0.000000000000000000e+00
1.647911925302061528e-02
0.000000000000000000e+00
9.155273153282920875e-04
0.000000000000000000e+00
0.000000000000000000e+00
0.000000000000000000e+00
0.000000000000000000e+00
0.000000000000000000e+00
0.000000000000000000e+00
0.000000000000000000e+00
0.000000000000000000e+00
0.000000000000000000e+00
0.000000000000000000e+00
0.000000000000000000e+00
0.000000000000000000e+00
0.000000000000000000e+00
0.000000000000000000e+00
0.000000000000000000e+00
0.000000000000000000e+00
0.000000000000000000e+00
0.000000000000000000e+00
3.074288409476952033e+00
0.000000000000000000e+00
0.000000000000000000e+00
0.000000000000000000e+00
0.000000000000000000e+00
0.000000000000000000e+00
0.000000000000000000e+00
0.000000000000000000e+00
0.000000000000000000e+00
0.000000000000000000e+00
0.000000000000000000e+00
0.000000000000000000e+00
0.000000000000000000e+00
0.000000000000000000e+00
0.000000000000000000e+00
0.000000000000000000e+00
0.000000000000000000e+00
0.000000000000000000e+00
1.422619279714792961e+00
0.000000000000000000e+00
0.000000000000000000e+00
0.000000000000000000e+00
0.000000000000000000e+00
0.000000000000000000e+00
0.000000000000000000e+00
0.000000000000000000e+00
0.000000000000000000e+00
0.000000000000000000e+00
0.000000000000000000e+00
0.000000000000000000e+00
0.000000000000000000e+00
0.000000000000000000e+00
0.000000000000000000e+00
0.000000000000000000e+00
0.000000000000000000e+00
0.000000000000000000e+00
0.000000000000000000e+00
0.000000000000000000e+00
0.000000000000000000e+00
0.000000000000000000e+00
0.000000000000000000e+00
0.000000000000000000e+00
0.000000000000000000e+00
0.000000000000000000e+00
2.441401399378937635e-03
3.051757717760973806e-04
0.000000000000000000e+00
