# pd_vector
0.000000000000000000e+00
0.000000000000000000e+00
0.000000000000000000e+00
0.000000000000000000e+00
0.000000000000000000e+00
0.000000000000000000e+00
0.000000000000000000e+00
0.000000000000000000e+00
0.000000000000000000e+00
0.000000000000000000e+00
0.000000000000000000e+00
0.000000000000000000e+00
0.000000000000000000e+00
8.544921609730726439e-03
0.000000000000000000e+00
0.000000000000000000e+00
0.000000000000000000e+00
0.000000000000000000e+00
0.000000000000000000e+00
2.990722563405754167e-02
0.000000000000000000e+00
0.000000000000000000e+00
0.000000000000000000e+00
0.000000000000000000e+00
0.000000000000000000e+00
0.000000000000000000e+00
7.641601325273478240e-01
0.000000000000000000e+00
0.000000000000000000e+00
0.000000000000000000e+00
0.000000000000000000e+00
0.000000000000000000e+00
0.000000000000000000e+00
0.000000000000000000e+00
1.866455020182611557e+00
0.000000000000000000e+00
0.000000000000000000e+00
0.000000000000000000e+00
0.000000000000000000e+00
0.000000000000000000e+00
0.000000000000000000e+00
0.000000000000000000e+00
5.249013008664715763e-01
7.855834717060298900e+00
0.000000000000000000e+00
0.000000000000000000e+00
0.000000000000000000e+00
0.000000000000000000e+00
0.000000000000000000e+00
0.000000000000000000e+00
0.000000000000000000e+00
2.471867887953092119e-02
3.371575332542312786e+00
1.258514365227448017e+01
0.000000000000000000e+00
0.000000000000000000e+00
0.000000000000000000e+00
0.000000000000000000e+00
0.000000000000000000e+00
0.000000000000000000e+00
0.000000000000000000e+00
0.000000000000000000e+00
8.733933204100926551e-01
7.075181255400161184e+00
1.326202351407386359e+01
0.000000000000000000e+00
0.000000000000000000e+00
0.000000000000000000e+00
0.000000000000000000e+00
0.000000000000000000e+00
0.000000000000000000e+00
0.000000000000000000e+00
0.000000000000000000e+00
1.562301363313096658e-01
2.958001905917200247e+00
9.938945096871655949e+00
1.284484823405593801e+01
0.000000000000000000e+00
0.000000000000000000e+00
0.000000000000000000e+00
0.000000000000000000e+00
0.000000000000000000e+00
0.000000000000000000e+00
0.000000000000000000e+00
0.000000000000000000e+00
3.812848507827046318e-02
6.249205453252386633e-01
6.006638967726014577e+00
1.283688855793445427e+01
1.219299278554219512e+01
0.000000000000000000e+00
0.000000000000000000e+00
0.000000000000000000e+00
0.000000000000000000e+00
0.000000000000000000e+00
0.000000000000000000e+00
0.000000000000000000e+00
0.000000000000000000e+00
0.000000000000000000e+00
7.625697015654092636e-02
3.222246561833261858e+00
1.254060975154868807e+01
1.551022309025439050e+01
1.097747768655799838e+01
0.000000000000000000e+00
0.000000000000000000e+00
0.000000000000000000e+00
0.000000000000000000e+00
0.000000000000000000e+00
0.000000000000000000e+00
0.000000000000000000e+00
0.000000000000000000e+00
0.000000000000000000e+00
0.000000000000000000e+00
1.677653343443900269e+00
1.013543009449371368e+01
1.900042449873276951e+01
1.689693908510162856e+01
9.781493836967472433e+00
0.000000000000000000e+00
0.000000000000000000e+00
0.000000000000000000e+00
0.000000000000000000e+00
0.000000000000000000e+00
0.000000000000000000e+00
0.000000000000000000e+00
0.000000000000000000e+00
0.000000000000000000e+00
0.000000000000000000e+00
7.240501595590221884e-01
7.396926105184469691e+00
2.060284922869146129e+01
2.510593818197690652e+01
1.730465311879790846e+01
8.422851301020287451e+00
0.000000000000000000e+00
0.000000000000000000e+00
0.000000000000000000e+00
0.000000000000000000e+00
0.000000000000000000e+00
0.000000000000000000e+00
0.000000000000000000e+00
0.000000000000000000e+00
0.000000000000000000e+00
0.000000000000000000e+00
1.042954806385087280e-01
3.883541764907482818e+00
1.898798556897869005e+01
3.103121082880638326e+01
2.797330493200249535e+01
1.600826897572769525e+01
7.117614525133919123e+00
0.000000000000000000e+00
0.000000000000000000e+00
0.000000000000000000e+00
0.000000000000000000e+00
0.000000000000000000e+00
0.000000000000000000e+00
0.000000000000000000e+00
0.000000000000000000e+00
0.000000000000000000e+00
0.000000000000000000e+00
3.099934838478819454e-01
3.650341822347805465e+00
1.599492625207658136e+01
3.507820627200882768e+01
3.731947381614159553e+01
2.690216218055615371e+01
1.430417079896119503e+01
5.828857240923460026e+00
0.000000000000000000e+00
0.000000000000000000e+00
0.000000000000000000e+00
0.000000000000000000e+00
0.000000000000000000e+00
0.000000000000000000e+00
0.000000000000000000e+00
0.000000000000000000e+00
0.000000000000000000e+00
0.000000000000000000e+00
0.000000000000000000e+00
1.704964161163350589e+00
1.115961642832043310e+01
3.370124379038357887e+01
4.476284148188952372e+01
3.962386832702841133e+01
2.466100196214535245e+01
1.222897960948909812e+01
4.855651704729485374e+00
0.000000000000000000e+00
0.000000000000000000e+00
0.000000000000000000e+00
0.000000000000000000e+00
0.000000000000000000e+00
0.000000000000000000e+00
0.000000000000000000e+00
0.000000000000000000e+00
0.000000000000000000e+00
0.000000000000000000e+00
0.000000000000000000e+00
8.756321894589568222e-01
7.284846870425226051e+00
2.878555265622840764e+01
5.226325697180578089e+01
4.979580151222122453e+01
3.616727656069818408e+01
2.113447044199893909e+01
1.011716739902631801e+01
3.908386109136479103e+00
0.000000000000000000e+00
0.000000000000000000e+00
0.000000000000000000e+00
0.000000000000000000e+00
0.000000000000000000e+00
0.000000000000000000e+00
0.000000000000000000e+00
0.000000000000000000e+00
0.000000000000000000e+00
0.000000000000000000e+00
0.000000000000000000e+00
2.961984274725674715e-01
7.005057515671654578e+00
2.929438422362484218e+01
5.058330810967673585e+01
5.805565824827796462e+01
4.682177967611612956e+01
3.071875055614376393e+01
1.765737627961159006e+01
8.190901694916336240e+00
3.081664943395031386e+00
0.000000000000000000e+00
0.000000000000000000e+00
0.000000000000000000e+00
0.000000000000000000e+00
0.000000000000000000e+00
0.000000000000000000e+00
0.000000000000000000e+00
0.000000000000000000e+00
0.000000000000000000e+00
0.000000000000000000e+00
0.000000000000000000e+00
7.716605586952943741e-01
5.923968549451349652e+00
2.013954035755600813e+01
4.851398022219352413e+01
6.382883415076734224e+01
5.766072179760940486e+01
4.186507661594097129e+01
2.667629577857112366e+01
1.362823162224804818e+01
6.481920715351079387e+00
2.518005292924579308e+00
0.000000000000000000e+00
0.000000000000000000e+00
0.000000000000000000e+00
0.000000000000000000e+00
0.000000000000000000e+00
0.000000000000000000e+00
0.000000000000000000e+00
0.000000000000000000e+00
0.000000000000000000e+00
0.000000000000000000e+00
0.000000000000000000e+00
4.852825635592212805e-01
2.700811955433530365e+00
1.717950879340891390e+01
4.618959799395997123e+01
7.486342634926349149e+01
7.206817712120952990e+01
5.002528375135062788e+01
3.675585961545272795e+01
2.025133142194601632e+01
1.227694384350035861e+01
5.109853128900116559e+00
1.943969666213740233e+00
0.000000000000000000e+00
0.000000000000000000e+00
0.000000000000000000e+00
0.000000000000000000e+00
0.000000000000000000e+00
0.000000000000000000e+00
0.000000000000000000e+00
0.000000000000000000e+00
0.000000000000000000e+00
0.000000000000000000e+00
0.000000000000000000e+00
0.000000000000000000e+00
9.705651271184425610e-01
1.620487173260118041e+01
4.887274053297362997e+01
8.077706947758876765e+01
8.199327647776478045e+01
6.747917597311514726e+01
4.607591924466505162e+01
2.935893351026825826e+01
1.673615335449154884e+01
8.874005717751600741e+00
4.143058174746057531e+00
1.570129345788020991e+00
0.000000000000000000e+00
0.000000000000000000e+00
0.000000000000000000e+00
0.000000000000000000e+00
0.000000000000000000e+00
0.000000000000000000e+00
0.000000000000000000e+00
0.000000000000000000e+00
0.000000000000000000e+00
0.000000000000000000e+00
0.000000000000000000e+00
0.000000000000000000e+00
1.181263764758946122e+00
9.705651271184425610e+00
3.511055542063589741e+01
7.168001944836132111e+01
8.778212699326041957e+01
7.393344589771984943e+01
5.485942281585558788e+01
3.383288927393976309e+01
2.173323649461416451e+01
1.431458624135624902e+01
7.069542159545844306e+00
3.227532649978955615e+00
1.219787559789061282e+00
0.000000000000000000e+00
0.000000000000000000e+00
0.000000000000000000e+00
0.000000000000000000e+00
0.000000000000000000e+00
0.000000000000000000e+00
0.000000000000000000e+00
0.000000000000000000e+00
0.000000000000000000e+00
0.000000000000000000e+00
0.000000000000000000e+00
0.000000000000000000e+00
0.000000000000000000e+00
6.496950706174203560e+00
3.396977944914549141e+01
7.292192279670531718e+01
9.537589364616673038e+01
8.165270166704772237e+01
6.478863812420732415e+01
4.338691994561963128e+01
2.685567864546191430e+01
1.719594677029997953e+01
1.038930406603209278e+01
6.154951041003199563e+00
2.624506504332357881e+00
1.009521453035330030e+00
0.000000000000000000e+00
0.000000000000000000e+00
0.000000000000000000e+00
0.000000000000000000e+00
0.000000000000000000e+00
0.000000000000000000e+00
0.000000000000000000e+00
0.000000000000000000e+00
0.000000000000000000e+00
0.000000000000000000e+00
0.000000000000000000e+00
0.000000000000000000e+00
0.000000000000000000e+00
5.577078870944724542e+00
2.894096223659418143e+01
7.521879735167929937e+01
9.568590927821649927e+01
9.922647320331010690e+01
7.420982805664658599e+01
4.742900302872593699e+01
3.285307640113025229e+01
2.409112349078201021e+01
1.441256735958623558e+01
8.573128731180617024e+00
4.268091886532339174e+00
2.226558076233591255e+00
7.846069092363463504e-01
0.000000000000000000e+00
0.000000000000000000e+00
0.000000000000000000e+00
0.000000000000000000e+00
0.000000000000000000e+00
0.000000000000000000e+00
0.000000000000000000e+00
0.000000000000000000e+00
0.000000000000000000e+00
0.000000000000000000e+00
0.000000000000000000e+00
0.000000000000000000e+00
8.960553845713439269e-01
5.601120086493789785e+00
2.091404576604271881e+01
6.142571576746519924e+01
9.414481733048893375e+01
9.221343676408767465e+01
8.175076598242861792e+01
5.998080497793853993e+01
3.905917896483312290e+01
2.586527919835016576e+01
1.704809012052606931e+01
1.181983037426384442e+01
6.444493123666523715e+00
3.543010639399432282e+00
1.523434473212457174e+00
6.417846480451327995e-01
0.000000000000000000e+00
0.000000000000000000e+00
0.000000000000000000e+00
0.000000000000000000e+00
0.000000000000000000e+00
0.000000000000000000e+00
0.000000000000000000e+00
0.000000000000000000e+00
0.000000000000000000e+00
0.000000000000000000e+00
0.000000000000000000e+00
0.000000000000000000e+00
0.000000000000000000e+00
2.688166153714031559e+00
2.240448034597515914e+01
4.879944012076634152e+01
9.036667800405938067e+01
9.365953476692970980e+01
8.102435866300591272e+01
5.894348706704092677e+01
4.618959799395997123e+01
3.223932232017972410e+01
1.752164074726946552e+01
1.290125738850621318e+01
8.845808538158747680e+00
5.214180800057460097e+00
2.578982163097726321e+00
1.396481600444752225e+00
5.090331873225304449e-01
0.000000000000000000e+00
0.000000000000000000e+00
0.000000000000000000e+00
0.000000000000000000e+00
0.000000000000000000e+00
0.000000000000000000e+00
0.000000000000000000e+00
0.000000000000000000e+00
0.000000000000000000e+00
0.000000000000000000e+00
0.000000000000000000e+00
0.000000000000000000e+00
0.000000000000000000e+00
3.930348314753239869e+00
6.272387691999407267e+00
4.160832064252529250e+01
8.783899221737941332e+01
1.015886837692693661e+02
9.123312194913360429e+01
7.678022559018178583e+01
4.442976412088511751e+01
3.042821858369875088e+01
2.340450803051508544e+01
1.418418536683718756e+01
9.017715623598730801e+00
6.024300642366733349e+00
4.179156146862533561e+00
2.175243741398721120e+00
1.027829989138532740e+00
3.912353394169568177e-01
0.000000000000000000e+00
0.000000000000000000e+00
0.000000000000000000e+00
0.000000000000000000e+00
0.000000000000000000e+00
0.000000000000000000e+00
0.000000000000000000e+00
0.000000000000000000e+00
0.000000000000000000e+00
0.000000000000000000e+00
0.000000000000000000e+00
0.000000000000000000e+00
0.000000000000000000e+00
1.058888938575228922e+00
4.912935393441549614e+00
3.942643692113913545e+01
8.481696130976310144e+01
9.411320594719222754e+01
9.981678812213094432e+01
6.405729838981720548e+01
5.710288134345178435e+01
3.347042230440012389e+01
2.451770130485079235e+01
1.875460577279685737e+01
1.251545767662104680e+01
6.187337727140735488e+00
4.918574575096889667e+00
3.085545192543365900e+00
1.598474567542999658e+00
7.568344338074706190e-01
3.262329000286480762e-01
0.000000000000000000e+00
0.000000000000000000e+00
0.000000000000000000e+00
0.000000000000000000e+00
0.000000000000000000e+00
0.000000000000000000e+00
0.000000000000000000e+00
0.000000000000000000e+00
0.000000000000000000e+00
0.000000000000000000e+00
0.000000000000000000e+00
0.000000000000000000e+00
0.000000000000000000e+00
0.000000000000000000e+00
4.235555754300915687e+00
2.554726404589606048e+01
8.064498461142095209e+01
1.104220817051632793e+02
7.529056475775378487e+01
6.851329835601887908e+01
5.095466917371823712e+01
3.202391318585471680e+01
2.725025532747620716e+01
1.838827597863809160e+01
1.410470351507862929e+01
8.760820373634732761e+00
6.187337727140735488e+00
3.431563657044341742e+00
2.245808209762576446e+00
1.268892182482587394e+00
6.713853848292078430e-01
2.395629808442364395e-01
0.000000000000000000e+00
0.000000000000000000e+00
0.000000000000000000e+00
0.000000000000000000e+00
0.000000000000000000e+00
0.000000000000000000e+00
0.000000000000000000e+00
0.000000000000000000e+00
0.000000000000000000e+00
0.000000000000000000e+00
0.000000000000000000e+00
0.000000000000000000e+00
0.000000000000000000e+00
0.000000000000000000e+00
4.500467945829562666e+00
3.282555709583209591e+01
6.288557303605183790e+01
9.767003691827649448e+01
8.721744134683186189e+01
6.413640701586433579e+01
5.492876506129099567e+01
4.173430046609303190e+01
2.199232592281589049e+01
1.777190564835404984e+01
1.576137941026122213e+01
8.834814289664635112e+00
6.466319799587541439e+00
4.015187248463668368e+00
2.821507895792014331e+00
2.030991772307025656e+00
1.186496586217484328e+00
4.858388784764086088e-01
2.069091732641940296e-01
0.000000000000000000e+00
0.000000000000000000e+00
0.000000000000000000e+00
0.000000000000000000e+00
0.000000000000000000e+00
0.000000000000000000e+00
0.000000000000000000e+00
0.000000000000000000e+00
0.000000000000000000e+00
0.000000000000000000e+00
0.000000000000000000e+00
0.000000000000000000e+00
0.000000000000000000e+00
0.000000000000000000e+00
4.728166320983708815e+00
2.025210575623303200e+01
5.929778056021282140e+01
8.057214045244141687e+01
1.039424246102758929e+02
5.681136087729414896e+01
4.740517040303015506e+01
4.016296800180416682e+01
2.717582355931639171e+01
1.851985340868706587e+01
1.214413552637526550e+01
1.050758627350748142e+01
6.664859902729461716e+00
5.319069512563944890e+00
3.356959830682739288e+00
2.211452134539686920e+00
1.523243829230269242e+00
7.003625682533761720e-01
4.443350546869666573e-01
1.687622017921818485e-01
0.000000000000000000e+00
0.000000000000000000e+00
0.000000000000000000e+00
0.000000000000000000e+00
0.000000000000000000e+00
0.000000000000000000e+00
0.000000000000000000e+00
0.000000000000000000e+00
0.000000000000000000e+00
0.000000000000000000e+00
0.000000000000000000e+00
0.000000000000000000e+00
0.000000000000000000e+00
0.000000000000000000e+00
1.230715447488967884e+00
1.536654054319705409e+01
4.725491343121041155e+01
7.200444782311556935e+01
9.039801123932451787e+01
7.347654153485019890e+01
5.121024079080036273e+01
3.206820350793216789e+01
3.071285788373259962e+01
1.455847690677663842e+01
1.620487173260118041e+01
1.332892923626553561e+01
6.348333373577436767e+00
6.044872935033698269e+00
3.650341822347805465e+00
2.962023380014181750e+00
1.410753947896007165e+00
1.015495886153512828e+00
6.921230086268658210e-01
3.417961959130512706e-01
1.245117148846477256e-01
0.000000000000000000e+00
0.000000000000000000e+00
0.000000000000000000e+00
0.000000000000000000e+00
0.000000000000000000e+00
0.000000000000000000e+00
0.000000000000000000e+00
0.000000000000000000e+00
0.000000000000000000e+00
0.000000000000000000e+00
0.000000000000000000e+00
0.000000000000000000e+00
0.000000000000000000e+00
0.000000000000000000e+00
0.000000000000000000e+00
1.107643902740071162e+01
3.191512266664003405e+01
9.113447590304863866e+01
8.047555933171739184e+01
6.092039887867521486e+01
3.673827076742509945e+01
2.800560043246894892e+01
3.206820350793216789e+01
2.067211588328155614e+01
1.649960716101352176e+01
1.157490838042941483e+01
8.293555969231888980e+00
5.691609231483218956e+00
4.184912031946406152e+00
2.920273457878244550e+00
1.974682253342787908e+00
9.532121269567616073e-01
1.035024653194926536e+00
5.932482931087421640e-01
2.294917315416201420e-01
1.181030236773496916e-01
0.000000000000000000e+00
0.000000000000000000e+00
0.000000000000000000e+00
0.000000000000000000e+00
0.000000000000000000e+00
0.000000000000000000e+00
0.000000000000000000e+00
0.000000000000000000e+00
0.000000000000000000e+00
0.000000000000000000e+00
0.000000000000000000e+00
0.000000000000000000e+00
0.000000000000000000e+00
0.000000000000000000e+00
0.000000000000000000e+00
1.145029643714096501e+01
3.199860163471316454e+01
6.028412059254228694e+01
8.550889097076168355e+01
5.718000268306236222e+01
3.930348314753239691e+01
3.225799384456838226e+01
2.320464035833141381e+01
2.300545034264698785e+01
1.653769270662524704e+01
8.735086144065983049e+00
9.645756983691180508e+00
5.331571694506214598e+00
3.940344852565305533e+00
3.874918548098524429e+00
1.773023170854648445e+00
1.250632093783765608e+00
1.296368492661195804e+00
5.858630112424112468e-01
4.119779813255153855e-01
2.001949147490728886e-01
8.483886455375506952e-02
0.000000000000000000e+00
0.000000000000000000e+00
0.000000000000000000e+00
0.000000000000000000e+00
0.000000000000000000e+00
0.000000000000000000e+00
0.000000000000000000e+00
0.000000000000000000e+00
0.000000000000000000e+00
0.000000000000000000e+00
0.000000000000000000e+00
0.000000000000000000e+00
0.000000000000000000e+00
0.000000000000000000e+00
0.000000000000000000e+00
3.923158970386321442e+00
3.689539963078755846e+01
7.630435774431600748e+01
6.737637007401785638e+01
5.513073233641214443e+01
3.070777921868164029e+01
2.947761236064929946e+01
1.971321846056956772e+01
1.280256019770009068e+01
7.668483447548996246e+00
1.122200576520998894e+01
9.220368707625205218e+00
5.787454190214707417e+00
3.554381129670809436e+00
4.159252899930044656e+00
2.169954386935173396e+00
1.042954806385087307e+00
1.382277577339951380e+00
1.029469097113302478e+00
6.249205453252386633e-01
2.801450273013504355e-01
1.806637035540413772e-01
7.232665791093507990e-02
0.000000000000000000e+00
0.000000000000000000e+00
0.000000000000000000e+00
0.000000000000000000e+00
0.000000000000000000e+00
0.000000000000000000e+00
0.000000000000000000e+00
0.000000000000000000e+00
0.000000000000000000e+00
0.000000000000000000e+00
0.000000000000000000e+00
0.000000000000000000e+00
0.000000000000000000e+00
0.000000000000000000e+00
0.000000000000000000e+00
5.352219260160286929e+00
1.569263588154528577e+01
5.852373734538715411e+01
5.169004879453665069e+01
4.728166320983709170e+01
4.275444548538084177e+01
1.800111195577889234e+01
2.849502528196098794e+01
8.960553845713439713e+00
5.601120086493789785e+00
7.668483447548996246e+00
1.063137388283051443e+01
5.823390762710655366e+00
2.314981676085883233e+00
2.665785847253107299e+00
1.532356331553174522e+00
1.859960903087291673e+00
1.460136728939122275e+00
1.053163868449486840e+00
8.006981866436797546e-01
4.491616419525152892e-01
1.977494310362473695e-01
1.391598797645994534e-01
5.737304509390631080e-02
0.000000000000000000e+00
0.000000000000000000e+00
0.000000000000000000e+00
0.000000000000000000e+00
0.000000000000000000e+00
0.000000000000000000e+00
0.000000000000000000e+00
0.000000000000000000e+00
0.000000000000000000e+00
0.000000000000000000e+00
0.000000000000000000e+00
0.000000000000000000e+00
0.000000000000000000e+00
0.000000000000000000e+00
0.000000000000000000e+00
5.456307676005680563e+00
1.739471259552093230e+01
4.838562730143129897e+01
5.470697186634016873e+01
4.676718700458077649e+01
3.191512266664003405e+01
2.137722274269042089e+01
1.588333407862843316e+01
1.473880618032464973e+01
8.064498461142095564e+00
6.401280098850045341e+00
1.394269717736181136e+00
3.543791294276838144e+00
5.823390762710655366e+00
2.700811955433530365e+00
1.777190564835404718e+00
1.532356331553174522e+00
1.394970677315468865e+00
1.147250287023596105e+00
5.265819342247434198e-01
8.388266717219501345e-01
3.124602726626193316e-01
2.883845869278607865e-01
1.293942741670836838e-01
5.249023274548875184e-02
0.000000000000000000e+00
0.000000000000000000e+00
0.000000000000000000e+00
0.000000000000000000e+00
0.000000000000000000e+00
0.000000000000000000e+00
0.000000000000000000e+00
0.000000000000000000e+00
0.000000000000000000e+00
0.000000000000000000e+00
0.000000000000000000e+00
0.000000000000000000e+00
0.000000000000000000e+00
0.000000000000000000e+00
0.000000000000000000e+00
2.772952782428174334e+00
2.318930762302414195e+01
4.816997334144258502e+01
5.623194524220394186e+01
4.198442026951687467e+01
2.461430894977935679e+01
1.536654054319705409e+01
1.237628685103129733e+01
1.270666726290274795e+01
1.080845786557140897e+01
1.164871999942747038e+01
6.401280098850045341e+00
6.274213729812815110e+00
1.771895647138419072e+00
5.338108199151434086e+00
1.157490838042941617e+00
2.073388992307972245e+00
1.094540236823696056e+00
9.299804515436458363e-01
7.300683644695611374e-01
4.607591924466504785e-01
4.575418209392455582e-01
4.882191760353427057e-01
1.730307521567164553e-01
1.025388587739153867e-01
3.417968643892290576e-02
0.000000000000000000e+00
0.000000000000000000e+00
0.000000000000000000e+00
0.000000000000000000e+00
0.000000000000000000e+00
0.000000000000000000e+00
0.000000000000000000e+00
0.000000000000000000e+00
0.000000000000000000e+00
0.000000000000000000e+00
0.000000000000000000e+00
0.000000000000000000e+00
0.000000000000000000e+00
0.000000000000000000e+00
0.000000000000000000e+00
4.217491661706206152e+00
1.386476391214087123e+01
3.955823065104118541e+01
5.486024741664294169e+01
3.530843073347689653e+01
1.781157223555261382e+01
1.230715447488967840e+01
1.182041580245927292e+01
7.875818905201734665e+00
7.412222570026602675e+00
1.965174157376619934e+00
2.688166153714031559e+00
4.800960074137534228e+00
4.879944012076633975e+00
2.953159411897365416e+00
2.426412817796106403e+00
2.700811955433530365e+00
2.665785847253107299e+00
2.189080473647392111e+00
4.649902257718229182e-01
1.042954806385087307e+00
4.607591924466504785e-01
2.287709104696227791e-01
3.319890397040330399e-01
1.812703117832267785e-01
6.835923918261024856e-02
3.509521375425119633e-02
0.000000000000000000e+00
0.000000000000000000e+00
0.000000000000000000e+00
0.000000000000000000e+00
0.000000000000000000e+00
0.000000000000000000e+00
0.000000000000000000e+00
0.000000000000000000e+00
0.000000000000000000e+00
0.000000000000000000e+00
0.000000000000000000e+00
0.000000000000000000e+00
0.000000000000000000e+00
0.000000000000000000e+00
0.000000000000000000e+00
1.422619279714792961e+00
1.827579720072689540e+01
3.466190978035218251e+01
3.819415373203976571e+01
3.345137037600179042e+01
1.961579485193160721e+01
1.908382739523494109e+01
6.153577237444839199e+00
5.910207901229636462e+00
3.375350959372171999e+00
5.294444692876144387e+00
5.895522472129860247e+00
2.688166153714031559e+00
1.600320024712511335e+00
2.091404576604271703e+00
1.181263764758946122e+00
1.941130254236885122e+00
7.716605586952943741e-01
1.480992137362837413e+00
6.567241420942175889e-01
9.299804515436458363e-01
2.085909612770174559e-01
2.632909671123717099e-01
4.575418209392455582e-01
1.171726022484822494e-01
1.647911925302061598e-01
5.859363358509450670e-02
2.655029214452047162e-02
0.000000000000000000e+00
0.000000000000000000e+00
0.000000000000000000e+00
0.000000000000000000e+00
0.000000000000000000e+00
0.000000000000000000e+00
0.000000000000000000e+00
0.000000000000000000e+00
0.000000000000000000e+00
0.000000000000000000e+00
0.000000000000000000e+00
0.000000000000000000e+00
0.000000000000000000e+00
0.000000000000000000e+00
0.000000000000000000e+00
0.000000000000000000e+00
4.267857839144379106e+00
3.233410273974758553e+01
3.604838617156626412e+01
2.864561529902982429e+01
1.739471259552093230e+01
1.830807519513616910e+01
1.017804127745863596e+01
7.384292684933807749e+00
2.364083160491854407e+00
4.500467945829562666e+00
5.294444692876144387e+00
1.965174157376619934e+00
1.792110769142687854e+00
1.600320024712511335e+00
2.091404576604271703e+00
1.771895647138419072e+00
9.705651271184425610e-01
1.543321117390588748e+00
5.923968549451349430e-01
8.756321894589568222e-01
4.649902257718229182e-01
3.128864419155261700e-01
5.924046760028363057e-01
3.431563657044341964e-01
1.757589033727233740e-01
9.063515589161338926e-02
5.859363358509450670e-02
2.502441328563998618e-02
0.000000000000000000e+00
0.000000000000000000e+00
0.000000000000000000e+00
0.000000000000000000e+00
0.000000000000000000e+00
0.000000000000000000e+00
0.000000000000000000e+00
0.000000000000000000e+00
0.000000000000000000e+00
0.000000000000000000e+00
0.000000000000000000e+00
0.000000000000000000e+00
0.000000000000000000e+00
0.000000000000000000e+00
0.000000000000000000e+00
1.450024003277625040e+00
4.311721402907301659e+00
3.414286271315503285e+01
4.076908606315999606e+01
9.705334738498610392e+00
1.500484610901562199e+01
5.352219260160286929e+00
5.230878627181762219e+00
2.544510319364658990e+00
4.922861789955871537e+00
1.182041580245927204e+00
1.125116986457390666e+00
4.235555754300915687e+00
3.930348314753239869e+00
2.688166153714031559e+00
2.400480037068767114e+00
3.485674294340452839e+00
1.771895647138419072e+00
4.852825635592212805e-01
1.543321117390588748e+00
2.961984274725674715e-01
6.567241420942175889e-01
1.549967419239409727e-01
6.257728838310523400e-01
5.924046760028363057e-01
2.287709104696227791e-01
1.367013692898959576e-01
9.063515589161338926e-02
3.173821819192618882e-02
1.953124939367023236e-02
0.000000000000000000e+00
0.000000000000000000e+00
0.000000000000000000e+00
0.000000000000000000e+00
0.000000000000000000e+00
0.000000000000000000e+00
0.000000000000000000e+00
0.000000000000000000e+00
0.000000000000000000e+00
0.000000000000000000e+00
0.000000000000000000e+00
0.000000000000000000e+00
0.000000000000000000e+00
0.000000000000000000e+00
0.000000000000000000e+00
2.922487529721168986e+00
2.900048006555250080e+00
2.587032841744381173e+01
3.841072055229940929e+01
1.546413609292275737e+01
1.941066947699722078e+01
8.184461514008521732e+00
4.014164445120215419e+00
5.230878627181762219e+00
5.089020638729317980e+00
4.922861789955871537e+00
0.000000000000000000e+00
2.250233972914781333e+00
2.117777877150457844e+00
1.965174157376619934e+00
8.960553845713439269e-01
8.001600123562556677e-01
1.394269717736181136e+00
2.953159411897365416e+00
9.705651271184425610e-01
7.716605586952943741e-01
8.885952824177023590e-01
4.378160947294784111e-01
4.649902257718229182e-01
3.128864419155261700e-01
1.974682253342787686e-01
7.625697015654092636e-02
9.764383520706854114e-02
4.119779813255153994e-02
2.197261259441044001e-02
1.403808550170048026e-02
0.000000000000000000e+00
0.000000000000000000e+00
0.000000000000000000e+00
0.000000000000000000e+00
0.000000000000000000e+00
0.000000000000000000e+00
0.000000000000000000e+00
0.000000000000000000e+00
0.000000000000000000e+00
0.000000000000000000e+00
0.000000000000000000e+00
0.000000000000000000e+00
0.000000000000000000e+00
0.000000000000000000e+00
0.000000000000000000e+00
1.471127674303734700e+00
5.844975059442337972e+00
1.740028803933149959e+01
1.724688561162920664e+01
2.276190847543668738e+01
9.840813877314481317e+00
1.109181112971269734e+01
4.092230757004260866e+00
5.352219260160286929e+00
7.846317940772642885e+00
0.000000000000000000e+00
8.615008132422774523e+00
1.182041580245927204e+00
2.250233972914781333e+00
3.176666815725686988e+00
0.000000000000000000e+00
0.000000000000000000e+00
3.200640049425022671e+00
1.394269717736181136e+00
2.362527529517892244e+00
1.455847690677663842e+00
0.000000000000000000e+00
5.923968549451349430e-01
6.567241420942175889e-01
3.099934838478819454e-01
2.085909612770174559e-01
2.632909671123717099e-01
3.812848507827046318e-02
5.858630112424112468e-02
3.295823850604123056e-02
2.197261259441044001e-02
1.373290972992438283e-02
0.000000000000000000e+00
0.000000000000000000e+00
0.000000000000000000e+00
0.000000000000000000e+00
0.000000000000000000e+00
0.000000000000000000e+00
0.000000000000000000e+00
0.000000000000000000e+00
0.000000000000000000e+00
0.000000000000000000e+00
0.000000000000000000e+00
0.000000000000000000e+00
0.000000000000000000e+00
0.000000000000000000e+00
0.000000000000000000e+00
0.000000000000000000e+00
4.413383022911204101e+00
1.607368141346642787e+01
3.480057607866299918e+01
1.724688561162920664e+01
1.138095423771834369e+01
9.840813877314481317e+00
2.772952782428174334e+00
4.092230757004260866e+00
5.352219260160286929e+00
2.615439313590881110e+00
1.272255159682329495e+00
1.230715447488967884e+00
0.000000000000000000e+00
2.250233972914781333e+00
2.117777877150457844e+00
9.825870786883099672e-01
0.000000000000000000e+00
8.001600123562556677e-01
6.971348588680905678e-01
1.181263764758946122e+00
1.455847690677663842e+00
3.858302793476471870e-01
0.000000000000000000e+00
4.378160947294784111e-01
6.199869676957638909e-01
5.214774031925436537e-01
1.316454835561858550e-01
0.000000000000000000e+00
7.811506816565483291e-02
5.767691738557215175e-02
2.197261259441044001e-02
7.629394294402434135e-03
0.000000000000000000e+00
0.000000000000000000e+00
0.000000000000000000e+00
0.000000000000000000e+00
0.000000000000000000e+00
0.000000000000000000e+00
0.000000000000000000e+00
0.000000000000000000e+00
0.000000000000000000e+00
0.000000000000000000e+00
0.000000000000000000e+00
0.000000000000000000e+00
0.000000000000000000e+00
0.000000000000000000e+00
0.000000000000000000e+00
0.000000000000000000e+00
4.439597946137316953e+00
2.059578744025228758e+01
1.899616894318759819e+01
8.700144019665749795e+00
5.748961870543069175e+00
7.113096398573964585e+00
5.623322215608275165e+00
2.772952782428174334e+00
0.000000000000000000e+00
0.000000000000000000e+00
6.538598283977202996e+00
0.000000000000000000e+00
1.230715447488967884e+00
2.364083160491854407e+00
2.250233972914781333e+00
2.117777877150457844e+00
0.000000000000000000e+00
0.000000000000000000e+00
0.000000000000000000e+00
6.971348588680905678e-01
0.000000000000000000e+00
1.941130254236885122e+00
3.858302793476471870e-01
0.000000000000000000e+00
2.189080473647392056e-01
0.000000000000000000e+00
0.000000000000000000e+00
6.582274177809292748e-02
7.625697015654092636e-02
0.000000000000000000e+00
5.767691738557215175e-02
1.953121119503150108e-02
8.239745837954629004e-03
0.000000000000000000e+00
0.000000000000000000e+00
0.000000000000000000e+00
0.000000000000000000e+00
0.000000000000000000e+00
0.000000000000000000e+00
0.000000000000000000e+00
0.000000000000000000e+00
0.000000000000000000e+00
0.000000000000000000e+00
0.000000000000000000e+00
0.000000000000000000e+00
0.000000000000000000e+00
0.000000000000000000e+00
0.000000000000000000e+00
0.000000000000000000e+00
0.000000000000000000e+00
2.367785571273235945e+01
1.471127674303734700e+01
4.383731294581753701e+00
7.250120016388125421e+00
4.311721402907301659e+00
2.845238559429585923e+00
2.811661107804137583e+00
1.386476391214087167e+00
2.728153838002840281e+00
0.000000000000000000e+00
1.307719656795440555e+00
1.272255159682329495e+00
1.230715447488967884e+00
1.182041580245927204e+00
0.000000000000000000e+00
0.000000000000000000e+00
0.000000000000000000e+00
0.000000000000000000e+00
8.001600123562556677e-01
1.394269717736181136e+00
5.906318823794730610e-01
0.000000000000000000e+00
7.716605586952943741e-01
0.000000000000000000e+00
2.189080473647392056e-01
0.000000000000000000e+00
2.085909612770174559e-01
6.582274177809292748e-02
7.625697015654092636e-02
1.952876704141370823e-02
4.119779813255153994e-02
1.220700699689468774e-02
3.967285033089265785e-03
0.000000000000000000e+00
0.000000000000000000e+00
0.000000000000000000e+00
0.000000000000000000e+00
0.000000000000000000e+00
0.000000000000000000e+00
0.000000000000000000e+00
0.000000000000000000e+00
0.000000000000000000e+00
0.000000000000000000e+00
0.000000000000000000e+00
0.000000000000000000e+00
0.000000000000000000e+00
0.000000000000000000e+00
0.000000000000000000e+00
0.000000000000000000e+00
2.989035579654610419e+00
1.636379840048742551e+01
5.919463928183089863e+00
1.324014906873361141e+01
1.168995011888467594e+01
1.450024003277625040e+00
0.000000000000000000e+00
1.422619279714792961e+00
1.405830553902068791e+00
0.000000000000000000e+00
1.364076919001420141e+00
1.338054815040071732e+00
0.000000000000000000e+00
0.000000000000000000e+00
1.230715447488967884e+00
1.182041580245927204e+00
0.000000000000000000e+00
0.000000000000000000e+00
0.000000000000000000e+00
0.000000000000000000e+00
8.001600123562556677e-01
0.000000000000000000e+00
5.906318823794730610e-01
0.000000000000000000e+00
0.000000000000000000e+00
0.000000000000000000e+00
2.189080473647392056e-01
0.000000000000000000e+00
1.042954806385087280e-01
1.316454835561858550e-01
0.000000000000000000e+00
3.905753408282741646e-02
4.119779813255153994e-02
7.324204198136813337e-03
4.577636576641460654e-03
0.000000000000000000e+00
0.000000000000000000e+00
0.000000000000000000e+00
0.000000000000000000e+00
0.000000000000000000e+00
0.000000000000000000e+00
0.000000000000000000e+00
0.000000000000000000e+00
0.000000000000000000e+00
0.000000000000000000e+00
0.000000000000000000e+00
0.000000000000000000e+00
0.000000000000000000e+00
0.000000000000000000e+00
0.000000000000000000e+00
0.000000000000000000e+00
3.001356539728552875e+00
7.472588949136525827e+00
1.487618036407947919e+01
1.627852580250349845e+01
5.884510697214938801e+00
2.922487529721168986e+00
4.350072009832874897e+00
0.000000000000000000e+00
1.422619279714792961e+00
0.000000000000000000e+00
1.386476391214087167e+00
0.000000000000000000e+00
1.338054815040071732e+00
0.000000000000000000e+00
0.000000000000000000e+00
0.000000000000000000e+00
0.000000000000000000e+00
1.125116986457390666e+00
0.000000000000000000e+00
9.825870786883099672e-01
8.960553845713439269e-01
0.000000000000000000e+00
0.000000000000000000e+00
0.000000000000000000e+00
0.000000000000000000e+00
0.000000000000000000e+00
2.961984274725674715e-01
0.000000000000000000e+00
0.000000000000000000e+00
0.000000000000000000e+00
6.582274177809292748e-02
7.625697015654092636e-02
1.952876704141370823e-02
2.471867887953092119e-02
1.220700699689468774e-02
2.136230402432681610e-03
0.000000000000000000e+00
0.000000000000000000e+00
0.000000000000000000e+00
0.000000000000000000e+00
0.000000000000000000e+00
0.000000000000000000e+00
0.000000000000000000e+00
0.000000000000000000e+00
0.000000000000000000e+00
0.000000000000000000e+00
0.000000000000000000e+00
0.000000000000000000e+00
0.000000000000000000e+00
0.000000000000000000e+00
0.000000000000000000e+00
0.000000000000000000e+00
0.000000000000000000e+00
1.350610442877848882e+01
1.942873126775496928e+01
2.975236072815895749e+00
0.000000000000000000e+00
0.000000000000000000e+00
1.461243764860584493e+00
0.000000000000000000e+00
1.437240467635767294e+00
0.000000000000000000e+00
0.000000000000000000e+00
1.386476391214087167e+00
1.364076919001420141e+00
0.000000000000000000e+00
0.000000000000000000e+00
0.000000000000000000e+00
0.000000000000000000e+00
0.000000000000000000e+00
0.000000000000000000e+00
0.000000000000000000e+00
0.000000000000000000e+00
8.960553845713439269e-01
0.000000000000000000e+00
0.000000000000000000e+00
0.000000000000000000e+00
0.000000000000000000e+00
0.000000000000000000e+00
0.000000000000000000e+00
0.000000000000000000e+00
1.549967419239409727e-01
1.042954806385087280e-01
0.000000000000000000e+00
1.143854552348113895e-01
7.811506816565483291e-02
8.239559626510307641e-03
7.324204198136813337e-03
2.746581945984876479e-03
0.000000000000000000e+00
0.000000000000000000e+00
0.000000000000000000e+00
0.000000000000000000e+00
0.000000000000000000e+00
0.000000000000000000e+00
0.000000000000000000e+00
0.000000000000000000e+00
0.000000000000000000e+00
0.000000000000000000e+00
0.000000000000000000e+00
0.000000000000000000e+00
0.000000000000000000e+00
0.000000000000000000e+00
0.000000000000000000e+00
0.000000000000000000e+00
1.511150001924220776e+00
1.054336646985003334e+01
1.050474788904993417e+01
5.978071159309220839e+00
1.487618036407947875e+00
0.000000000000000000e+00
2.942255348607469401e+00
2.922487529721168986e+00
0.000000000000000000e+00
1.437240467635767294e+00
0.000000000000000000e+00
0.000000000000000000e+00
1.386476391214087167e+00
1.364076919001420141e+00
1.338054815040071732e+00
0.000000000000000000e+00
0.000000000000000000e+00
0.000000000000000000e+00
0.000000000000000000e+00
0.000000000000000000e+00
0.000000000000000000e+00
0.000000000000000000e+00
0.000000000000000000e+00
0.000000000000000000e+00
0.000000000000000000e+00
0.000000000000000000e+00
0.000000000000000000e+00
0.000000000000000000e+00
2.961984274725674715e-01
0.000000000000000000e+00
0.000000000000000000e+00
0.000000000000000000e+00
6.582274177809292748e-02
3.812848507827046318e-02
1.952876704141370823e-02
8.239559626510307641e-03
4.882802798757875269e-03
2.136230402432681610e-03
0.000000000000000000e+00
0.000000000000000000e+00
0.000000000000000000e+00
0.000000000000000000e+00
0.000000000000000000e+00
0.000000000000000000e+00
0.000000000000000000e+00
0.000000000000000000e+00
0.000000000000000000e+00
0.000000000000000000e+00
0.000000000000000000e+00
0.000000000000000000e+00
0.000000000000000000e+00
0.000000000000000000e+00
0.000000000000000000e+00
0.000000000000000000e+00
0.000000000000000000e+00
9.066900011545325100e+00
4.518585629935728321e+00
6.002713079457105749e+00
1.494517789827305210e+00
0.000000000000000000e+00
1.479865982045772466e+00
0.000000000000000000e+00
0.000000000000000000e+00
0.000000000000000000e+00
0.000000000000000000e+00
0.000000000000000000e+00
0.000000000000000000e+00
0.000000000000000000e+00
1.364076919001420141e+00
0.000000000000000000e+00
0.000000000000000000e+00
0.000000000000000000e+00
0.000000000000000000e+00
2.364083160491854407e+00
1.125116986457390666e+00
0.000000000000000000e+00
0.000000000000000000e+00
0.000000000000000000e+00
0.000000000000000000e+00
0.000000000000000000e+00
0.000000000000000000e+00
0.000000000000000000e+00
0.000000000000000000e+00
0.000000000000000000e+00
0.000000000000000000e+00
0.000000000000000000e+00
0.000000000000000000e+00
0.000000000000000000e+00
3.812848507827046318e-02
0.000000000000000000e+00
0.000000000000000000e+00
0.000000000000000000e+00
1.525878858880486957e-03
0.000000000000000000e+00
0.000000000000000000e+00
0.000000000000000000e+00
0.000000000000000000e+00
0.000000000000000000e+00
0.000000000000000000e+00
0.000000000000000000e+00
0.000000000000000000e+00
0.000000000000000000e+00
0.000000000000000000e+00
0.000000000000000000e+00
0.000000000000000000e+00
0.000000000000000000e+00
0.000000000000000000e+00
0.000000000000000000e+00
0.000000000000000000e+00
0.000000000000000000e+00
4.546836305209025042e+00
7.555750009621103658e+00
3.012390419957152510e+00
1.500678269864276437e+00
1.494517789827305210e+00
0.000000000000000000e+00
2.959731964091544931e+00
0.000000000000000000e+00
0.000000000000000000e+00
0.000000000000000000e+00
0.000000000000000000e+00
0.000000000000000000e+00
0.000000000000000000e+00
0.000000000000000000e+00
0.000000000000000000e+00
1.338054815040071732e+00
0.000000000000000000e+00
0.000000000000000000e+00
0.000000000000000000e+00
0.000000000000000000e+00
0.000000000000000000e+00
0.000000000000000000e+00
0.000000000000000000e+00
0.000000000000000000e+00
0.000000000000000000e+00
0.000000000000000000e+00
5.906318823794730610e-01
4.852825635592212805e-01
0.000000000000000000e+00
0.000000000000000000e+00
0.000000000000000000e+00
0.000000000000000000e+00
0.000000000000000000e+00
0.000000000000000000e+00
0.000000000000000000e+00
0.000000000000000000e+00
8.239559626510307641e-03
0.000000000000000000e+00
1.831054630656584175e-03
0.000000000000000000e+00
0.000000000000000000e+00
0.000000000000000000e+00
0.000000000000000000e+00
0.000000000000000000e+00
0.000000000000000000e+00
0.000000000000000000e+00
0.000000000000000000e+00
0.000000000000000000e+00
0.000000000000000000e+00
0.000000000000000000e+00
0.000000000000000000e+00
0.000000000000000000e+00
0.000000000000000000e+00
0.000000000000000000e+00
0.000000000000000000e+00
0.000000000000000000e+00
6.078563983201253684e+00
6.062448406945366131e+00
6.044600007696883104e+00
3.012390419957152510e+00
0.000000000000000000e+00
0.000000000000000000e+00
0.000000000000000000e+00
2.959731964091544931e+00
0.000000000000000000e+00
0.000000000000000000e+00
0.000000000000000000e+00
0.000000000000000000e+00
0.000000000000000000e+00
0.000000000000000000e+00
0.000000000000000000e+00
0.000000000000000000e+00
0.000000000000000000e+00
0.000000000000000000e+00
0.000000000000000000e+00
1.230715447488967884e+00
0.000000000000000000e+00
1.125116986457390666e+00
0.000000000000000000e+00
1.965174157376619934e+00
0.000000000000000000e+00
8.001600123562556677e-01
0.000000000000000000e+00
0.000000000000000000e+00
0.000000000000000000e+00
0.000000000000000000e+00
0.000000000000000000e+00
0.000000000000000000e+00
0.000000000000000000e+00
0.000000000000000000e+00
6.582274177809292748e-02
0.000000000000000000e+00
1.952876704141370823e-02
2.471867887953092119e-02
7.324204198136813337e-03
2.136230402432681610e-03
0.000000000000000000e+00
0.000000000000000000e+00
0.000000000000000000e+00
0.000000000000000000e+00
0.000000000000000000e+00
0.000000000000000000e+00
0.000000000000000000e+00
0.000000000000000000e+00
0.000000000000000000e+00
0.000000000000000000e+00
0.000000000000000000e+00
0.000000000000000000e+00
0.000000000000000000e+00
0.000000000000000000e+00
0.000000000000000000e+00
0.000000000000000000e+00
1.526596647263466888e+00
3.046575624854821029e+00
1.063748697060219328e+01
4.546836305209025042e+00
3.022300003848441552e+00
1.506195209978576255e+00
0.000000000000000000e+00
0.000000000000000000e+00
0.000000000000000000e+00
1.479865982045772466e+00
0.000000000000000000e+00
0.000000000000000000e+00
0.000000000000000000e+00
0.000000000000000000e+00
0.000000000000000000e+00
0.000000000000000000e+00
1.386476391214087167e+00
0.000000000000000000e+00
0.000000000000000000e+00
1.307719656795440555e+00
0.000000000000000000e+00
1.230715447488967884e+00
0.000000000000000000e+00
0.000000000000000000e+00
0.000000000000000000e+00
0.000000000000000000e+00
0.000000000000000000e+00
0.000000000000000000e+00
0.000000000000000000e+00
0.000000000000000000e+00
4.852825635592212805e-01
0.000000000000000000e+00
2.961984274725674715e-01
0.000000000000000000e+00
1.549967419239409727e-01
0.000000000000000000e+00
0.000000000000000000e+00
0.000000000000000000e+00
0.000000000000000000e+00
1.647911925302061528e-02
2.441401399378937635e-03
1.831054630656584175e-03
0.000000000000000000e+00
0.000000000000000000e+00
0.000000000000000000e+00
0.000000000000000000e+00
0.000000000000000000e+00
0.000000000000000000e+00
0.000000000000000000e+00
0.000000000000000000e+00
0.000000000000000000e+00
0.000000000000000000e+00
0.000000000000000000e+00
0.000000000000000000e+00
0.000000000000000000e+00
0.000000000000000000e+00
0.000000000000000000e+00
0.000000000000000000e+00
0.000000000000000000e+00
6.106386589053867553e+00
6.093151249709642059e+00
3.039281991600626842e+00
1.515612101736341533e+00
0.000000000000000000e+00
0.000000000000000000e+00
0.000000000000000000e+00
2.989035579654610419e+00
0.000000000000000000e+00
0.000000000000000000e+00
0.000000000000000000e+00
0.000000000000000000e+00
0.000000000000000000e+00
0.000000000000000000e+00
0.000000000000000000e+00
0.000000000000000000e+00
0.000000000000000000e+00
0.000000000000000000e+00
0.000000000000000000e+00
0.000000000000000000e+00
0.000000000000000000e+00
0.000000000000000000e+00
0.000000000000000000e+00
0.000000000000000000e+00
1.058888938575228922e+00
0.000000000000000000e+00
0.000000000000000000e+00
0.000000000000000000e+00
0.000000000000000000e+00
0.000000000000000000e+00
0.000000000000000000e+00
0.000000000000000000e+00
0.000000000000000000e+00
0.000000000000000000e+00
0.000000000000000000e+00
0.000000000000000000e+00
0.000000000000000000e+00
0.000000000000000000e+00
0.000000000000000000e+00
0.000000000000000000e+00
2.441401399378937635e-03
9.155273153282920875e-04
0.000000000000000000e+00
0.000000000000000000e+00
0.000000000000000000e+00
0.000000000000000000e+00
0.000000000000000000e+00
0.000000000000000000e+00
0.000000000000000000e+00
0.000000000000000000e+00
0.000000000000000000e+00
0.000000000000000000e+00
0.000000000000000000e+00
0.000000000000000000e+00
0.000000000000000000e+00
0.000000000000000000e+00
0.000000000000000000e+00
0.000000000000000000e+00
0.000000000000000000e+00
4.588816971396429523e+00
4.579789941790400221e+00
0.000000000000000000e+00
3.039281991600626842e+00
0.000000000000000000e+00
0.000000000000000000e+00
0.000000000000000000e+00
0.000000000000000000e+00
0.000000000000000000e+00
0.000000000000000000e+00
0.000000000000000000e+00
0.000000000000000000e+00
0.000000000000000000e+00
0.000000000000000000e+00
0.000000000000000000e+00
0.000000000000000000e+00
0.000000000000000000e+00
0.000000000000000000e+00
0.000000000000000000e+00
0.000000000000000000e+00
0.000000000000000000e+00
0.000000000000000000e+00
0.000000000000000000e+00
0.000000000000000000e+00
0.000000000000000000e+00
0.000000000000000000e+00
0.000000000000000000e+00
0.000000000000000000e+00
0.000000000000000000e+00
0.000000000000000000e+00
0.000000000000000000e+00
0.000000000000000000e+00
3.858302793476471870e-01
0.000000000000000000e+00
0.000000000000000000e+00
0.000000000000000000e+00
1.042954806385087280e-01
0.000000000000000000e+00
0.000000000000000000e+00
0.000000000000000000e+00
8.239559626510307641e-03
7.324204198136813337e-03
9.155273153282920875e-04
0.000000000000000000e+00
0.000000000000000000e+00
0.000000000000000000e+00
0.000000000000000000e+00
0.000000000000000000e+00
0.000000000000000000e+00
0.000000000000000000e+00
0.000000000000000000e+00
0.000000000000000000e+00
0.000000000000000000e+00
0.000000000000000000e+00
0.000000000000000000e+00
0.000000000000000000e+00
0.000000000000000000e+00
0.000000000000000000e+00
0.000000000000000000e+00
0.000000000000000000e+00
0.000000000000000000e+00
4.588816971396429523e+00
3.053193294526933776e+00
3.046575624854821029e+00
1.519640995800313421e+00
0.000000000000000000e+00
0.000000000000000000e+00
0.000000000000000000e+00
0.000000000000000000e+00
0.000000000000000000e+00
0.000000000000000000e+00
1.479865982045772466e+00
0.000000000000000000e+00
0.000000000000000000e+00
0.000000000000000000e+00
0.000000000000000000e+00
0.000000000000000000e+00
0.000000000000000000e+00
0.000000000000000000e+00
0.000000000000000000e+00
0.000000000000000000e+00
0.000000000000000000e+00
0.000000000000000000e+00
0.000000000000000000e+00
0.000000000000000000e+00
0.000000000000000000e+00
0.000000000000000000e+00
0.000000000000000000e+00
0.000000000000000000e+00
0.000000000000000000e+00
0.000000000000000000e+00
0.000000000000000000e+00
0.000000000000000000e+00
3.858302793476471870e-01
0.000000000000000000e+00
0.000000000000000000e+00
0.000000000000000000e+00
0.000000000000000000e+00
0.000000000000000000e+00
0.000000000000000000e+00
0.000000000000000000e+00
0.000000000000000000e+00
2.441401399378937635e-03
9.155273153282920875e-04
0.000000000000000000e+00
0.000000000000000000e+00
0.000000000000000000e+00
0.000000000000000000e+00
0.000000000000000000e+00
0.000000000000000000e+00
0.000000000000000000e+00
0.000000000000000000e+00
0.000000000000000000e+00
0.000000000000000000e+00
0.000000000000000000e+00
0.000000000000000000e+00
0.000000000000000000e+00
0.000000000000000000e+00
0.000000000000000000e+00
0.000000000000000000e+00
0.000000000000000000e+00
1.534852417784438039e+00
7.661739829835326532e+00
0.000000000000000000e+00
1.526596647263466888e+00
0.000000000000000000e+00
0.000000000000000000e+00
0.000000000000000000e+00
0.000000000000000000e+00
0.000000000000000000e+00
0.000000000000000000e+00
0.000000000000000000e+00
0.000000000000000000e+00
0.000000000000000000e+00
0.000000000000000000e+00
0.000000000000000000e+00
0.000000000000000000e+00
0.000000000000000000e+00
0.000000000000000000e+00
0.000000000000000000e+00
0.000000000000000000e+00
0.000000000000000000e+00
0.000000000000000000e+00
0.000000000000000000e+00
0.000000000000000000e+00
0.000000000000000000e+00
0.000000000000000000e+00
0.000000000000000000e+00
0.000000000000000000e+00
9.825870786883099672e-01
0.000000000000000000e+00
0.000000000000000000e+00
0.000000000000000000e+00
0.000000000000000000e+00
0.000000000000000000e+00
0.000000000000000000e+00
0.000000000000000000e+00
0.000000000000000000e+00
1.549967419239409727e-01
0.000000000000000000e+00
0.000000000000000000e+00
0.000000000000000000e+00
0.000000000000000000e+00
0.000000000000000000e+00
0.000000000000000000e+00
2.136230402432681610e-03
0.000000000000000000e+00
0.000000000000000000e+00
0.000000000000000000e+00
0.000000000000000000e+00
0.000000000000000000e+00
0.000000000000000000e+00
0.000000000000000000e+00
0.000000000000000000e+00
0.000000000000000000e+00
0.000000000000000000e+00
0.000000000000000000e+00
0.000000000000000000e+00
0.000000000000000000e+00
0.000000000000000000e+00
0.000000000000000000e+00
0.000000000000000000e+00
0.000000000000000000e+00
4.611432614215427606e+00
1.534852417784438039e+00
4.597043897901196274e+00
0.000000000000000000e+00
0.000000000000000000e+00
0.000000000000000000e+00
0.000000000000000000e+00
0.000000000000000000e+00
0.000000000000000000e+00
0.000000000000000000e+00
0.000000000000000000e+00
0.000000000000000000e+00
0.000000000000000000e+00
0.000000000000000000e+00
0.000000000000000000e+00
0.000000000000000000e+00
0.000000000000000000e+00
0.000000000000000000e+00
1.422619279714792961e+00
0.000000000000000000e+00
0.000000000000000000e+00
0.000000000000000000e+00
0.000000000000000000e+00
0.000000000000000000e+00
1.272255159682329495e+00
0.000000000000000000e+00
0.000000000000000000e+00
0.000000000000000000e+00
0.000000000000000000e+00
0.000000000000000000e+00
0.000000000000000000e+00
0.000000000000000000e+00
0.000000000000000000e+00
0.000000000000000000e+00
0.000000000000000000e+00
0.000000000000000000e+00
0.000000000000000000e+00
0.000000000000000000e+00
0.000000000000000000e+00
1.042954806385087280e-01
0.000000000000000000e+00
0.000000000000000000e+00
0.000000000000000000e+00
0.000000000000000000e+00
4.882802798757875269e-03
6.103515435521947611e-04
0.000000000000000000e+00
0.000000000000000000e+00
0.000000000000000000e+00
0.000000000000000000e+00
0.000000000000000000e+00
0.000000000000000000e+00
0.000000000000000000e+00
0.000000000000000000e+00
0.000000000000000000e+00
0.000000000000000000e+00
0.000000000000000000e+00
0.000000000000000000e+00
0.000000000000000000e+00
0.000000000000000000e+00
0.000000000000000000e+00
0.000000000000000000e+00
0.000000000000000000e+00
4.617736178447984230e+00
3.074288409476952033e+00
0.000000000000000000e+00
1.532347965967065351e+00
0.000000000000000000e+00
0.000000000000000000e+00
0.000000000000000000e+00
0.000000000000000000e+00
0.000000000000000000e+00
0.000000000000000000e+00
0.000000000000000000e+00
0.000000000000000000e+00
0.000000000000000000e+00
0.000000000000000000e+00
0.000000000000000000e+00
0.000000000000000000e+00
0.000000000000000000e+00
0.000000000000000000e+00
0.000000000000000000e+00
0.000000000000000000e+00
1.405830553902068791e+00
0.000000000000000000e+00
0.000000000000000000e+00
0.000000000000000000e+00
0.000000000000000000e+00
0.000000000000000000e+00
0.000000000000000000e+00
0.000000000000000000e+00
0.000000000000000000e+00
0.000000000000000000e+00
0.000000000000000000e+00
0.000000000000000000e+00
0.000000000000000000e+00
6.971348588680905678e-01
0.000000000000000000e+00
0.000000000000000000e+00
0.000000000000000000e+00
0.000000000000000000e+00
0.000000000000000000e+00
0.000000000000000000e+00
0.000000000000000000e+00
0.000000000000000000e+00
0.000000000000000000e+00
0.000000000000000000e+00
0.000000000000000000e+00
0.000000000000000000e+00
9.155273153282920875e-04
0.000000000000000000e+00
