# pd_vector
0.000000000000000000e+00
0.000000000000000000e+00
0.000000000000000000e+00
0.000000000000000000e+00
0.000000000000000000e+00
0.000000000000000000e+00
0.000000000000000000e+00
0.000000000000000000e+00
0.000000000000000000e+00
0.000000000000000000e+00
0.000000000000000000e+00
0.000000000000000000e+00
0.000000000000000000e+00
1.037597624038731105e-02
0.000000000000000000e+00
0.000000000000000000e+00
0.000000000000000000e+00
0.000000000000000000e+00
0.000000000000000000e+00
3.875732301556436554e-02
0.000000000000000000e+00
0.000000000000000000e+00
0.000000000000000000e+00
0.000000000000000000e+00
0.000000000000000000e+00
0.000000000000000000e+00
7.650756598426761146e-01
0.000000000000000000e+00
0.000000000000000000e+00
0.000000000000000000e+00
0.000000000000000000e+00
0.000000000000000000e+00
0.000000000000000000e+00
0.000000000000000000e+00
1.881713808771416474e+00
0.000000000000000000e+00
0.000000000000000000e+00
0.000000000000000000e+00
0.000000000000000000e+00
0.000000000000000000e+00
0.000000000000000000e+00
0.000000000000000000e+00
4.663076672813770696e-01
7.702331303856921885e+00
0.000000000000000000e+00
0.000000000000000000e+00
0.000000000000000000e+00
0.000000000000000000e+00
0.000000000000000000e+00
0.000000000000000000e+00
0.000000000000000000e+00
1.647911925302061528e-02
3.540032029099459354e+00
1.247802695638107018e+01
0.000000000000000000e+00
0.000000000000000000e+00
0.000000000000000000e+00
0.000000000000000000e+00
0.000000000000000000e+00
0.000000000000000000e+00
0.000000000000000000e+00
0.000000000000000000e+00
8.321955222775411221e-01
6.967759593827487663e+00
1.332488972305974073e+01
0.000000000000000000e+00
0.000000000000000000e+00
0.000000000000000000e+00
0.000000000000000000e+00
0.000000000000000000e+00
0.000000000000000000e+00
0.000000000000000000e+00
0.000000000000000000e+00
3.905753408282741646e-02
3.007439263676262353e+00
9.987773124859234741e+00
1.283599813667443179e+01
0.000000000000000000e+00
0.000000000000000000e+00
0.000000000000000000e+00
0.000000000000000000e+00
0.000000000000000000e+00
0.000000000000000000e+00
0.000000000000000000e+00
0.000000000000000000e+00
3.812848507827046318e-02
8.006794486979620373e-01
5.775931298183725637e+00
1.246579554522885580e+01
1.211791954568527530e+01
0.000000000000000000e+00
0.000000000000000000e+00
0.000000000000000000e+00
0.000000000000000000e+00
0.000000000000000000e+00
0.000000000000000000e+00
0.000000000000000000e+00
0.000000000000000000e+00
0.000000000000000000e+00
2.287709104696227791e-01
3.046487658460538483e+00
1.183200762366880099e+01
1.553707850564755866e+01
1.107147182426503740e+01
0.000000000000000000e+00
0.000000000000000000e+00
0.000000000000000000e+00
0.000000000000000000e+00
0.000000000000000000e+00
0.000000000000000000e+00
0.000000000000000000e+00
0.000000000000000000e+00
0.000000000000000000e+00
6.582274177809292748e-02
1.372625462817736786e+00
9.940142424079578376e+00
1.845661356338309034e+01
1.698727093687864809e+01
9.805602722937784677e+00
0.000000000000000000e+00
0.000000000000000000e+00
0.000000000000000000e+00
0.000000000000000000e+00
0.000000000000000000e+00
0.000000000000000000e+00
0.000000000000000000e+00
0.000000000000000000e+00
0.000000000000000000e+00
0.000000000000000000e+00
4.607591924466504785e-01
8.464523687376042105e+00
1.970452594478643249e+01
2.530368761301315317e+01
1.729244611180101643e+01
8.439025616924419992e+00
0.000000000000000000e+00
0.000000000000000000e+00
0.000000000000000000e+00
0.000000000000000000e+00
0.000000000000000000e+00
0.000000000000000000e+00
0.000000000000000000e+00
0.000000000000000000e+00
0.000000000000000000e+00
0.000000000000000000e+00
3.128864419155261700e-01
4.607591924466505340e+00
1.891172859882215107e+01
3.083592315839224440e+01
2.823697084005082303e+01
1.588375750435936773e+01
7.052306909973834692e+00
0.000000000000000000e+00
0.000000000000000000e+00
0.000000000000000000e+00
0.000000000000000000e+00
0.000000000000000000e+00
0.000000000000000000e+00
0.000000000000000000e+00
0.000000000000000000e+00
0.000000000000000000e+00
0.000000000000000000e+00
0.000000000000000000e+00
2.920273457878244550e+00
1.770631753830699751e+01
3.431563657044341653e+01
3.651879436744363261e+01
2.654786111661621106e+01
1.393551918765497533e+01
5.775451480862642484e+00
0.000000000000000000e+00
0.000000000000000000e+00
0.000000000000000000e+00
0.000000000000000000e+00
0.000000000000000000e+00
0.000000000000000000e+00
0.000000000000000000e+00
0.000000000000000000e+00
0.000000000000000000e+00
0.000000000000000000e+00
2.189080473647392056e-01
1.394970677315468865e+00
1.209827575406701250e+01
3.284554814726837435e+01
4.605920997455071841e+01
3.778816422513552453e+01
2.419134706343426444e+01
1.150388339387355430e+01
4.807433932788861775e+00
0.000000000000000000e+00
0.000000000000000000e+00
0.000000000000000000e+00
0.000000000000000000e+00
0.000000000000000000e+00
0.000000000000000000e+00
0.000000000000000000e+00
0.000000000000000000e+00
0.000000000000000000e+00
0.000000000000000000e+00
0.000000000000000000e+00
1.532356331553174522e+00
7.284846870425226051e+00
3.108005323027560252e+01
4.772148778911737566e+01
4.975767302714295681e+01
3.565952861762143300e+01
2.137341767116773639e+01
9.746074386320719540e+00
3.893432496319450209e+00
0.000000000000000000e+00
0.000000000000000000e+00
0.000000000000000000e+00
0.000000000000000000e+00
0.000000000000000000e+00
0.000000000000000000e+00
0.000000000000000000e+00
0.000000000000000000e+00
0.000000000000000000e+00
0.000000000000000000e+00
0.000000000000000000e+00
1.777190564835404718e+00
6.129425326212698089e+00
2.882939399785302115e+01
5.266921772244690914e+01
5.667338067093800902e+01
4.743183543736845564e+01
3.191000534567000102e+01
1.753378288521393458e+01
8.308088962086523921e+00
3.139037988488937447e+00
0.000000000000000000e+00
0.000000000000000000e+00
0.000000000000000000e+00
0.000000000000000000e+00
0.000000000000000000e+00
0.000000000000000000e+00
0.000000000000000000e+00
0.000000000000000000e+00
0.000000000000000000e+00
0.000000000000000000e+00
0.000000000000000000e+00
0.000000000000000000e+00
2.073388992307972245e+00
2.057735645228548549e+01
5.021894438335687738e+01
6.497608443779093079e+01
5.983287227628647287e+01
4.480096996696779144e+01
2.609043276732871419e+01
1.437803154826048768e+01
6.520983137741142244e+00
2.465820235950866746e+00
0.000000000000000000e+00
0.000000000000000000e+00
0.000000000000000000e+00
0.000000000000000000e+00
0.000000000000000000e+00
0.000000000000000000e+00
0.000000000000000000e+00
0.000000000000000000e+00
0.000000000000000000e+00
0.000000000000000000e+00
0.000000000000000000e+00
4.852825635592212805e-01
2.700811955433530365e+00
1.717950879340891390e+01
5.253793136753741067e+01
7.083351105924101887e+01
6.747917597311514726e+01
5.180249777935913613e+01
3.530697718247844819e+01
2.157928758076214848e+01
1.180728894478927060e+01
5.090321917705084687e+00
1.991577086610811564e+00
0.000000000000000000e+00
0.000000000000000000e+00
0.000000000000000000e+00
0.000000000000000000e+00
0.000000000000000000e+00
0.000000000000000000e+00
0.000000000000000000e+00
0.000000000000000000e+00
0.000000000000000000e+00
0.000000000000000000e+00
0.000000000000000000e+00
0.000000000000000000e+00
1.941130254236885122e+00
1.581904145325353461e+01
4.620695468572052533e+01
7.727454071975293459e+01
7.904833838120990208e+01
6.038708328969655525e+01
4.449617344199081970e+01
2.684245349510240430e+01
1.695096979194709874e+01
9.121192506546909939e+00
4.064933329965930930e+00
1.590576122497019629e+00
0.000000000000000000e+00
0.000000000000000000e+00
0.000000000000000000e+00
0.000000000000000000e+00
0.000000000000000000e+00
0.000000000000000000e+00
0.000000000000000000e+00
0.000000000000000000e+00
0.000000000000000000e+00
0.000000000000000000e+00
0.000000000000000000e+00
0.000000000000000000e+00
1.181263764758946122e+00
1.261734665253975329e+01
3.896885821411236606e+01
7.493820215055957590e+01
8.493632237751880609e+01
7.300346544617619315e+01
5.590237762224067808e+01
3.692655813751013483e+01
2.360153226344941757e+01
1.409976980390069734e+01
7.506238819750890023e+00
3.413079156331754849e+00
1.282043417231385041e+00
0.000000000000000000e+00
0.000000000000000000e+00
0.000000000000000000e+00
0.000000000000000000e+00
0.000000000000000000e+00
0.000000000000000000e+00
0.000000000000000000e+00
0.000000000000000000e+00
0.000000000000000000e+00
0.000000000000000000e+00
0.000000000000000000e+00
0.000000000000000000e+00
0.000000000000000000e+00
4.725055059035784488e+00
3.542562713982315614e+01
7.253609251735767316e+01
8.619374239451713038e+01
7.968252924076507782e+01
6.075872283418485864e+01
4.474276119392024498e+01
2.843542444813614622e+01
1.776787404647403434e+01
1.015495886153512828e+01
6.179669719882730838e+00
2.812494412084536322e+00
9.829711608908097142e-01
0.000000000000000000e+00
0.000000000000000000e+00
0.000000000000000000e+00
0.000000000000000000e+00
0.000000000000000000e+00
0.000000000000000000e+00
0.000000000000000000e+00
0.000000000000000000e+00
0.000000000000000000e+00
0.000000000000000000e+00
0.000000000000000000e+00
0.000000000000000000e+00
0.000000000000000000e+00
2.788539435472362271e+00
2.894096223659418143e+01
7.910105786015306251e+01
9.800089095430239183e+01
8.797093295935253821e+01
7.026948320408128268e+01
5.114892483490051944e+01
3.608623630092402124e+01
2.481517365034103406e+01
1.319245583708157987e+01
7.987265719938206665e+00
4.548236913833689776e+00
2.026363161484518116e+00
8.175658925881649219e-01
0.000000000000000000e+00
0.000000000000000000e+00
0.000000000000000000e+00
0.000000000000000000e+00
0.000000000000000000e+00
0.000000000000000000e+00
0.000000000000000000e+00
0.000000000000000000e+00
0.000000000000000000e+00
0.000000000000000000e+00
0.000000000000000000e+00
0.000000000000000000e+00
0.000000000000000000e+00
4.800960074137534228e+00
2.021691090717462558e+01
5.197560564939362848e+01
8.298331836862683986e+01
9.877255151299767988e+01
8.175076598242861792e+01
5.604046012537323662e+01
3.409928322326701533e+01
2.753400688856630296e+01
1.737720382941653341e+01
1.109538915777670454e+01
6.346849288459455174e+00
3.790197428194741480e+00
1.616207726388856791e+00
6.463622846217742524e-01
0.000000000000000000e+00
0.000000000000000000e+00
0.000000000000000000e+00
0.000000000000000000e+00
0.000000000000000000e+00
0.000000000000000000e+00
0.000000000000000000e+00
0.000000000000000000e+00
0.000000000000000000e+00
0.000000000000000000e+00
0.000000000000000000e+00
0.000000000000000000e+00
0.000000000000000000e+00
8.960553845713439269e-01
1.200240018534383424e+01
5.437651899171106606e+01
9.627299682785411505e+01
1.096738593643840147e+02
8.256767978039650302e+01
6.664464618132768692e+01
4.465724166240679693e+01
3.208432557825577902e+01
2.148486901153279760e+01
1.369113028984332914e+01
8.464523687376042105e+00
5.370410936388769763e+00
2.760252474880953155e+00
1.237790509485121371e+00
5.044555507458889920e-01
0.000000000000000000e+00
0.000000000000000000e+00
0.000000000000000000e+00
0.000000000000000000e+00
0.000000000000000000e+00
0.000000000000000000e+00
0.000000000000000000e+00
0.000000000000000000e+00
0.000000000000000000e+00
0.000000000000000000e+00
0.000000000000000000e+00
0.000000000000000000e+00
0.000000000000000000e+00
1.965174157376619934e+00
1.164871999942747038e+01
5.361072082786913029e+01
8.993039679398368946e+01
8.800415047454148976e+01
8.152747067794916802e+01
6.520531720975237988e+01
5.450051065495241431e+01
3.152275882052244427e+01
2.340450803051508544e+01
1.366270796364464424e+01
1.125568884405389092e+01
6.291200037914626009e+00
4.354915050235256935e+00
1.977494310362473806e+00
1.022947186339774772e+00
4.064941280057617345e-01
0.000000000000000000e+00
0.000000000000000000e+00
0.000000000000000000e+00
0.000000000000000000e+00
0.000000000000000000e+00
0.000000000000000000e+00
0.000000000000000000e+00
0.000000000000000000e+00
0.000000000000000000e+00
0.000000000000000000e+00
0.000000000000000000e+00
0.000000000000000000e+00
0.000000000000000000e+00
1.058888938575228922e+00
9.825870786883099228e+00
3.763432615199644715e+01
7.521504116148803121e+01
8.295904820530277846e+01
1.027699475340283186e+02
7.473351478812007542e+01
5.401623910867060374e+01
3.613620815165322853e+01
2.692568982586292137e+01
1.828961554702503634e+01
1.147250287023596016e+01
7.240501595590221662e+00
6.176814582679814869e+00
2.890257522129228818e+00
1.936296512229922273e+00
7.812484478012600153e-01
3.256225484850959195e-01
0.000000000000000000e+00
0.000000000000000000e+00
0.000000000000000000e+00
0.000000000000000000e+00
0.000000000000000000e+00
0.000000000000000000e+00
0.000000000000000000e+00
0.000000000000000000e+00
0.000000000000000000e+00
0.000000000000000000e+00
0.000000000000000000e+00
0.000000000000000000e+00
0.000000000000000000e+00
0.000000000000000000e+00
2.117777877150457844e+00
3.046019943933760743e+01
5.555543384342332303e+01
1.056211216310257441e+02
8.574758764077513717e+01
6.496950706174203560e+01
5.241051686439590185e+01
3.742553709672177575e+01
3.110083488461958368e+01
1.773155183654387557e+01
1.410470351507862929e+01
8.447933931719207479e+00
5.594933051137898516e+00
4.041619418296669153e+00
2.773084919880746568e+00
1.474881173145345059e+00
7.177720114174076516e-01
2.606201090967871781e-01
0.000000000000000000e+00
0.000000000000000000e+00
0.000000000000000000e+00
0.000000000000000000e+00
0.000000000000000000e+00
0.000000000000000000e+00
0.000000000000000000e+00
0.000000000000000000e+00
0.000000000000000000e+00
0.000000000000000000e+00
0.000000000000000000e+00
0.000000000000000000e+00
0.000000000000000000e+00
0.000000000000000000e+00
6.750701918744343999e+00
2.329555664865503672e+01
6.092039887867521486e+01
1.012542584565618569e+02
8.641728133447561788e+01
6.622781159246859772e+01
5.433813317891151939e+01
4.319014815677069663e+01
2.276398648151118564e+01
1.925289778571688615e+01
1.576137941026122213e+01
9.454801257360399447e+00
7.300683644695610930e+00
6.121514985362642491e+00
3.279049716731259778e+00
1.542772596271682950e+00
9.805075955547266631e-01
4.907216812751664659e-01
2.142333917868203541e-01
0.000000000000000000e+00
0.000000000000000000e+00
0.000000000000000000e+00
0.000000000000000000e+00
0.000000000000000000e+00
0.000000000000000000e+00
0.000000000000000000e+00
0.000000000000000000e+00
0.000000000000000000e+00
0.000000000000000000e+00
0.000000000000000000e+00
0.000000000000000000e+00
0.000000000000000000e+00
0.000000000000000000e+00
0.000000000000000000e+00
1.687675479686085822e+01
4.659111329731007345e+01
8.843283708194789483e+01
9.229370461084842248e+01
5.521104085258163963e+01
4.740517040303015506e+01
3.957233611942469764e+01
3.396977944914549141e+01
1.774819284999177071e+01
1.569851665604607582e+01
1.138321846296643791e+01
1.053977845082798659e+01
5.631955954479471060e+00
2.764555154679902760e+00
2.783379410713743951e+00
1.406071226981786992e+00
7.662790452654586471e-01
4.370108504888298162e-01
1.623535105848838145e-01
0.000000000000000000e+00
0.000000000000000000e+00
0.000000000000000000e+00
0.000000000000000000e+00
0.000000000000000000e+00
0.000000000000000000e+00
0.000000000000000000e+00
0.000000000000000000e+00
0.000000000000000000e+00
0.000000000000000000e+00
0.000000000000000000e+00
0.000000000000000000e+00
0.000000000000000000e+00
1.272255159682329495e+00
1.230715447488967884e+00
2.364083160491854585e+01
3.600374356663650133e+01
8.682889296316876937e+01
9.138059831801282940e+01
5.913965538170869962e+01
5.361072082786913029e+01
3.555387780227261629e+01
3.484728106038890871e+01
1.649960716101352176e+01
2.276398648151118564e+01
1.125554024395756336e+01
6.786149468306915011e+00
5.889876193109756741e+00
3.858932783624823060e+00
3.883541764907482818e+00
2.135195164383145716e+00
9.764383520706854114e-01
7.745186048919688870e-01
4.296866462906930306e-01
1.416015581041091820e-01
0.000000000000000000e+00
0.000000000000000000e+00
0.000000000000000000e+00
0.000000000000000000e+00
0.000000000000000000e+00
0.000000000000000000e+00
0.000000000000000000e+00
0.000000000000000000e+00
0.000000000000000000e+00
0.000000000000000000e+00
0.000000000000000000e+00
0.000000000000000000e+00
0.000000000000000000e+00
0.000000000000000000e+00
1.272255159682329495e+00
9.845723579911743073e+00
3.900737214811559994e+01
5.738096630932692221e+01
8.047555933171739184e+01
6.386816011474014942e+01
4.390671384399585264e+01
3.520704054367524805e+01
2.858252921359171239e+01
2.126274776566102886e+01
1.067621639830286817e+01
1.118907810108176903e+01
8.293555969231888980e+00
4.815977042024262467e+00
5.579882709261875462e+00
3.337455380432279295e+00
2.698732412901810207e+00
1.677653343443900269e+00
1.035024653194926536e+00
7.003625682533761720e-01
2.832025623279567639e-01
1.071166958934101771e-01
0.000000000000000000e+00
0.000000000000000000e+00
0.000000000000000000e+00
0.000000000000000000e+00
0.000000000000000000e+00
0.000000000000000000e+00
0.000000000000000000e+00
0.000000000000000000e+00
0.000000000000000000e+00
0.000000000000000000e+00
0.000000000000000000e+00
0.000000000000000000e+00
0.000000000000000000e+00
0.000000000000000000e+00
0.000000000000000000e+00
8.905786117776306909e+00
3.199860163471316454e+01
6.264820375303413869e+01
7.875818905201734310e+01
7.200444782311556935e+01
4.126865730490901996e+01
3.494615999828241115e+01
2.480496038304392670e+01
1.463983203622990104e+01
1.122200576520998894e+01
1.164678152542131073e+01
1.080324782173412146e+01
8.293555969231888980e+00
4.597068994659522900e+00
2.479947870783055563e+00
2.085909612770174615e+00
1.711391286230416142e+00
1.220111522504654822e+00
7.420931475737209126e-01
4.531757794580669185e-01
2.099605203465886305e-01
8.209228260777019781e-02
0.000000000000000000e+00
0.000000000000000000e+00
0.000000000000000000e+00
0.000000000000000000e+00
0.000000000000000000e+00
0.000000000000000000e+00
0.000000000000000000e+00
0.000000000000000000e+00
0.000000000000000000e+00
0.000000000000000000e+00
0.000000000000000000e+00
0.000000000000000000e+00
0.000000000000000000e+00
0.000000000000000000e+00
1.338054815040071732e+00
3.923158970386321442e+00
3.816765479046988219e+01
5.661291058449252489e+01
5.792003743205043520e+01
5.175538137703996711e+01
4.976778011303576221e+01
2.456467696720774896e+01
2.060927384514091187e+01
1.760352027183762402e+01
1.324556231849372168e+01
5.906318823794730832e+00
6.308673326269876647e+00
5.787454190214707417e+00
4.442976412088512461e+00
3.940344852565305533e+00
2.789941354630937731e+00
1.460136728939122275e+00
1.382277577339951380e+00
8.769551568002206254e-01
4.686904089939289975e-01
2.636659080483298445e-01
1.782223021546624486e-01
7.263183368271117213e-02
0.000000000000000000e+00
0.000000000000000000e+00
0.000000000000000000e+00
0.000000000000000000e+00
0.000000000000000000e+00
0.000000000000000000e+00
0.000000000000000000e+00
0.000000000000000000e+00
0.000000000000000000e+00
0.000000000000000000e+00
0.000000000000000000e+00
0.000000000000000000e+00
0.000000000000000000e+00
0.000000000000000000e+00
0.000000000000000000e+00
4.014164445120215419e+00
1.830807519513616910e+01
4.834569606792852170e+01
6.030505692695942344e+01
4.609962162959116228e+01
3.825397753955128621e+01
2.117777877150457755e+01
1.866915449507789049e+01
1.612899692228419113e+01
1.120224017298757957e+01
8.365618306417086814e+00
9.450110118071568976e+00
4.367543072032991525e+00
3.472472514128824628e+00
5.035373267033646627e+00
3.502528757835827289e+00
2.324951128859114480e+00
9.386593257465785101e-01
6.582274177809293025e-01
7.244412164871387727e-01
3.319890397040330399e-01
3.543010639399432060e-01
1.416012811639783819e-01
5.889892395278679277e-02
0.000000000000000000e+00
0.000000000000000000e+00
0.000000000000000000e+00
0.000000000000000000e+00
0.000000000000000000e+00
0.000000000000000000e+00
0.000000000000000000e+00
0.000000000000000000e+00
0.000000000000000000e+00
0.000000000000000000e+00
0.000000000000000000e+00
0.000000000000000000e+00
0.000000000000000000e+00
0.000000000000000000e+00
0.000000000000000000e+00
2.728153838002840281e+00
1.873276741056100292e+01
5.492422558540850019e+01
5.216246154697550708e+01
3.446003252969109809e+01
3.073308108639410818e+01
2.025210575623303200e+01
1.694222301720366275e+01
1.277363202294803024e+01
1.433688615314150283e+01
9.601920148275068456e+00
2.788539435472362271e+00
5.906318823794730832e+00
8.249803580506760881e+00
3.086642234781177496e+00
5.923968549451349430e-01
2.845804615741609478e+00
1.549967419239409727e+00
1.460136728939122275e+00
1.053163868449486840e+00
4.575418209392455582e-01
3.515178067454467481e-01
1.647911925302061598e-01
1.220700699689468843e-01
5.187988120193655350e-02
0.000000000000000000e+00
0.000000000000000000e+00
0.000000000000000000e+00
0.000000000000000000e+00
0.000000000000000000e+00
0.000000000000000000e+00
0.000000000000000000e+00
0.000000000000000000e+00
0.000000000000000000e+00
0.000000000000000000e+00
0.000000000000000000e+00
0.000000000000000000e+00
0.000000000000000000e+00
0.000000000000000000e+00
0.000000000000000000e+00
4.159429173642261723e+00
1.636892302801704346e+01
2.809915111584150793e+01
5.100106661502218230e+01
4.452893058888152922e+01
2.584502439726832534e+01
2.009470686418076113e+01
2.250233972914781333e+01
1.376555620147797576e+01
9.825870786883099228e+00
1.433688615314150283e+01
5.601120086493789785e+00
4.879944012076633975e+00
4.134423176656311760e+00
4.852825635592212805e+00
3.858302793476471759e+00
2.073388992307972245e+00
1.970172426282652767e+00
4.649902257718229182e-01
1.773023170854648445e+00
7.898729013371150742e-01
8.006981866436797546e-01
2.929315056212056234e-01
1.235933943976546129e-01
9.765605597515750191e-02
4.302978382042973310e-02
0.000000000000000000e+00
0.000000000000000000e+00
0.000000000000000000e+00
0.000000000000000000e+00
0.000000000000000000e+00
0.000000000000000000e+00
0.000000000000000000e+00
0.000000000000000000e+00
0.000000000000000000e+00
0.000000000000000000e+00
0.000000000000000000e+00
0.000000000000000000e+00
0.000000000000000000e+00
0.000000000000000000e+00
0.000000000000000000e+00
1.405830553902068791e+00
1.663771669456904689e+01
4.092230757004260511e+01
3.211331556096172335e+01
3.400071107668145487e+01
3.307863415174056598e+01
1.846073171233451760e+01
1.063837422221334528e+01
7.875818905201734665e+00
9.530000447177060963e+00
7.860696629506479738e+00
8.064498461142095564e+00
5.601120086493789785e+00
5.577078870944724542e+00
3.543791294276838144e+00
1.941130254236885122e+00
7.716605586952943741e-01
1.777190564835404718e+00
1.313448284188435178e+00
9.299804515436458363e-01
7.300683644695611374e-01
3.949364506685575371e-01
3.812848507827046318e-01
1.171726022484822494e-01
1.895098714097370740e-01
1.025388587739153867e-01
3.631591684135558606e-02
0.000000000000000000e+00
0.000000000000000000e+00
0.000000000000000000e+00
0.000000000000000000e+00
0.000000000000000000e+00
0.000000000000000000e+00
0.000000000000000000e+00
0.000000000000000000e+00
0.000000000000000000e+00
0.000000000000000000e+00
0.000000000000000000e+00
0.000000000000000000e+00
0.000000000000000000e+00
0.000000000000000000e+00
0.000000000000000000e+00
1.422619279714792961e+00
1.265247498511861934e+01
2.772952782428174245e+01
4.228638448904402480e+01
2.809915111584150793e+01
2.223123416552249054e+01
1.145029643714096501e+01
6.153577237444839199e+00
4.728166320983708815e+00
5.625584932286953332e+00
3.176666815725686988e+00
7.860696629506479738e+00
2.688166153714031559e+00
3.200640049425022671e+00
3.485674294340452839e+00
2.362527529517892244e+00
1.455847690677663842e+00
7.716605586952943741e-01
8.885952824177023590e-01
4.378160947294784111e-01
9.299804515436458363e-01
3.128864419155261700e-01
4.607591924466504785e-01
4.194133358609750672e-01
2.929315056212056234e-01
1.153538347711443035e-01
5.371083078633662883e-02
2.319335865498340157e-02
0.000000000000000000e+00
0.000000000000000000e+00
0.000000000000000000e+00
0.000000000000000000e+00
0.000000000000000000e+00
0.000000000000000000e+00
0.000000000000000000e+00
0.000000000000000000e+00
0.000000000000000000e+00
0.000000000000000000e+00
0.000000000000000000e+00
0.000000000000000000e+00
0.000000000000000000e+00
0.000000000000000000e+00
0.000000000000000000e+00
1.437240467635767294e+00
4.267857839144379106e+00
2.249328886243310066e+01
3.188895699792400507e+01
1.909707686601988286e+01
2.140887704064114772e+01
7.846317940772642885e+00
7.633530958093976970e+00
2.461430894977935768e+00
8.274291061721489982e+00
3.375350959372171999e+00
5.294444692876144387e+00
3.930348314753239869e+00
4.480276922856719857e+00
1.600320024712511335e+00
6.971348588680905678e-01
2.953159411897365416e+00
1.455847690677663842e+00
1.543321117390588748e+00
2.961984274725674715e-01
4.378160947294784111e-01
6.199869676957638909e-01
1.042954806385087280e-01
2.632909671123717099e-01
3.812848507827046318e-01
2.343452044969644987e-01
9.063515589161338926e-02
7.324204198136813337e-02
2.410888597031169214e-02
0.000000000000000000e+00
0.000000000000000000e+00
0.000000000000000000e+00
0.000000000000000000e+00
0.000000000000000000e+00
0.000000000000000000e+00
0.000000000000000000e+00
0.000000000000000000e+00
0.000000000000000000e+00
0.000000000000000000e+00
0.000000000000000000e+00
0.000000000000000000e+00
0.000000000000000000e+00
0.000000000000000000e+00
0.000000000000000000e+00
0.000000000000000000e+00
8.623442805814603318e+00
1.849405063629230739e+01
2.811661107804137671e+01
2.357009865063948340e+01
1.364076919001420052e+01
1.605665778048086167e+01
7.846317940772642885e+00
6.361275798411647031e+00
2.461430894977935768e+00
2.364083160491854407e+00
5.625584932286953332e+00
2.117777877150457844e+00
3.930348314753239869e+00
2.688166153714031559e+00
4.000800061781278671e+00
6.971348588680905678e-01
1.181263764758946122e+00
9.705651271184425610e-01
7.716605586952943741e-01
2.961984274725674715e-01
6.567241420942175889e-01
1.549967419239409727e-01
6.257728838310523400e-01
1.974682253342787686e-01
3.812848507827046318e-02
1.367013692898959576e-01
8.239559626510307988e-02
5.126942938695769336e-02
1.495361281702877083e-02
0.000000000000000000e+00
0.000000000000000000e+00
0.000000000000000000e+00
0.000000000000000000e+00
0.000000000000000000e+00
0.000000000000000000e+00
0.000000000000000000e+00
0.000000000000000000e+00
0.000000000000000000e+00
0.000000000000000000e+00
0.000000000000000000e+00
0.000000000000000000e+00
0.000000000000000000e+00
0.000000000000000000e+00
0.000000000000000000e+00
0.000000000000000000e+00
1.160019202622100032e+01
2.730756888507957925e+01
2.560714703486627286e+01
1.827579720072689540e+01
1.109181112971269734e+01
1.091261535201136113e+01
8.028328890240430837e+00
6.538598283977202996e+00
6.361275798411647031e+00
3.692146342466903874e+00
2.364083160491854407e+00
4.500467945829562666e+00
3.176666815725686988e+00
9.825870786883099672e-01
8.960553845713439269e-01
0.000000000000000000e+00
0.000000000000000000e+00
0.000000000000000000e+00
1.941130254236885122e+00
1.157490838042941617e+00
2.961984274725674715e-01
6.567241420942175889e-01
4.649902257718229182e-01
5.214774031925436537e-01
6.582274177809292748e-02
7.625697015654092636e-02
7.811506816565483291e-02
9.063515589161338926e-02
3.906242239006300215e-02
1.464843704525267340e-02
0.000000000000000000e+00
0.000000000000000000e+00
0.000000000000000000e+00
0.000000000000000000e+00
0.000000000000000000e+00
0.000000000000000000e+00
0.000000000000000000e+00
0.000000000000000000e+00
0.000000000000000000e+00
0.000000000000000000e+00
0.000000000000000000e+00
0.000000000000000000e+00
0.000000000000000000e+00
0.000000000000000000e+00
0.000000000000000000e+00
0.000000000000000000e+00
2.922487529721168986e+00
2.465040805571962679e+01
2.155860701453650918e+01
1.849405063629230739e+01
5.623322215608275165e+00
4.159429173642261723e+00
2.728153838002840281e+00
1.338054815040071732e+00
3.923158970386321442e+00
5.089020638729317980e+00
1.230715447488967884e+00
0.000000000000000000e+00
1.125116986457390666e+00
1.058888938575228922e+00
0.000000000000000000e+00
0.000000000000000000e+00
8.001600123562556677e-01
6.971348588680905678e-01
0.000000000000000000e+00
9.705651271184425610e-01
7.716605586952943741e-01
5.923968549451349430e-01
4.378160947294784111e-01
4.649902257718229182e-01
2.085909612770174559e-01
6.582274177809292748e-02
1.906424253913523159e-01
3.905753408282741646e-02
4.943735775906184238e-02
2.441401399378937548e-02
1.464843704525267340e-02
0.000000000000000000e+00
0.000000000000000000e+00
0.000000000000000000e+00
0.000000000000000000e+00
0.000000000000000000e+00
0.000000000000000000e+00
0.000000000000000000e+00
0.000000000000000000e+00
0.000000000000000000e+00
0.000000000000000000e+00
0.000000000000000000e+00
0.000000000000000000e+00
0.000000000000000000e+00
0.000000000000000000e+00
0.000000000000000000e+00
1.479865982045772466e+00
5.884510697214938801e+00
1.168995011888467594e+01
2.610043205899724938e+01
2.730756888507957925e+01
1.138095423771834369e+01
1.124664443121655033e+01
5.545905564856348668e+00
1.364076919001420141e+00
1.338054815040071732e+00
2.615439313590881110e+00
3.816765479046988485e+00
0.000000000000000000e+00
2.364083160491854407e+00
0.000000000000000000e+00
1.058888938575228922e+00
1.965174157376619934e+00
1.792110769142687854e+00
2.400480037068767114e+00
2.091404576604271703e+00
0.000000000000000000e+00
9.705651271184425610e-01
7.716605586952943741e-01
1.184793709890269886e+00
6.567241420942175889e-01
3.099934838478819454e-01
1.042954806385087280e-01
1.316454835561858550e-01
1.143854552348113895e-01
5.858630112424112468e-02
4.943735775906184238e-02
1.953121119503150108e-02
8.239745837954629004e-03
0.000000000000000000e+00
0.000000000000000000e+00
0.000000000000000000e+00
0.000000000000000000e+00
0.000000000000000000e+00
0.000000000000000000e+00
0.000000000000000000e+00
0.000000000000000000e+00
0.000000000000000000e+00
0.000000000000000000e+00
0.000000000000000000e+00
0.000000000000000000e+00
0.000000000000000000e+00
0.000000000000000000e+00
0.000000000000000000e+00
0.000000000000000000e+00
1.479865982045772466e+00
1.176902139442987760e+01
2.484114400262993527e+01
1.595026403605387522e+01
7.186202338178836690e+00
5.690477118859171846e+00
1.405830553902068791e+00
2.772952782428174334e+00
2.728153838002840281e+00
4.014164445120215419e+00
1.307719656795440555e+00
2.544510319364658990e+00
2.461430894977935768e+00
0.000000000000000000e+00
0.000000000000000000e+00
0.000000000000000000e+00
9.825870786883099672e-01
1.792110769142687854e+00
0.000000000000000000e+00
1.394269717736181136e+00
0.000000000000000000e+00
0.000000000000000000e+00
7.716605586952943741e-01
2.961984274725674715e-01
2.189080473647392056e-01
0.000000000000000000e+00
1.042954806385087280e-01
1.316454835561858550e-01
7.625697015654092636e-02
1.757589033727233740e-01
5.767691738557215175e-02
1.953121119503150108e-02
9.460448925059018743e-03
0.000000000000000000e+00
0.000000000000000000e+00
0.000000000000000000e+00
0.000000000000000000e+00
0.000000000000000000e+00
0.000000000000000000e+00
0.000000000000000000e+00
0.000000000000000000e+00
0.000000000000000000e+00
0.000000000000000000e+00
0.000000000000000000e+00
0.000000000000000000e+00
0.000000000000000000e+00
0.000000000000000000e+00
0.000000000000000000e+00
1.494517789827305210e+00
2.975236072815895749e+00
7.399329910228862772e+00
2.353804278885975521e+01
1.315119388374526110e+01
1.160019202622100032e+01
8.623442805814603318e+00
0.000000000000000000e+00
1.405830553902068791e+00
5.545905564856348668e+00
2.728153838002840281e+00
0.000000000000000000e+00
2.615439313590881110e+00
0.000000000000000000e+00
0.000000000000000000e+00
3.546124740737781611e+00
1.125116986457390666e+00
1.058888938575228922e+00
0.000000000000000000e+00
0.000000000000000000e+00
0.000000000000000000e+00
6.971348588680905678e-01
5.906318823794730610e-01
0.000000000000000000e+00
0.000000000000000000e+00
2.961984274725674715e-01
2.189080473647392056e-01
0.000000000000000000e+00
3.128864419155261700e-01
6.582274177809292748e-02
7.625697015654092636e-02
1.952876704141370823e-02
1.647911925302061528e-02
1.220700699689468774e-02
5.493163891969752959e-03
0.000000000000000000e+00
0.000000000000000000e+00
0.000000000000000000e+00
0.000000000000000000e+00
0.000000000000000000e+00
0.000000000000000000e+00
0.000000000000000000e+00
0.000000000000000000e+00
0.000000000000000000e+00
0.000000000000000000e+00
0.000000000000000000e+00
0.000000000000000000e+00
0.000000000000000000e+00
0.000000000000000000e+00
0.000000000000000000e+00
0.000000000000000000e+00
2.989035579654610419e+00
8.925708218447686804e+00
1.627852580250349845e+01
1.765353209164481640e+01
4.383731294581753701e+00
5.800096013110500159e+00
1.437240467635767294e+00
1.422619279714792961e+00
2.811661107804137583e+00
2.772952782428174334e+00
0.000000000000000000e+00
1.338054815040071732e+00
0.000000000000000000e+00
0.000000000000000000e+00
0.000000000000000000e+00
1.182041580245927204e+00
0.000000000000000000e+00
0.000000000000000000e+00
9.825870786883099672e-01
8.960553845713439269e-01
0.000000000000000000e+00
6.971348588680905678e-01
0.000000000000000000e+00
0.000000000000000000e+00
7.716605586952943741e-01
0.000000000000000000e+00
2.189080473647392056e-01
0.000000000000000000e+00
1.042954806385087280e-01
0.000000000000000000e+00
1.525139403130818527e-01
3.905753408282741646e-02
1.647911925302061528e-02
1.464840839627362667e-02
6.103515435521947828e-03
0.000000000000000000e+00
0.000000000000000000e+00
0.000000000000000000e+00
0.000000000000000000e+00
0.000000000000000000e+00
0.000000000000000000e+00
0.000000000000000000e+00
0.000000000000000000e+00
0.000000000000000000e+00
0.000000000000000000e+00
0.000000000000000000e+00
0.000000000000000000e+00
0.000000000000000000e+00
0.000000000000000000e+00
0.000000000000000000e+00
1.506195209978576255e+00
3.001356539728552875e+00
8.967106738963831702e+00
1.338856232767153109e+01
1.183892785636617973e+01
7.355638371518673502e+00
4.383731294581753701e+00
0.000000000000000000e+00
0.000000000000000000e+00
0.000000000000000000e+00
1.405830553902068791e+00
1.386476391214087167e+00
1.364076919001420141e+00
0.000000000000000000e+00
0.000000000000000000e+00
1.272255159682329495e+00
0.000000000000000000e+00
0.000000000000000000e+00
0.000000000000000000e+00
0.000000000000000000e+00
9.825870786883099672e-01
8.960553845713439269e-01
0.000000000000000000e+00
1.394269717736181136e+00
1.181263764758946122e+00
0.000000000000000000e+00
0.000000000000000000e+00
2.961984274725674715e-01
0.000000000000000000e+00
0.000000000000000000e+00
2.085909612770174559e-01
6.582274177809292748e-02
1.143854552348113895e-01
7.811506816565483291e-02
2.471867887953092119e-02
9.765605597515750538e-03
6.103515435521947828e-03
0.000000000000000000e+00
0.000000000000000000e+00
0.000000000000000000e+00
0.000000000000000000e+00
0.000000000000000000e+00
0.000000000000000000e+00
0.000000000000000000e+00
0.000000000000000000e+00
0.000000000000000000e+00
0.000000000000000000e+00
0.000000000000000000e+00
0.000000000000000000e+00
0.000000000000000000e+00
0.000000000000000000e+00
0.000000000000000000e+00
0.000000000000000000e+00
0.000000000000000000e+00
1.050474788904993417e+01
1.494517789827305165e+01
7.438090182039739595e+00
7.399329910228862772e+00
4.413383022911204101e+00
2.922487529721168986e+00
5.800096013110500159e+00
0.000000000000000000e+00
1.422619279714792961e+00
0.000000000000000000e+00
0.000000000000000000e+00
1.364076919001420141e+00
1.338054815040071732e+00
0.000000000000000000e+00
0.000000000000000000e+00
1.230715447488967884e+00
0.000000000000000000e+00
0.000000000000000000e+00
1.058888938575228922e+00
1.965174157376619934e+00
0.000000000000000000e+00
0.000000000000000000e+00
1.394269717736181136e+00
0.000000000000000000e+00
4.852825635592212805e-01
0.000000000000000000e+00
5.923968549451349430e-01
2.189080473647392056e-01
1.549967419239409727e-01
1.042954806385087280e-01
1.316454835561858550e-01
3.812848507827046318e-02
7.811506816565483291e-02
3.295823850604123056e-02
1.220700699689468774e-02
4.577636576641460654e-03
0.000000000000000000e+00
0.000000000000000000e+00
0.000000000000000000e+00
0.000000000000000000e+00
0.000000000000000000e+00
0.000000000000000000e+00
0.000000000000000000e+00
0.000000000000000000e+00
0.000000000000000000e+00
0.000000000000000000e+00
0.000000000000000000e+00
0.000000000000000000e+00
0.000000000000000000e+00
0.000000000000000000e+00
0.000000000000000000e+00
0.000000000000000000e+00
3.022300003848441552e+00
4.518585629935728321e+00
7.503391349321382187e+00
4.483553369481915851e+00
4.462854109223843402e+00
2.959731964091544931e+00
1.471127674303734700e+00
1.461243764860584493e+00
1.450024003277625040e+00
0.000000000000000000e+00
1.422619279714792961e+00
0.000000000000000000e+00
0.000000000000000000e+00
1.364076919001420141e+00
0.000000000000000000e+00
0.000000000000000000e+00
0.000000000000000000e+00
1.230715447488967884e+00
0.000000000000000000e+00
0.000000000000000000e+00
1.058888938575228922e+00
0.000000000000000000e+00
0.000000000000000000e+00
0.000000000000000000e+00
0.000000000000000000e+00
5.906318823794730610e-01
0.000000000000000000e+00
3.858302793476471870e-01
0.000000000000000000e+00
0.000000000000000000e+00
0.000000000000000000e+00
2.085909612770174559e-01
0.000000000000000000e+00
3.812848507827046318e-02
3.905753408282741646e-02
2.471867887953092119e-02
1.220700699689468774e-02
3.662109261313168350e-03
0.000000000000000000e+00
0.000000000000000000e+00
0.000000000000000000e+00
0.000000000000000000e+00
0.000000000000000000e+00
0.000000000000000000e+00
0.000000000000000000e+00
0.000000000000000000e+00
0.000000000000000000e+00
0.000000000000000000e+00
0.000000000000000000e+00
0.000000000000000000e+00
0.000000000000000000e+00
0.000000000000000000e+00
0.000000000000000000e+00
0.000000000000000000e+00
0.000000000000000000e+00
9.066900011545325100e+00
7.530976049892881719e+00
0.000000000000000000e+00
1.494517789827305210e+00
1.487618036407947875e+00
2.959731964091544931e+00
1.471127674303734700e+00
0.000000000000000000e+00
1.450024003277625040e+00
0.000000000000000000e+00
0.000000000000000000e+00
0.000000000000000000e+00
1.386476391214087167e+00
0.000000000000000000e+00
0.000000000000000000e+00
0.000000000000000000e+00
0.000000000000000000e+00
0.000000000000000000e+00
0.000000000000000000e+00
1.125116986457390666e+00
1.058888938575228922e+00
0.000000000000000000e+00
0.000000000000000000e+00
0.000000000000000000e+00
0.000000000000000000e+00
0.000000000000000000e+00
0.000000000000000000e+00
0.000000000000000000e+00
0.000000000000000000e+00
0.000000000000000000e+00
0.000000000000000000e+00
2.085909612770174559e-01
0.000000000000000000e+00
3.812848507827046318e-02
1.952876704141370823e-02
8.239559626510307641e-03
2.441401399378937635e-03
3.051757717760973914e-03
0.000000000000000000e+00
0.000000000000000000e+00
0.000000000000000000e+00
0.000000000000000000e+00
0.000000000000000000e+00
0.000000000000000000e+00
0.000000000000000000e+00
0.000000000000000000e+00
0.000000000000000000e+00
0.000000000000000000e+00
0.000000000000000000e+00
0.000000000000000000e+00
0.000000000000000000e+00
0.000000000000000000e+00
0.000000000000000000e+00
1.523287812427410515e+00
0.000000000000000000e+00
4.546836305209025042e+00
4.533450005772662550e+00
4.518585629935728321e+00
1.500678269864276437e+00
0.000000000000000000e+00
0.000000000000000000e+00
1.479865982045772466e+00
0.000000000000000000e+00
1.461243764860584493e+00
0.000000000000000000e+00
1.437240467635767294e+00
1.422619279714792961e+00
0.000000000000000000e+00
0.000000000000000000e+00
2.728153838002840281e+00
0.000000000000000000e+00
0.000000000000000000e+00
0.000000000000000000e+00
1.230715447488967884e+00
0.000000000000000000e+00
0.000000000000000000e+00
2.117777877150457844e+00
0.000000000000000000e+00
0.000000000000000000e+00
0.000000000000000000e+00
0.000000000000000000e+00
5.906318823794730610e-01
0.000000000000000000e+00
0.000000000000000000e+00
0.000000000000000000e+00
2.189080473647392056e-01
0.000000000000000000e+00
1.042954806385087280e-01
6.582274177809292748e-02
3.812848507827046318e-02
0.000000000000000000e+00
0.000000000000000000e+00
7.324204198136813337e-03
3.662109261313168350e-03
0.000000000000000000e+00
0.000000000000000000e+00
0.000000000000000000e+00
0.000000000000000000e+00
0.000000000000000000e+00
0.000000000000000000e+00
0.000000000000000000e+00
0.000000000000000000e+00
0.000000000000000000e+00
0.000000000000000000e+00
0.000000000000000000e+00
0.000000000000000000e+00
0.000000000000000000e+00
0.000000000000000000e+00
0.000000000000000000e+00
0.000000000000000000e+00
0.000000000000000000e+00
1.215712796640250737e+01
1.364050891562707335e+01
1.511150001924220776e+00
1.506195209978576255e+00
0.000000000000000000e+00
0.000000000000000000e+00
0.000000000000000000e+00
0.000000000000000000e+00
1.471127674303734700e+00
0.000000000000000000e+00
0.000000000000000000e+00
1.437240467635767294e+00
1.422619279714792961e+00
0.000000000000000000e+00
0.000000000000000000e+00
0.000000000000000000e+00
0.000000000000000000e+00
0.000000000000000000e+00
1.272255159682329495e+00
0.000000000000000000e+00
0.000000000000000000e+00
0.000000000000000000e+00
0.000000000000000000e+00
0.000000000000000000e+00
0.000000000000000000e+00
0.000000000000000000e+00
0.000000000000000000e+00
0.000000000000000000e+00
0.000000000000000000e+00
3.858302793476471870e-01
0.000000000000000000e+00
0.000000000000000000e+00
0.000000000000000000e+00
2.085909612770174559e-01
0.000000000000000000e+00
7.625697015654092636e-02
1.952876704141370823e-02
1.647911925302061528e-02
4.882802798757875269e-03
2.136230402432681610e-03
0.000000000000000000e+00
0.000000000000000000e+00
0.000000000000000000e+00
0.000000000000000000e+00
0.000000000000000000e+00
0.000000000000000000e+00
0.000000000000000000e+00
0.000000000000000000e+00
0.000000000000000000e+00
0.000000000000000000e+00
0.000000000000000000e+00
0.000000000000000000e+00
0.000000000000000000e+00
0.000000000000000000e+00
0.000000000000000000e+00
0.000000000000000000e+00
0.000000000000000000e+00
4.569863437282231544e+00
7.598204979001566883e+00
3.031224203472683065e+00
0.000000000000000000e+00
0.000000000000000000e+00
0.000000000000000000e+00
0.000000000000000000e+00
0.000000000000000000e+00
0.000000000000000000e+00
0.000000000000000000e+00
0.000000000000000000e+00
0.000000000000000000e+00
0.000000000000000000e+00
0.000000000000000000e+00
1.405830553902068791e+00
0.000000000000000000e+00
0.000000000000000000e+00
0.000000000000000000e+00
0.000000000000000000e+00
0.000000000000000000e+00
1.230715447488967884e+00
0.000000000000000000e+00
0.000000000000000000e+00
0.000000000000000000e+00
0.000000000000000000e+00
0.000000000000000000e+00
0.000000000000000000e+00
0.000000000000000000e+00
0.000000000000000000e+00
0.000000000000000000e+00
0.000000000000000000e+00
0.000000000000000000e+00
0.000000000000000000e+00
0.000000000000000000e+00
0.000000000000000000e+00
0.000000000000000000e+00
0.000000000000000000e+00
0.000000000000000000e+00
8.239559626510307641e-03
4.882802798757875269e-03
9.155273153282920875e-04
0.000000000000000000e+00
0.000000000000000000e+00
0.000000000000000000e+00
0.000000000000000000e+00
0.000000000000000000e+00
0.000000000000000000e+00
0.000000000000000000e+00
0.000000000000000000e+00
0.000000000000000000e+00
0.000000000000000000e+00
0.000000000000000000e+00
0.000000000000000000e+00
0.000000000000000000e+00
0.000000000000000000e+00
0.000000000000000000e+00
0.000000000000000000e+00
0.000000000000000000e+00
3.053193294526933776e+00
1.523287812427410515e+01
6.078563983201253684e+00
0.000000000000000000e+00
0.000000000000000000e+00
3.012390419957152510e+00
0.000000000000000000e+00
0.000000000000000000e+00
0.000000000000000000e+00
0.000000000000000000e+00
0.000000000000000000e+00
0.000000000000000000e+00
0.000000000000000000e+00
0.000000000000000000e+00
0.000000000000000000e+00
0.000000000000000000e+00
0.000000000000000000e+00
0.000000000000000000e+00
0.000000000000000000e+00
0.000000000000000000e+00
0.000000000000000000e+00
0.000000000000000000e+00
0.000000000000000000e+00
0.000000000000000000e+00
0.000000000000000000e+00
9.825870786883099672e-01
0.000000000000000000e+00
0.000000000000000000e+00
0.000000000000000000e+00
0.000000000000000000e+00
0.000000000000000000e+00
3.858302793476471870e-01
0.000000000000000000e+00
0.000000000000000000e+00
1.549967419239409727e-01
0.000000000000000000e+00
0.000000000000000000e+00
0.000000000000000000e+00
0.000000000000000000e+00
0.000000000000000000e+00
9.765605597515750538e-03
1.220703087104389522e-03
0.000000000000000000e+00
0.000000000000000000e+00
0.000000000000000000e+00
0.000000000000000000e+00
0.000000000000000000e+00
0.000000000000000000e+00
0.000000000000000000e+00
0.000000000000000000e+00
0.000000000000000000e+00
0.000000000000000000e+00
0.000000000000000000e+00
0.000000000000000000e+00
0.000000000000000000e+00
0.000000000000000000e+00
0.000000000000000000e+00
0.000000000000000000e+00
1.532347965967065351e+00
0.000000000000000000e+00
9.159579883580800441e+00
4.569863437282231544e+00
0.000000000000000000e+00
1.515612101736341533e+00
0.000000000000000000e+00
0.000000000000000000e+00
0.000000000000000000e+00
0.000000000000000000e+00
1.487618036407947875e+00
0.000000000000000000e+00
0.000000000000000000e+00
0.000000000000000000e+00
0.000000000000000000e+00
0.000000000000000000e+00
0.000000000000000000e+00
0.000000000000000000e+00
0.000000000000000000e+00
0.000000000000000000e+00
1.338054815040071732e+00
0.000000000000000000e+00
0.000000000000000000e+00
0.000000000000000000e+00
0.000000000000000000e+00
0.000000000000000000e+00
1.058888938575228922e+00
0.000000000000000000e+00
0.000000000000000000e+00
8.001600123562556677e-01
0.000000000000000000e+00
0.000000000000000000e+00
0.000000000000000000e+00
0.000000000000000000e+00
0.000000000000000000e+00
0.000000000000000000e+00
0.000000000000000000e+00
0.000000000000000000e+00
0.000000000000000000e+00
0.000000000000000000e+00
1.952876704141370823e-02
8.239559626510307641e-03
2.441401399378937635e-03
1.525878858880486957e-03
0.000000000000000000e+00
0.000000000000000000e+00
0.000000000000000000e+00
0.000000000000000000e+00
0.000000000000000000e+00
0.000000000000000000e+00
0.000000000000000000e+00
0.000000000000000000e+00
0.000000000000000000e+00
0.000000000000000000e+00
0.000000000000000000e+00
0.000000000000000000e+00
0.000000000000000000e+00
0.000000000000000000e+00
0.000000000000000000e+00
0.000000000000000000e+00
0.000000000000000000e+00
3.064695931934130702e+00
3.059211314264286496e+00
4.579789941790400221e+00
0.000000000000000000e+00
0.000000000000000000e+00
0.000000000000000000e+00
0.000000000000000000e+00
0.000000000000000000e+00
0.000000000000000000e+00
0.000000000000000000e+00
0.000000000000000000e+00
0.000000000000000000e+00
0.000000000000000000e+00
0.000000000000000000e+00
0.000000000000000000e+00
0.000000000000000000e+00
0.000000000000000000e+00
0.000000000000000000e+00
0.000000000000000000e+00
0.000000000000000000e+00
0.000000000000000000e+00
0.000000000000000000e+00
0.000000000000000000e+00
0.000000000000000000e+00
0.000000000000000000e+00
0.000000000000000000e+00
0.000000000000000000e+00
0.000000000000000000e+00
0.000000000000000000e+00
0.000000000000000000e+00
0.000000000000000000e+00
0.000000000000000000e+00
0.000000000000000000e+00
0.000000000000000000e+00
0.000000000000000000e+00
0.000000000000000000e+00
0.000000000000000000e+00
0.000000000000000000e+00
0.000000000000000000e+00
0.000000000000000000e+00
0.000000000000000000e+00
8.239559626510307641e-03
2.441401399378937635e-03
9.155273153282920875e-04
0.000000000000000000e+00
0.000000000000000000e+00
0.000000000000000000e+00
0.000000000000000000e+00
0.000000000000000000e+00
0.000000000000000000e+00
0.000000000000000000e+00
0.000000000000000000e+00
0.000000000000000000e+00
0.000000000000000000e+00
0.000000000000000000e+00
0.000000000000000000e+00
0.000000000000000000e+00
0.000000000000000000e+00
0.000000000000000000e+00
0.000000000000000000e+00
0.000000000000000000e+00
4.604557253353314117e+00
3.064695931934130702e+00
1.529605657132143248e+00
1.526596647263466888e+00
0.000000000000000000e+00
0.000000000000000000e+00
1.515612101736341533e+00
0.000000000000000000e+00
0.000000000000000000e+00
0.000000000000000000e+00
0.000000000000000000e+00
0.000000000000000000e+00
0.000000000000000000e+00
0.000000000000000000e+00
0.000000000000000000e+00
0.000000000000000000e+00
0.000000000000000000e+00
0.000000000000000000e+00
1.405830553902068791e+00
0.000000000000000000e+00
0.000000000000000000e+00
0.000000000000000000e+00
0.000000000000000000e+00
0.000000000000000000e+00
0.000000000000000000e+00
1.182041580245927204e+00
0.000000000000000000e+00
1.058888938575228922e+00
0.000000000000000000e+00
0.000000000000000000e+00
0.000000000000000000e+00
0.000000000000000000e+00
0.000000000000000000e+00
0.000000000000000000e+00
0.000000000000000000e+00
0.000000000000000000e+00
0.000000000000000000e+00
0.000000000000000000e+00
0.000000000000000000e+00
0.000000000000000000e+00
0.000000000000000000e+00
0.000000000000000000e+00
0.000000000000000000e+00
4.882802798757875269e-03
6.103515435521947611e-04
0.000000000000000000e+00
0.000000000000000000e+00
0.000000000000000000e+00
0.000000000000000000e+00
0.000000000000000000e+00
0.000000000000000000e+00
0.000000000000000000e+00
0.000000000000000000e+00
0.000000000000000000e+00
0.000000000000000000e+00
0.000000000000000000e+00
0.000000000000000000e+00
0.000000000000000000e+00
0.000000000000000000e+00
0.000000000000000000e+00
0.000000000000000000e+00
0.000000000000000000e+00
3.074288409476952033e+00
7.674262088922190195e+00
0.000000000000000000e+00
3.059211314264286496e+00
0.000000000000000000e+00
0.000000000000000000e+00
0.000000000000000000e+00
0.000000000000000000e+00
0.000000000000000000e+00
0.000000000000000000e+00
0.000000000000000000e+00
0.000000000000000000e+00
0.000000000000000000e+00
0.000000000000000000e+00
0.000000000000000000e+00
0.000000000000000000e+00
0.000000000000000000e+00
0.000000000000000000e+00
0.000000000000000000e+00
0.000000000000000000e+00
0.000000000000000000e+00
0.000000000000000000e+00
0.000000000000000000e+00
0.000000000000000000e+00
1.272255159682329495e+00
0.000000000000000000e+00
0.000000000000000000e+00
0.000000000000000000e+00
0.000000000000000000e+00
0.000000000000000000e+00
0.000000000000000000e+00
0.000000000000000000e+00
0.000000000000000000e+00
0.000000000000000000e+00
4.852825635592212805e-01
0.000000000000000000e+00
0.000000000000000000e+00
2.189080473647392056e-01
0.000000000000000000e+00
0.000000000000000000e+00
0.000000000000000000e+00
3.812848507827046318e-02
0.000000000000000000e+00
8.239559626510307641e-03
0.000000000000000000e+00
3.051757717760973806e-04
0.000000000000000000e+00
0.000000000000000000e+00
0.000000000000000000e+00
0.000000000000000000e+00
0.000000000000000000e+00
0.000000000000000000e+00
0.000000000000000000e+00
0.000000000000000000e+00
0.000000000000000000e+00
0.000000000000000000e+00
0.000000000000000000e+00
0.000000000000000000e+00
0.000000000000000000e+00
0.000000000000000000e+00
0.000000000000000000e+00
0.000000000000000000e+00
0.000000000000000000e+00
3.078490785631989635e+00
6.148576818953904066e+00
4.604557253353314117e+00
0.000000000000000000e+00
0.000000000000000000e+00
0.000000000000000000e+00
0.000000000000000000e+00
0.000000000000000000e+00
0.000000000000000000e+00
0.000000000000000000e+00
0.000000000000000000e+00
0.000000000000000000e+00
0.000000000000000000e+00
0.000000000000000000e+00
0.000000000000000000e+00
0.000000000000000000e+00
0.000000000000000000e+00
0.000000000000000000e+00
0.000000000000000000e+00
0.000000000000000000e+00
0.000000000000000000e+00
0.000000000000000000e+00
0.000000000000000000e+00
0.000000000000000000e+00
0.000000000000000000e+00
0.000000000000000000e+00
0.000000000000000000e+00
0.000000000000000000e+00
0.000000000000000000e+00
0.000000000000000000e+00
0.000000000000000000e+00
0.000000000000000000e+00
0.000000000000000000e+00
0.000000000000000000e+00
0.000000000000000000e+00
4.852825635592212805e-01
0.000000000000000000e+00
0.000000000000000000e+00
0.000000000000000000e+00
0.000000000000000000e+00
0.000000000000000000e+00
0.000000000000000000e+00
0.000000000000000000e+00
0.000000000000000000e+00
8.239559626510307641e-03
0.000000000000000000e+00
6.103515435521947611e-04
0.000000000000000000e+00
