# pd_vector
0.000000000000000000e+00
0.000000000000000000e+00
0.000000000000000000e+00
0.000000000000000000e+00
0.000000000000000000e+00
0.000000000000000000e+00
0.000000000000000000e+00
0.000000000000000000e+00
0.000000000000000000e+00
0.000000000000000000e+00
0.000000000000000000e+00
0.000000000000000000e+00
0.000000000000000000e+00
7.019042750850240132e-03
0.000000000000000000e+00
0.000000000000000000e+00
0.000000000000000000e+00
0.000000000000000000e+00
0.000000000000000000e+00
3.204345603649022545e-02
0.000000000000000000e+00
0.000000000000000000e+00
0.000000000000000000e+00
0.000000000000000000e+00
0.000000000000000000e+00
0.000000000000000000e+00
8.047485101735687429e-01
0.000000000000000000e+00
0.000000000000000000e+00
0.000000000000000000e+00
0.000000000000000000e+00
0.000000000000000000e+00
0.000000000000000000e+00
0.000000000000000000e+00
1.891784609240027670e+00
0.000000000000000000e+00
0.000000000000000000e+00
0.000000000000000000e+00
0.000000000000000000e+00
0.000000000000000000e+00
0.000000000000000000e+00
0.000000000000000000e+00
4.711904700801349821e-01
7.648315192252552741e+00
0.000000000000000000e+00
0.000000000000000000e+00
0.000000000000000000e+00
0.000000000000000000e+00
0.000000000000000000e+00
0.000000000000000000e+00
0.000000000000000000e+00
8.239559626510307641e-03
3.271477875167776439e+00
1.216705284494122630e+01
0.000000000000000000e+00
0.000000000000000000e+00
0.000000000000000000e+00
0.000000000000000000e+00
0.000000000000000000e+00
0.000000000000000000e+00
0.000000000000000000e+00
0.000000000000000000e+00
7.415603663859277050e-01
6.550279954533690052e+00
1.302917440020870110e+01
0.000000000000000000e+00
0.000000000000000000e+00
0.000000000000000000e+00
0.000000000000000000e+00
0.000000000000000000e+00
0.000000000000000000e+00
0.000000000000000000e+00
0.000000000000000000e+00
9.764383520706854114e-02
2.933283227037669416e+00
9.333477549825678565e+00
1.269226034816789017e+01
0.000000000000000000e+00
0.000000000000000000e+00
0.000000000000000000e+00
0.000000000000000000e+00
0.000000000000000000e+00
0.000000000000000000e+00
0.000000000000000000e+00
0.000000000000000000e+00
7.625697015654092636e-02
6.249205453252386633e-01
5.833608215569297428e+00
1.209470253252325733e+01
1.188781701376609767e+01
0.000000000000000000e+00
0.000000000000000000e+00
0.000000000000000000e+00
0.000000000000000000e+00
0.000000000000000000e+00
0.000000000000000000e+00
0.000000000000000000e+00
0.000000000000000000e+00
0.000000000000000000e+00
1.525139403130818527e-01
3.339419164081744107e+00
1.273835918258493649e+01
1.520504791533202393e+01
1.106445278151418599e+01
0.000000000000000000e+00
0.000000000000000000e+00
0.000000000000000000e+00
0.000000000000000000e+00
0.000000000000000000e+00
0.000000000000000000e+00
0.000000000000000000e+00
0.000000000000000000e+00
0.000000000000000000e+00
0.000000000000000000e+00
1.639524858365629889e+00
9.061347907215960618e+00
1.869556079255188763e+01
1.688961488090349050e+01
9.758910829856041858e+00
0.000000000000000000e+00
0.000000000000000000e+00
0.000000000000000000e+00
0.000000000000000000e+00
0.000000000000000000e+00
0.000000000000000000e+00
0.000000000000000000e+00
0.000000000000000000e+00
0.000000000000000000e+00
0.000000000000000000e+00
7.898729013371150742e-01
7.701953985810633618e+00
2.154023004667931929e+01
2.529544805338664304e+01
1.710445820404883577e+01
8.354491928142442347e+00
0.000000000000000000e+00
0.000000000000000000e+00
0.000000000000000000e+00
0.000000000000000000e+00
0.000000000000000000e+00
0.000000000000000000e+00
0.000000000000000000e+00
0.000000000000000000e+00
0.000000000000000000e+00
0.000000000000000000e+00
2.085909612770174559e-01
5.134173858691248427e+00
1.975055527054410121e+01
3.062110672093669450e+01
2.762724342768906283e+01
1.587399189876185268e+01
7.131957786407395972e+00
0.000000000000000000e+00
0.000000000000000000e+00
0.000000000000000000e+00
0.000000000000000000e+00
0.000000000000000000e+00
0.000000000000000000e+00
0.000000000000000000e+00
0.000000000000000000e+00
0.000000000000000000e+00
0.000000000000000000e+00
0.000000000000000000e+00
2.503091535324209360e+00
1.619239447741086124e+01
3.370558080919109045e+01
3.774910669105269534e+01
2.635011168557996442e+01
1.413327270100466926e+01
5.863952454677710868e+00
0.000000000000000000e+00
0.000000000000000000e+00
0.000000000000000000e+00
0.000000000000000000e+00
0.000000000000000000e+00
0.000000000000000000e+00
0.000000000000000000e+00
0.000000000000000000e+00
0.000000000000000000e+00
0.000000000000000000e+00
0.000000000000000000e+00
3.254931580402760538e+00
1.032525258321236450e+01
3.666326717039775929e+01
4.419091420571546536e+01
3.899894778170317267e+01
2.489170963168763961e+01
1.194333564576176343e+01
4.738159032595687492e+00
0.000000000000000000e+00
0.000000000000000000e+00
0.000000000000000000e+00
0.000000000000000000e+00
0.000000000000000000e+00
0.000000000000000000e+00
0.000000000000000000e+00
0.000000000000000000e+00
0.000000000000000000e+00
0.000000000000000000e+00
0.000000000000000000e+00
1.094540236823696056e+00
8.834814289664635112e+00
3.128864419155261700e+01
4.857718343223258017e+01
4.918574575096889845e+01
3.573764368578708428e+01
2.147229238668586149e+01
9.851054646494013411e+00
3.858032106793423122e+00
0.000000000000000000e+00
0.000000000000000000e+00
0.000000000000000000e+00
0.000000000000000000e+00
0.000000000000000000e+00
0.000000000000000000e+00
0.000000000000000000e+00
0.000000000000000000e+00
0.000000000000000000e+00
0.000000000000000000e+00
0.000000000000000000e+00
2.961984274725674715e-01
5.910517278847958522e+00
2.340450803051508544e+01
5.193914935797734955e+01
6.279489565630065329e+01
4.895697484049927795e+01
3.112885466401345269e+01
1.719596094052701218e+01
8.293440553690251349e+00
3.150024316272877378e+00
0.000000000000000000e+00
0.000000000000000000e+00
0.000000000000000000e+00
0.000000000000000000e+00
0.000000000000000000e+00
0.000000000000000000e+00
0.000000000000000000e+00
0.000000000000000000e+00
0.000000000000000000e+00
0.000000000000000000e+00
0.000000000000000000e+00
0.000000000000000000e+00
2.665785847253107299e+00
2.189080473647392111e+01
5.099392809297658147e+01
6.654051664736856253e+01
6.101768162829214504e+01
4.014929478741879620e+01
2.657865194336405779e+01
1.361175250299502792e+01
6.787095890273446841e+00
2.478332442593687013e+00
0.000000000000000000e+00
0.000000000000000000e+00
0.000000000000000000e+00
0.000000000000000000e+00
0.000000000000000000e+00
0.000000000000000000e+00
0.000000000000000000e+00
0.000000000000000000e+00
0.000000000000000000e+00
0.000000000000000000e+00
0.000000000000000000e+00
0.000000000000000000e+00
2.314981676085883233e+00
1.540231822857350785e+01
5.188120722544319108e+01
7.734337422004654172e+01
6.883501722141575385e+01
5.015692923490681210e+01
3.553574809294806869e+01
2.173551771709345815e+01
1.196384057769296660e+01
5.078114910708189988e+00
1.979064879967991519e+00
0.000000000000000000e+00
0.000000000000000000e+00
0.000000000000000000e+00
0.000000000000000000e+00
0.000000000000000000e+00
0.000000000000000000e+00
0.000000000000000000e+00
0.000000000000000000e+00
0.000000000000000000e+00
0.000000000000000000e+00
0.000000000000000000e+00
0.000000000000000000e+00
1.941130254236885122e+00
1.273239921847235756e+01
5.094612952528160577e+01
7.420982805664658599e+01
8.059830580044931025e+01
6.289017482502076462e+01
4.502275537621556367e+01
2.962583290581615003e+01
1.673615335449154884e+01
9.285983699077116071e+00
4.206534611129909784e+00
1.568908642700916678e+00
0.000000000000000000e+00
0.000000000000000000e+00
0.000000000000000000e+00
0.000000000000000000e+00
0.000000000000000000e+00
0.000000000000000000e+00
0.000000000000000000e+00
0.000000000000000000e+00
0.000000000000000000e+00
0.000000000000000000e+00
0.000000000000000000e+00
0.000000000000000000e+00
0.000000000000000000e+00
1.019093383474364600e+01
3.703970681737413173e+01
6.753324146374538373e+01
9.084683965636676817e+01
6.866355667230584459e+01
5.485942281585558788e+01
3.666326717039775929e+01
2.367778923360595655e+01
1.339673419040980384e+01
7.333208067594173762e+00
3.269036473768397677e+00
1.240539512269835942e+00
0.000000000000000000e+00
0.000000000000000000e+00
0.000000000000000000e+00
0.000000000000000000e+00
0.000000000000000000e+00
0.000000000000000000e+00
0.000000000000000000e+00
0.000000000000000000e+00
0.000000000000000000e+00
0.000000000000000000e+00
0.000000000000000000e+00
0.000000000000000000e+00
2.091404576604271703e+00
1.063137388283051443e+01
3.494034457626393220e+01
6.173284469562354815e+01
9.448729836374901936e+01
8.559304651961302568e+01
6.773357622076220252e+01
4.390839734881217282e+01
2.909365186591707442e+01
1.776787404647403434e+01
1.056506296940481704e+01
5.306276399472638516e+00
2.607416694536705215e+00
9.500121775389911427e-01
0.000000000000000000e+00
0.000000000000000000e+00
0.000000000000000000e+00
0.000000000000000000e+00
0.000000000000000000e+00
0.000000000000000000e+00
0.000000000000000000e+00
0.000000000000000000e+00
0.000000000000000000e+00
0.000000000000000000e+00
0.000000000000000000e+00
0.000000000000000000e+00
0.000000000000000000e+00
2.788539435472362271e+00
3.071285788373259962e+01
6.891012402540941650e+01
8.912679452930649404e+01
8.797093295935253821e+01
7.771235681448241905e+01
5.099392809297658147e+01
3.306166736240726323e+01
2.191897301210494575e+01
1.391689705356871976e+01
7.206115038281658336e+00
4.556476473460199905e+00
2.038570168481412814e+00
8.071899163477775918e-01
0.000000000000000000e+00
0.000000000000000000e+00
0.000000000000000000e+00
0.000000000000000000e+00
0.000000000000000000e+00
0.000000000000000000e+00
0.000000000000000000e+00
0.000000000000000000e+00
0.000000000000000000e+00
0.000000000000000000e+00
0.000000000000000000e+00
0.000000000000000000e+00
8.960553845713439269e-01
2.400480037068767114e+00
2.718825949585553303e+01
7.028519400315730081e+01
9.220368707625203797e+01
1.014733634684312165e+02
7.197621787583389619e+01
5.888626474111484299e+01
3.967916593252888902e+01
2.669964304345823436e+01
1.744302657119462552e+01
1.010404854574167288e+01
6.756953396329143047e+00
3.304063410230633213e+00
1.594235113794446379e+00
6.625366005259074598e-01
0.000000000000000000e+00
0.000000000000000000e+00
0.000000000000000000e+00
0.000000000000000000e+00
0.000000000000000000e+00
0.000000000000000000e+00
0.000000000000000000e+00
0.000000000000000000e+00
0.000000000000000000e+00
0.000000000000000000e+00
0.000000000000000000e+00
0.000000000000000000e+00
0.000000000000000000e+00
4.480276922856719857e+00
7.201440111206300898e+00
5.855932814491960414e+01
8.268846353312622455e+01
8.201275324150839197e+01
9.607173955756414330e+01
7.079142416594362430e+01
4.049798876247675139e+01
2.634944612706996381e+01
1.939895939876262432e+01
1.158480255294435501e+01
7.816339441045444758e+00
4.823605459229185932e+00
2.653138199736319258e+00
1.325680959862763242e+00
5.053710780612172826e-01
0.000000000000000000e+00
0.000000000000000000e+00
0.000000000000000000e+00
0.000000000000000000e+00
0.000000000000000000e+00
0.000000000000000000e+00
0.000000000000000000e+00
0.000000000000000000e+00
0.000000000000000000e+00
0.000000000000000000e+00
0.000000000000000000e+00
0.000000000000000000e+00
0.000000000000000000e+00
0.000000000000000000e+00
1.612899692228419113e+01
5.041008077844410451e+01
8.017050876983041974e+01
1.063137388283051479e+02
8.638029631354139326e+01
6.559114748910002390e+01
5.094612952528160577e+01
3.393074734153457683e+01
2.185454061127567726e+01
1.188968479278999446e+01
1.000505675027012487e+01
6.786870343932142724e+00
3.925282175324155354e+00
1.952775631482942975e+00
1.086423622723627247e+00
4.244994985405514676e-01
0.000000000000000000e+00
0.000000000000000000e+00
0.000000000000000000e+00
0.000000000000000000e+00
0.000000000000000000e+00
0.000000000000000000e+00
0.000000000000000000e+00
0.000000000000000000e+00
0.000000000000000000e+00
0.000000000000000000e+00
0.000000000000000000e+00
0.000000000000000000e+00
0.000000000000000000e+00
0.000000000000000000e+00
5.895522472129860247e+00
4.480276922856719324e+01
8.241648127269432678e+01
1.101473077011583115e+02
1.015886837692693661e+02
6.842484146185020677e+01
4.629963352171765933e+01
3.732100186154350041e+01
2.320425302066235673e+01
1.782462532125321175e+01
1.147250287023596016e+01
6.450628694253106588e+00
5.147345485566512835e+00
2.851199988046401401e+00
1.557276769410448125e+00
7.543930324080917460e-01
3.259277242568719979e-01
0.000000000000000000e+00
0.000000000000000000e+00
0.000000000000000000e+00
0.000000000000000000e+00
0.000000000000000000e+00
0.000000000000000000e+00
0.000000000000000000e+00
0.000000000000000000e+00
0.000000000000000000e+00
0.000000000000000000e+00
0.000000000000000000e+00
0.000000000000000000e+00
0.000000000000000000e+00
1.125116986457390666e+00
6.353333631451373975e+00
3.537313483277915793e+01
6.451598768913676452e+01
9.361872144568191345e+01
1.066616334068178560e+02
7.441961717981359925e+01
5.241051686439590185e+01
3.511055542063589741e+01
2.339967577033283064e+01
1.992063231019126945e+01
1.146975890237163220e+01
9.073706815550259819e+00
4.870882891578876439e+00
3.660334567513964465e+00
2.441095880176713528e+00
1.417204255759772824e+00
6.542955750335552878e-01
2.520751874870564291e-01
0.000000000000000000e+00
0.000000000000000000e+00
0.000000000000000000e+00
0.000000000000000000e+00
0.000000000000000000e+00
0.000000000000000000e+00
0.000000000000000000e+00
0.000000000000000000e+00
0.000000000000000000e+00
0.000000000000000000e+00
0.000000000000000000e+00
0.000000000000000000e+00
0.000000000000000000e+00
0.000000000000000000e+00
3.375350959372171999e+00
2.859000134153118111e+01
5.993781179998691044e+01
8.691737230342036469e+01
7.681536118620054765e+01
6.971348588680905323e+01
4.961307811987573757e+01
3.445506201270470825e+01
2.507896815759706755e+01
1.658711193846377796e+01
1.160212651033117837e+01
1.069477519275192634e+01
7.822161047888154251e+00
5.134173858691248427e+00
3.012150321183366675e+00
1.620887664437337783e+00
1.054663632193319378e+00
5.126942938695768781e-01
1.870727480987476876e-01
0.000000000000000000e+00
0.000000000000000000e+00
0.000000000000000000e+00
0.000000000000000000e+00
0.000000000000000000e+00
0.000000000000000000e+00
0.000000000000000000e+00
0.000000000000000000e+00
0.000000000000000000e+00
0.000000000000000000e+00
0.000000000000000000e+00
0.000000000000000000e+00
0.000000000000000000e+00
0.000000000000000000e+00
3.546124740737781611e+00
1.912698876977564311e+01
6.459222525308896934e+01
9.138059831801282940e+01
7.706076307313557550e+01
5.361072082786913029e+01
5.158797955623870024e+01
3.898170423704522136e+01
2.183771536016495673e+01
1.697653229129647556e+01
1.717950879340891390e+01
9.850862131413263612e+00
9.144807773512518168e+00
4.901887590009910589e+00
3.751896281351296825e+00
2.363966074852768884e+00
1.484186295147441825e+00
9.228306781691544280e-01
3.808586183031142935e-01
1.666259713897491612e-01
0.000000000000000000e+00
0.000000000000000000e+00
0.000000000000000000e+00
0.000000000000000000e+00
0.000000000000000000e+00
0.000000000000000000e+00
0.000000000000000000e+00
0.000000000000000000e+00
0.000000000000000000e+00
0.000000000000000000e+00
0.000000000000000000e+00
0.000000000000000000e+00
0.000000000000000000e+00
0.000000000000000000e+00
3.692146342466903874e+00
1.891266528393483526e+01
5.063026439058258177e+01
9.318222659462014690e+01
7.664179213768817078e+01
5.645148922799467073e+01
4.480896069195031828e+01
3.346247322566834725e+01
2.362527529517892333e+01
2.183771536016495673e+01
1.543321117390588704e+01
8.885952824177024922e+00
7.442873610401132822e+00
5.734879451185816102e+00
3.963228264263331635e+00
2.698732412901810207e+00
2.020809709148334576e+00
1.308427391774718451e+00
8.321955222775411221e-01
3.710930127055985239e-01
1.400756792452287069e-01
0.000000000000000000e+00
0.000000000000000000e+00
0.000000000000000000e+00
0.000000000000000000e+00
0.000000000000000000e+00
0.000000000000000000e+00
0.000000000000000000e+00
0.000000000000000000e+00
0.000000000000000000e+00
0.000000000000000000e+00
0.000000000000000000e+00
0.000000000000000000e+00
0.000000000000000000e+00
0.000000000000000000e+00
2.544510319364658990e+00
7.384292684933807749e+00
4.609962162959116228e+01
7.763307206555995776e+01
8.471111508601831019e+01
5.404228932785704842e+01
5.107515692056660583e+01
2.800560043246894892e+01
3.067393379019598498e+01
1.830958835376366522e+01
1.552904203389508098e+01
8.874096424995885357e+00
6.220166976923916735e+00
6.567241420942176333e+00
4.649902257718228960e+00
2.711682496601226955e+00
2.896200638236088754e+00
1.639524858365629889e+00
9.764383520706854114e-01
5.602900546027008710e-01
2.587885483341673676e-01
1.098632778393950626e-01
0.000000000000000000e+00
0.000000000000000000e+00
0.000000000000000000e+00
0.000000000000000000e+00
0.000000000000000000e+00
0.000000000000000000e+00
0.000000000000000000e+00
0.000000000000000000e+00
0.000000000000000000e+00
0.000000000000000000e+00
0.000000000000000000e+00
0.000000000000000000e+00
0.000000000000000000e+00
0.000000000000000000e+00
0.000000000000000000e+00
7.633530958093976970e+00
3.815217887215800374e+01
6.501228691352599753e+01
5.963120028224170710e+01
6.459222525308896934e+01
3.930348314753239691e+01
2.688166153714031736e+01
2.160432033361890447e+01
1.254842745962563022e+01
1.417516517710735258e+01
7.764521016947540488e+00
9.645756983691180508e+00
6.220166976923916735e+00
5.472701184118480278e+00
4.494905515794288320e+00
2.190205093408683190e+00
1.316454835561858605e+00
9.532121269567616073e-01
6.639780794080660797e-01
4.366966602050463275e-01
2.050777175478307734e-01
8.789062227151604734e-02
0.000000000000000000e+00
0.000000000000000000e+00
0.000000000000000000e+00
0.000000000000000000e+00
0.000000000000000000e+00
0.000000000000000000e+00
0.000000000000000000e+00
0.000000000000000000e+00
0.000000000000000000e+00
0.000000000000000000e+00
0.000000000000000000e+00
0.000000000000000000e+00
0.000000000000000000e+00
0.000000000000000000e+00
0.000000000000000000e+00
6.538598283977202996e+00
2.926186867269357705e+01
6.522791871691529764e+01
6.264820375303413869e+01
4.950514740412518933e+01
3.494333497298255509e+01
3.832089606884408539e+01
1.881716307599822358e+01
1.200240018534383424e+01
1.324556231849372168e+01
8.268846353312623521e+00
6.308673326269876647e+00
5.401623910867060729e+00
4.739174839561079544e+00
4.159252899930044656e+00
2.479947870783055563e+00
1.668727690216139647e+00
1.843036769786601914e+00
1.105726067269843460e+00
6.053917782838249551e-01
3.295823850604123195e-01
1.708980979565256353e-01
7.476806408514385938e-02
0.000000000000000000e+00
0.000000000000000000e+00
0.000000000000000000e+00
0.000000000000000000e+00
0.000000000000000000e+00
0.000000000000000000e+00
0.000000000000000000e+00
0.000000000000000000e+00
0.000000000000000000e+00
0.000000000000000000e+00
0.000000000000000000e+00
0.000000000000000000e+00
0.000000000000000000e+00
0.000000000000000000e+00
2.728153838002840281e+00
8.028328890240430837e+00
1.438491622474984588e+01
5.852373734538715411e+01
6.768934961189323474e+01
4.609962162959116228e+01
4.162932849892345644e+01
2.647222346438072194e+01
1.473880618032464973e+01
1.254477538399881453e+01
6.401280098850045341e+00
9.759888024153267949e+00
9.450110118071568976e+00
2.911695381355327683e+00
3.472472514128824628e+00
6.516365404396484706e+00
1.970172426282652767e+00
3.099934838478819454e+00
1.564432209577630850e+00
1.053163868449486840e+00
6.481842463305979019e-01
4.101041078696878728e-01
2.554263484218195490e-01
1.635738937583888220e-01
5.767822086568240303e-02
0.000000000000000000e+00
0.000000000000000000e+00
0.000000000000000000e+00
0.000000000000000000e+00
0.000000000000000000e+00
0.000000000000000000e+00
0.000000000000000000e+00
0.000000000000000000e+00
0.000000000000000000e+00
0.000000000000000000e+00
0.000000000000000000e+00
0.000000000000000000e+00
0.000000000000000000e+00
0.000000000000000000e+00
0.000000000000000000e+00
4.092230757004260866e+00
2.809915111584150793e+01
4.577018798784042275e+01
5.343471670665783790e+01
4.307504066211387794e+01
3.427920582713188935e+01
1.125116986457390666e+01
2.117777877150457755e+01
1.670398033770127100e+01
7.168443076570751415e+00
1.040208016063132312e+01
4.879944012076633975e+00
3.543791294276838144e+00
6.308673326269876647e+00
5.787454190214707417e+00
3.554381129670809436e+00
3.283620710471088167e+00
1.549967419239409727e+00
8.343638451080698237e-01
4.607591924466504785e-01
9.150836418784911164e-01
3.124602726626193316e-01
2.389472291687989303e-01
1.171872671701890134e-01
4.455566267931021507e-02
0.000000000000000000e+00
0.000000000000000000e+00
0.000000000000000000e+00
0.000000000000000000e+00
0.000000000000000000e+00
0.000000000000000000e+00
0.000000000000000000e+00
0.000000000000000000e+00
0.000000000000000000e+00
0.000000000000000000e+00
0.000000000000000000e+00
0.000000000000000000e+00
0.000000000000000000e+00
0.000000000000000000e+00
0.000000000000000000e+00
1.386476391214087167e+00
1.773299994701846316e+01
4.950802815648265209e+01
4.707790764463585731e+01
3.053412383237590788e+01
2.953717073973523100e+01
1.654858212344297996e+01
1.125116986457390666e+01
9.530000447177060963e+00
1.080845786557140897e+01
7.168443076570751415e+00
7.201440111206300898e+00
6.274213729812815110e+00
3.543791294276838144e+00
4.852825635592212805e+00
1.929151396738235880e+00
2.961984274725674826e+00
1.970172426282652767e+00
9.299804515436458363e-01
7.300683644695611374e-01
6.582274177809293025e-01
3.050278806261637055e-01
2.734027385797919152e-01
1.977494310362473695e-01
6.835923918261024856e-02
3.875732301556436554e-02
0.000000000000000000e+00
0.000000000000000000e+00
0.000000000000000000e+00
0.000000000000000000e+00
0.000000000000000000e+00
0.000000000000000000e+00
0.000000000000000000e+00
0.000000000000000000e+00
0.000000000000000000e+00
0.000000000000000000e+00
0.000000000000000000e+00
0.000000000000000000e+00
0.000000000000000000e+00
0.000000000000000000e+00
1.422619279714792961e+00
2.811661107804137583e+00
1.247828752092678428e+01
4.092230757004260511e+01
4.014164445120215419e+01
3.138527176309057154e+01
1.399480675650562489e+01
2.215287805480142325e+01
1.654858212344297996e+01
1.462652082394607866e+01
6.353333631451373975e+00
3.930348314753239869e+00
2.688166153714031559e+00
8.001600123562556677e-01
4.182809153208543407e+00
5.315686941415257216e+00
3.396977944914548964e+00
3.086642234781177496e+00
1.777190564835404718e+00
1.094540236823696056e+00
9.299804515436458363e-01
4.171819225540349119e-01
4.607591924466504785e-01
3.050278806261637055e-01
2.538739715383782070e-01
1.400725136506752178e-01
6.103503498447344217e-02
3.143310449293802711e-02
0.000000000000000000e+00
0.000000000000000000e+00
0.000000000000000000e+00
0.000000000000000000e+00
0.000000000000000000e+00
0.000000000000000000e+00
0.000000000000000000e+00
0.000000000000000000e+00
0.000000000000000000e+00
0.000000000000000000e+00
0.000000000000000000e+00
0.000000000000000000e+00
0.000000000000000000e+00
0.000000000000000000e+00
0.000000000000000000e+00
0.000000000000000000e+00
1.827579720072689540e+01
2.911600421549583118e+01
4.365046140804544450e+01
1.873276741056100292e+01
2.353895382231792865e+01
2.162833771459960275e+01
8.615008132422774523e+00
1.418449896295112644e+01
3.375350959372171999e+00
5.294444692876144387e+00
1.965174157376619934e+00
1.792110769142687854e+00
2.400480037068767114e+00
2.091404576604271703e+00
2.953159411897365416e+00
1.455847690677663842e+00
3.858302793476471870e-01
8.885952824177023590e-01
8.756321894589568222e-01
4.649902257718229182e-01
8.343638451080698237e-01
3.291137088904646513e-01
1.143854552348113895e-01
2.148164374555507905e-01
7.415603663859277050e-02
5.371083078633662883e-02
2.502441328563998618e-02
0.000000000000000000e+00
0.000000000000000000e+00
0.000000000000000000e+00
0.000000000000000000e+00
0.000000000000000000e+00
0.000000000000000000e+00
0.000000000000000000e+00
0.000000000000000000e+00
0.000000000000000000e+00
0.000000000000000000e+00
0.000000000000000000e+00
0.000000000000000000e+00
0.000000000000000000e+00
0.000000000000000000e+00
0.000000000000000000e+00
1.437240467635767294e+00
1.422619279714792917e+01
4.779823883267033580e+01
2.495657504185356856e+01
2.318930762302414195e+01
1.739471259552093230e+01
6.538598283977202996e+00
5.089020638729317980e+00
1.353786992237864695e+01
5.910207901229636462e+00
3.375350959372171999e+00
4.235555754300915687e+00
5.895522472129860247e+00
8.960553845713439269e-01
3.200640049425022671e+00
2.091404576604271703e+00
2.362527529517892244e+00
2.426412817796106403e+00
1.157490838042941617e+00
1.184793709890269886e+00
4.378160947294784111e-01
7.749837096197048636e-01
2.085909612770174559e-01
1.974682253342787686e-01
1.906424253913523159e-01
3.124602726626193316e-01
4.943735775906184238e-02
7.324204198136813337e-02
1.831054630656584262e-02
0.000000000000000000e+00
0.000000000000000000e+00
0.000000000000000000e+00
0.000000000000000000e+00
0.000000000000000000e+00
0.000000000000000000e+00
0.000000000000000000e+00
0.000000000000000000e+00
0.000000000000000000e+00
0.000000000000000000e+00
0.000000000000000000e+00
0.000000000000000000e+00
0.000000000000000000e+00
0.000000000000000000e+00
0.000000000000000000e+00
0.000000000000000000e+00
1.006068327345037083e+01
2.276190847543668738e+01
2.671078052413930592e+01
1.247828752092678428e+01
1.909707686601988286e+01
1.204249333536064626e+01
2.615439313590881110e+00
6.361275798411647031e+00
3.692146342466903874e+00
3.546124740737781611e+00
9.000935891659125332e+00
4.235555754300915687e+00
1.965174157376619934e+00
2.688166153714031559e+00
3.200640049425022671e+00
6.971348588680905678e-01
1.181263764758946122e+00
1.455847690677663842e+00
1.157490838042941617e+00
8.885952824177023590e-01
1.094540236823696056e+00
9.299804515436458363e-01
2.085909612770174559e-01
1.974682253342787686e-01
1.906424253913523159e-01
1.171726022484822494e-01
7.415603663859277050e-02
4.150382378944193762e-02
1.800537053478974692e-02
0.000000000000000000e+00
0.000000000000000000e+00
0.000000000000000000e+00
0.000000000000000000e+00
0.000000000000000000e+00
0.000000000000000000e+00
0.000000000000000000e+00
0.000000000000000000e+00
0.000000000000000000e+00
0.000000000000000000e+00
0.000000000000000000e+00
0.000000000000000000e+00
0.000000000000000000e+00
0.000000000000000000e+00
0.000000000000000000e+00
1.461243764860584493e+00
1.740028803933149959e+01
3.161929028798688179e+01
3.129762415372544382e+01
1.686996664682482461e+01
4.159429173642261723e+00
9.548538433009941429e+00
5.352219260160286929e+00
5.230878627181762219e+00
0.000000000000000000e+00
1.230715447488967884e+00
3.546124740737781611e+00
6.750701918744343999e+00
4.235555754300915687e+00
1.965174157376619934e+00
8.960553845713439269e-01
0.000000000000000000e+00
0.000000000000000000e+00
0.000000000000000000e+00
1.941130254236885122e+00
0.000000000000000000e+00
5.923968549451349430e-01
4.378160947294784111e-01
6.199869676957638909e-01
5.214774031925436537e-01
2.632909671123717099e-01
2.287709104696227791e-01
9.764383520706854114e-02
9.063515589161338926e-02
1.464840839627362667e-02
1.342773395814828540e-02
0.000000000000000000e+00
0.000000000000000000e+00
0.000000000000000000e+00
0.000000000000000000e+00
0.000000000000000000e+00
0.000000000000000000e+00
0.000000000000000000e+00
0.000000000000000000e+00
0.000000000000000000e+00
0.000000000000000000e+00
0.000000000000000000e+00
0.000000000000000000e+00
0.000000000000000000e+00
0.000000000000000000e+00
0.000000000000000000e+00
0.000000000000000000e+00
5.844975059442337972e+00
2.175036004916437449e+01
2.443308794980804421e+01
1.422619279714792917e+01
5.623322215608275165e+00
6.932381956070435614e+00
6.820384595007100259e+00
1.338054815040071732e+00
3.923158970386321442e+00
2.544510319364658990e+00
3.692146342466903874e+00
3.546124740737781611e+00
3.375350959372171999e+00
2.117777877150457844e+00
2.947761236064930124e+00
8.960553845713439269e-01
0.000000000000000000e+00
6.971348588680905678e-01
5.906318823794730610e-01
0.000000000000000000e+00
3.858302793476471870e-01
2.961984274725674715e-01
4.378160947294784111e-01
4.649902257718229182e-01
1.042954806385087280e-01
0.000000000000000000e+00
7.625697015654092636e-02
1.757589033727233740e-01
1.647911925302061528e-02
2.197261259441044001e-02
1.159667932749170079e-02
0.000000000000000000e+00
0.000000000000000000e+00
0.000000000000000000e+00
0.000000000000000000e+00
0.000000000000000000e+00
0.000000000000000000e+00
0.000000000000000000e+00
0.000000000000000000e+00
0.000000000000000000e+00
0.000000000000000000e+00
0.000000000000000000e+00
0.000000000000000000e+00
0.000000000000000000e+00
0.000000000000000000e+00
0.000000000000000000e+00
0.000000000000000000e+00
4.413383022911204101e+00
2.045741270804818157e+01
2.610043205899724938e+01
1.006068327345037083e+01
1.280357351743313643e+01
2.811661107804137583e+00
2.772952782428174334e+00
4.092230757004260866e+00
5.352219260160286929e+00
1.307719656795440555e+00
2.544510319364658990e+00
2.461430894977935768e+00
3.546124740737781611e+00
0.000000000000000000e+00
2.117777877150457844e+00
0.000000000000000000e+00
1.792110769142687854e+00
2.400480037068767114e+00
6.971348588680905678e-01
0.000000000000000000e+00
4.852825635592212805e-01
0.000000000000000000e+00
8.885952824177023590e-01
4.378160947294784111e-01
4.649902257718229182e-01
1.042954806385087280e-01
6.582274177809292748e-02
1.906424253913523159e-01
3.905753408282741646e-02
4.943735775906184238e-02
2.929681679254725335e-02
9.765624696835116178e-03
0.000000000000000000e+00
0.000000000000000000e+00
0.000000000000000000e+00
0.000000000000000000e+00
0.000000000000000000e+00
0.000000000000000000e+00
0.000000000000000000e+00
0.000000000000000000e+00
0.000000000000000000e+00
0.000000000000000000e+00
0.000000000000000000e+00
0.000000000000000000e+00
0.000000000000000000e+00
0.000000000000000000e+00
0.000000000000000000e+00
0.000000000000000000e+00
2.959731964091544931e+00
2.206691511455602139e+01
1.022870635402409079e+01
1.160019202622100032e+01
1.437240467635767294e+00
2.845238559429585923e+00
4.217491661706206152e+00
5.545905564856348668e+00
4.092230757004260866e+00
2.676109630080143464e+00
1.307719656795440555e+00
0.000000000000000000e+00
0.000000000000000000e+00
2.364083160491854407e+00
2.250233972914781333e+00
1.058888938575228922e+00
9.825870786883099672e-01
8.960553845713439269e-01
0.000000000000000000e+00
0.000000000000000000e+00
5.906318823794730610e-01
4.852825635592212805e-01
7.716605586952943741e-01
0.000000000000000000e+00
4.378160947294784111e-01
1.084977193467586698e+00
3.128864419155261700e-01
1.316454835561858550e-01
1.143854552348113895e-01
3.905753408282741646e-02
4.943735775906184238e-02
7.324204198136813337e-03
9.765624696835116178e-03
0.000000000000000000e+00
0.000000000000000000e+00
0.000000000000000000e+00
0.000000000000000000e+00
0.000000000000000000e+00
0.000000000000000000e+00
0.000000000000000000e+00
0.000000000000000000e+00
0.000000000000000000e+00
0.000000000000000000e+00
0.000000000000000000e+00
0.000000000000000000e+00
0.000000000000000000e+00
0.000000000000000000e+00
0.000000000000000000e+00
1.494517789827305210e+00
4.462854109223843402e+00
1.479865982045772554e+01
1.765353209164481640e+01
1.022870635402409079e+01
7.250120016388125421e+00
1.437240467635767294e+00
2.845238559429585923e+00
2.811661107804137583e+00
2.772952782428174334e+00
1.364076919001420141e+00
0.000000000000000000e+00
0.000000000000000000e+00
1.272255159682329495e+00
1.230715447488967884e+00
1.182041580245927204e+00
0.000000000000000000e+00
1.058888938575228922e+00
0.000000000000000000e+00
8.960553845713439269e-01
8.001600123562556677e-01
6.971348588680905678e-01
5.906318823794730610e-01
1.455847690677663842e+00
0.000000000000000000e+00
8.885952824177023590e-01
2.189080473647392056e-01
1.549967419239409727e-01
1.042954806385087280e-01
1.974682253342787686e-01
7.625697015654092636e-02
1.952876704141370823e-02
4.943735775906184238e-02
1.464840839627362667e-02
7.019042750850240132e-03
0.000000000000000000e+00
0.000000000000000000e+00
0.000000000000000000e+00
0.000000000000000000e+00
0.000000000000000000e+00
0.000000000000000000e+00
0.000000000000000000e+00
0.000000000000000000e+00
0.000000000000000000e+00
0.000000000000000000e+00
0.000000000000000000e+00
0.000000000000000000e+00
0.000000000000000000e+00
0.000000000000000000e+00
0.000000000000000000e+00
0.000000000000000000e+00
2.989035579654610419e+00
1.487618036407947919e+01
1.775839178454926781e+01
5.884510697214938801e+00
4.383731294581753701e+00
2.900048006555250080e+00
1.437240467635767294e+00
0.000000000000000000e+00
1.405830553902068791e+00
2.772952782428174334e+00
2.728153838002840281e+00
4.014164445120215419e+00
0.000000000000000000e+00
0.000000000000000000e+00
0.000000000000000000e+00
1.182041580245927204e+00
2.250233972914781333e+00
1.058888938575228922e+00
0.000000000000000000e+00
8.960553845713439269e-01
0.000000000000000000e+00
6.971348588680905678e-01
5.906318823794730610e-01
0.000000000000000000e+00
0.000000000000000000e+00
5.923968549451349430e-01
2.189080473647392056e-01
1.549967419239409727e-01
2.085909612770174559e-01
0.000000000000000000e+00
3.812848507827046318e-02
5.858630112424112468e-02
4.943735775906184238e-02
1.220700699689468774e-02
4.882812348417558089e-03
0.000000000000000000e+00
0.000000000000000000e+00
0.000000000000000000e+00
0.000000000000000000e+00
0.000000000000000000e+00
0.000000000000000000e+00
0.000000000000000000e+00
0.000000000000000000e+00
0.000000000000000000e+00
0.000000000000000000e+00
0.000000000000000000e+00
0.000000000000000000e+00
0.000000000000000000e+00
0.000000000000000000e+00
0.000000000000000000e+00
0.000000000000000000e+00
3.001356539728552875e+00
1.643969568810035753e+01
8.925708218447686804e+00
2.959731964091544931e+00
2.942255348607469401e+00
1.461243764860584493e+00
1.450024003277625040e+00
2.874480935271534587e+00
5.690477118859171846e+00
0.000000000000000000e+00
0.000000000000000000e+00
0.000000000000000000e+00
0.000000000000000000e+00
1.307719656795440555e+00
1.272255159682329495e+00
0.000000000000000000e+00
1.182041580245927204e+00
0.000000000000000000e+00
0.000000000000000000e+00
0.000000000000000000e+00
0.000000000000000000e+00
0.000000000000000000e+00
0.000000000000000000e+00
0.000000000000000000e+00
9.705651271184425610e-01
3.858302793476471870e-01
0.000000000000000000e+00
4.378160947294784111e-01
0.000000000000000000e+00
1.042954806385087280e-01
6.582274177809292748e-02
7.625697015654092636e-02
1.952876704141370823e-02
4.119779813255153994e-02
9.765605597515750538e-03
4.272460804865363219e-03
0.000000000000000000e+00
0.000000000000000000e+00
0.000000000000000000e+00
0.000000000000000000e+00
0.000000000000000000e+00
0.000000000000000000e+00
0.000000000000000000e+00
0.000000000000000000e+00
0.000000000000000000e+00
0.000000000000000000e+00
0.000000000000000000e+00
0.000000000000000000e+00
0.000000000000000000e+00
0.000000000000000000e+00
0.000000000000000000e+00
0.000000000000000000e+00
1.506195209978576255e+00
9.004069619185658624e+00
1.046162452879113580e+01
4.462854109223843402e+00
2.959731964091544931e+00
2.942255348607469401e+00
0.000000000000000000e+00
0.000000000000000000e+00
0.000000000000000000e+00
1.422619279714792961e+00
0.000000000000000000e+00
1.386476391214087167e+00
1.364076919001420141e+00
0.000000000000000000e+00
1.307719656795440555e+00
0.000000000000000000e+00
1.230715447488967884e+00
1.182041580245927204e+00
0.000000000000000000e+00
0.000000000000000000e+00
9.825870786883099672e-01
0.000000000000000000e+00
0.000000000000000000e+00
0.000000000000000000e+00
0.000000000000000000e+00
4.852825635592212805e-01
3.858302793476471870e-01
0.000000000000000000e+00
2.189080473647392056e-01
1.549967419239409727e-01
1.042954806385087280e-01
6.582274177809292748e-02
3.812848507827046318e-02
0.000000000000000000e+00
1.647911925302061528e-02
1.220700699689468774e-02
4.882812348417558089e-03
0.000000000000000000e+00
0.000000000000000000e+00
0.000000000000000000e+00
0.000000000000000000e+00
0.000000000000000000e+00
0.000000000000000000e+00
0.000000000000000000e+00
0.000000000000000000e+00
0.000000000000000000e+00
0.000000000000000000e+00
0.000000000000000000e+00
0.000000000000000000e+00
0.000000000000000000e+00
0.000000000000000000e+00
0.000000000000000000e+00
0.000000000000000000e+00
0.000000000000000000e+00
1.204956167982861004e+01
7.503391349321382187e+00
2.989035579654610419e+00
4.462854109223843402e+00
2.959731964091544931e+00
2.942255348607469401e+00
1.461243764860584493e+00
0.000000000000000000e+00
2.874480935271534587e+00
0.000000000000000000e+00
0.000000000000000000e+00
0.000000000000000000e+00
0.000000000000000000e+00
0.000000000000000000e+00
0.000000000000000000e+00
1.272255159682329495e+00
0.000000000000000000e+00
0.000000000000000000e+00
0.000000000000000000e+00
0.000000000000000000e+00
0.000000000000000000e+00
0.000000000000000000e+00
0.000000000000000000e+00
0.000000000000000000e+00
0.000000000000000000e+00
4.852825635592212805e-01
3.858302793476471870e-01
0.000000000000000000e+00
0.000000000000000000e+00
0.000000000000000000e+00
0.000000000000000000e+00
6.582274177809292748e-02
3.812848507827046318e-02
0.000000000000000000e+00
8.239559626510307641e-03
0.000000000000000000e+00
3.051757717760973914e-03
0.000000000000000000e+00
0.000000000000000000e+00
0.000000000000000000e+00
0.000000000000000000e+00
0.000000000000000000e+00
0.000000000000000000e+00
0.000000000000000000e+00
0.000000000000000000e+00
0.000000000000000000e+00
0.000000000000000000e+00
0.000000000000000000e+00
0.000000000000000000e+00
0.000000000000000000e+00
0.000000000000000000e+00
0.000000000000000000e+00
0.000000000000000000e+00
3.031224203472683065e+00
1.057805001346954477e+01
4.518585629935728321e+00
4.502034809592829312e+00
2.989035579654610419e+00
1.487618036407947875e+00
1.479865982045772466e+00
0.000000000000000000e+00
0.000000000000000000e+00
0.000000000000000000e+00
1.437240467635767294e+00
0.000000000000000000e+00
0.000000000000000000e+00
1.386476391214087167e+00
4.092230757004260866e+00
0.000000000000000000e+00
0.000000000000000000e+00
0.000000000000000000e+00
0.000000000000000000e+00
0.000000000000000000e+00
1.125116986457390666e+00
0.000000000000000000e+00
0.000000000000000000e+00
8.960553845713439269e-01
8.001600123562556677e-01
6.971348588680905678e-01
0.000000000000000000e+00
0.000000000000000000e+00
0.000000000000000000e+00
2.961984274725674715e-01
0.000000000000000000e+00
0.000000000000000000e+00
1.042954806385087280e-01
0.000000000000000000e+00
0.000000000000000000e+00
3.905753408282741646e-02
0.000000000000000000e+00
1.220700699689468774e-02
3.051757717760973914e-03
0.000000000000000000e+00
0.000000000000000000e+00
0.000000000000000000e+00
0.000000000000000000e+00
0.000000000000000000e+00
0.000000000000000000e+00
0.000000000000000000e+00
0.000000000000000000e+00
0.000000000000000000e+00
0.000000000000000000e+00
0.000000000000000000e+00
0.000000000000000000e+00
0.000000000000000000e+00
0.000000000000000000e+00
0.000000000000000000e+00
0.000000000000000000e+00
1.519640995800313421e+00
4.546836305209025042e+00
7.555750009621103658e+00
4.518585629935728321e+00
3.001356539728552875e+00
1.494517789827305210e+00
0.000000000000000000e+00
2.959731964091544931e+00
1.471127674303734700e+00
0.000000000000000000e+00
1.450024003277625040e+00
2.874480935271534587e+00
1.422619279714792961e+00
0.000000000000000000e+00
0.000000000000000000e+00
0.000000000000000000e+00
0.000000000000000000e+00
0.000000000000000000e+00
0.000000000000000000e+00
0.000000000000000000e+00
1.182041580245927204e+00
0.000000000000000000e+00
1.058888938575228922e+00
9.825870786883099672e-01
0.000000000000000000e+00
0.000000000000000000e+00
0.000000000000000000e+00
0.000000000000000000e+00
0.000000000000000000e+00
3.858302793476471870e-01
0.000000000000000000e+00
0.000000000000000000e+00
1.549967419239409727e-01
0.000000000000000000e+00
0.000000000000000000e+00
0.000000000000000000e+00
0.000000000000000000e+00
1.647911925302061528e-02
0.000000000000000000e+00
2.136230402432681610e-03
0.000000000000000000e+00
0.000000000000000000e+00
0.000000000000000000e+00
0.000000000000000000e+00
0.000000000000000000e+00
0.000000000000000000e+00
0.000000000000000000e+00
0.000000000000000000e+00
0.000000000000000000e+00
0.000000000000000000e+00
0.000000000000000000e+00
0.000000000000000000e+00
0.000000000000000000e+00
0.000000000000000000e+00
0.000000000000000000e+00
0.000000000000000000e+00
0.000000000000000000e+00
7.598204979001566883e+00
9.093672610418050084e+00
3.022300003848441552e+00
3.012390419957152510e+00
3.001356539728552875e+00
1.494517789827305210e+00
0.000000000000000000e+00
0.000000000000000000e+00
0.000000000000000000e+00
0.000000000000000000e+00
0.000000000000000000e+00
0.000000000000000000e+00
0.000000000000000000e+00
1.405830553902068791e+00
0.000000000000000000e+00
0.000000000000000000e+00
0.000000000000000000e+00
0.000000000000000000e+00
0.000000000000000000e+00
0.000000000000000000e+00
0.000000000000000000e+00
0.000000000000000000e+00
0.000000000000000000e+00
0.000000000000000000e+00
0.000000000000000000e+00
0.000000000000000000e+00
0.000000000000000000e+00
0.000000000000000000e+00
0.000000000000000000e+00
0.000000000000000000e+00
0.000000000000000000e+00
2.189080473647392056e-01
0.000000000000000000e+00
0.000000000000000000e+00
0.000000000000000000e+00
3.812848507827046318e-02
1.952876704141370823e-02
1.647911925302061528e-02
4.882802798757875269e-03
9.155273153282920875e-04
0.000000000000000000e+00
0.000000000000000000e+00
0.000000000000000000e+00
0.000000000000000000e+00
0.000000000000000000e+00
0.000000000000000000e+00
0.000000000000000000e+00
0.000000000000000000e+00
0.000000000000000000e+00
0.000000000000000000e+00
0.000000000000000000e+00
0.000000000000000000e+00
0.000000000000000000e+00
0.000000000000000000e+00
0.000000000000000000e+00
0.000000000000000000e+00
0.000000000000000000e+00
6.093151249709642059e+00
7.598204979001566883e+00
0.000000000000000000e+00
3.022300003848441552e+00
1.506195209978576255e+00
0.000000000000000000e+00
0.000000000000000000e+00
0.000000000000000000e+00
1.479865982045772466e+00
0.000000000000000000e+00
0.000000000000000000e+00
0.000000000000000000e+00
0.000000000000000000e+00
0.000000000000000000e+00
0.000000000000000000e+00
0.000000000000000000e+00
0.000000000000000000e+00
0.000000000000000000e+00
0.000000000000000000e+00
0.000000000000000000e+00
1.230715447488967884e+00
0.000000000000000000e+00
0.000000000000000000e+00
0.000000000000000000e+00
0.000000000000000000e+00
8.960553845713439269e-01
0.000000000000000000e+00
0.000000000000000000e+00
0.000000000000000000e+00
0.000000000000000000e+00
0.000000000000000000e+00
0.000000000000000000e+00
0.000000000000000000e+00
0.000000000000000000e+00
0.000000000000000000e+00
0.000000000000000000e+00
3.812848507827046318e-02
1.952876704141370823e-02
8.239559626510307641e-03
2.441401399378937635e-03
1.220703087104389522e-03
0.000000000000000000e+00
0.000000000000000000e+00
0.000000000000000000e+00
0.000000000000000000e+00
0.000000000000000000e+00
0.000000000000000000e+00
0.000000000000000000e+00
0.000000000000000000e+00
0.000000000000000000e+00
0.000000000000000000e+00
0.000000000000000000e+00
0.000000000000000000e+00
0.000000000000000000e+00
0.000000000000000000e+00
0.000000000000000000e+00
0.000000000000000000e+00
0.000000000000000000e+00
1.068617653084426777e+01
4.569863437282231544e+00
0.000000000000000000e+00
0.000000000000000000e+00
1.511150001924220776e+00
0.000000000000000000e+00
0.000000000000000000e+00
0.000000000000000000e+00
0.000000000000000000e+00
0.000000000000000000e+00
1.471127674303734700e+00
0.000000000000000000e+00
0.000000000000000000e+00
0.000000000000000000e+00
0.000000000000000000e+00
0.000000000000000000e+00
0.000000000000000000e+00
0.000000000000000000e+00
0.000000000000000000e+00
0.000000000000000000e+00
0.000000000000000000e+00
0.000000000000000000e+00
0.000000000000000000e+00
0.000000000000000000e+00
0.000000000000000000e+00
0.000000000000000000e+00
8.960553845713439269e-01
0.000000000000000000e+00
0.000000000000000000e+00
0.000000000000000000e+00
0.000000000000000000e+00
0.000000000000000000e+00
0.000000000000000000e+00
2.189080473647392056e-01
0.000000000000000000e+00
0.000000000000000000e+00
0.000000000000000000e+00
3.812848507827046318e-02
0.000000000000000000e+00
0.000000000000000000e+00
0.000000000000000000e+00
2.746581945984876479e-03
0.000000000000000000e+00
0.000000000000000000e+00
0.000000000000000000e+00
0.000000000000000000e+00
0.000000000000000000e+00
0.000000000000000000e+00
0.000000000000000000e+00
0.000000000000000000e+00
0.000000000000000000e+00
0.000000000000000000e+00
0.000000000000000000e+00
0.000000000000000000e+00
0.000000000000000000e+00
0.000000000000000000e+00
0.000000000000000000e+00
0.000000000000000000e+00
4.597043897901196274e+00
3.059211314264286496e+00
4.579789941790400221e+00
1.523287812427410515e+00
0.000000000000000000e+00
0.000000000000000000e+00
1.511150001924220776e+00
0.000000000000000000e+00
0.000000000000000000e+00
0.000000000000000000e+00
0.000000000000000000e+00
0.000000000000000000e+00
0.000000000000000000e+00
0.000000000000000000e+00
0.000000000000000000e+00
0.000000000000000000e+00
0.000000000000000000e+00
1.405830553902068791e+00
0.000000000000000000e+00
0.000000000000000000e+00
0.000000000000000000e+00
0.000000000000000000e+00
0.000000000000000000e+00
0.000000000000000000e+00
0.000000000000000000e+00
0.000000000000000000e+00
0.000000000000000000e+00
9.825870786883099672e-01
0.000000000000000000e+00
8.001600123562556677e-01
0.000000000000000000e+00
0.000000000000000000e+00
0.000000000000000000e+00
0.000000000000000000e+00
0.000000000000000000e+00
0.000000000000000000e+00
0.000000000000000000e+00
0.000000000000000000e+00
0.000000000000000000e+00
0.000000000000000000e+00
0.000000000000000000e+00
1.647911925302061528e-02
2.441401399378937635e-03
2.136230402432681610e-03
0.000000000000000000e+00
0.000000000000000000e+00
0.000000000000000000e+00
0.000000000000000000e+00
0.000000000000000000e+00
0.000000000000000000e+00
0.000000000000000000e+00
0.000000000000000000e+00
0.000000000000000000e+00
0.000000000000000000e+00
0.000000000000000000e+00
0.000000000000000000e+00
0.000000000000000000e+00
0.000000000000000000e+00
0.000000000000000000e+00
0.000000000000000000e+00
3.069704835568876078e+00
1.532347965967065351e+00
4.588816971396429523e+00
3.053193294526933776e+00
3.046575624854821029e+00
0.000000000000000000e+00
0.000000000000000000e+00
1.511150001924220776e+00
0.000000000000000000e+00
0.000000000000000000e+00
0.000000000000000000e+00
0.000000000000000000e+00
0.000000000000000000e+00
0.000000000000000000e+00
1.461243764860584493e+00
0.000000000000000000e+00
0.000000000000000000e+00
0.000000000000000000e+00
0.000000000000000000e+00
0.000000000000000000e+00
0.000000000000000000e+00
0.000000000000000000e+00
0.000000000000000000e+00
1.272255159682329495e+00
0.000000000000000000e+00
0.000000000000000000e+00
0.000000000000000000e+00
0.000000000000000000e+00
0.000000000000000000e+00
0.000000000000000000e+00
0.000000000000000000e+00
6.971348588680905678e-01
0.000000000000000000e+00
0.000000000000000000e+00
0.000000000000000000e+00
0.000000000000000000e+00
0.000000000000000000e+00
0.000000000000000000e+00
0.000000000000000000e+00
0.000000000000000000e+00
3.812848507827046318e-02
0.000000000000000000e+00
8.239559626510307641e-03
2.441401399378937635e-03
6.103515435521947611e-04
0.000000000000000000e+00
0.000000000000000000e+00
0.000000000000000000e+00
0.000000000000000000e+00
0.000000000000000000e+00
0.000000000000000000e+00
0.000000000000000000e+00
0.000000000000000000e+00
0.000000000000000000e+00
0.000000000000000000e+00
0.000000000000000000e+00
0.000000000000000000e+00
0.000000000000000000e+00
0.000000000000000000e+00
0.000000000000000000e+00
0.000000000000000000e+00
1.537144204738476017e+00
4.604557253353314117e+00
7.661739829835326532e+00
0.000000000000000000e+00
0.000000000000000000e+00
0.000000000000000000e+00
0.000000000000000000e+00
0.000000000000000000e+00
0.000000000000000000e+00
0.000000000000000000e+00
0.000000000000000000e+00
0.000000000000000000e+00
0.000000000000000000e+00
0.000000000000000000e+00
0.000000000000000000e+00
0.000000000000000000e+00
0.000000000000000000e+00
0.000000000000000000e+00
0.000000000000000000e+00
0.000000000000000000e+00
0.000000000000000000e+00
0.000000000000000000e+00
0.000000000000000000e+00
0.000000000000000000e+00
0.000000000000000000e+00
0.000000000000000000e+00
0.000000000000000000e+00
0.000000000000000000e+00
0.000000000000000000e+00
0.000000000000000000e+00
0.000000000000000000e+00
0.000000000000000000e+00
0.000000000000000000e+00
0.000000000000000000e+00
0.000000000000000000e+00
0.000000000000000000e+00
0.000000000000000000e+00
0.000000000000000000e+00
0.000000000000000000e+00
0.000000000000000000e+00
0.000000000000000000e+00
3.812848507827046318e-02
0.000000000000000000e+00
0.000000000000000000e+00
2.441401399378937635e-03
1.220703087104389522e-03
0.000000000000000000e+00
0.000000000000000000e+00
0.000000000000000000e+00
0.000000000000000000e+00
0.000000000000000000e+00
0.000000000000000000e+00
0.000000000000000000e+00
0.000000000000000000e+00
0.000000000000000000e+00
0.000000000000000000e+00
0.000000000000000000e+00
0.000000000000000000e+00
0.000000000000000000e+00
0.000000000000000000e+00
0.000000000000000000e+00
0.000000000000000000e+00
0.000000000000000000e+00
4.611432614215427606e+00
1.074396692449106538e+01
0.000000000000000000e+00
0.000000000000000000e+00
1.526596647263466888e+00
0.000000000000000000e+00
0.000000000000000000e+00
0.000000000000000000e+00
0.000000000000000000e+00
0.000000000000000000e+00
0.000000000000000000e+00
0.000000000000000000e+00
0.000000000000000000e+00
0.000000000000000000e+00
1.471127674303734700e+00
0.000000000000000000e+00
0.000000000000000000e+00
0.000000000000000000e+00
0.000000000000000000e+00
0.000000000000000000e+00
0.000000000000000000e+00
0.000000000000000000e+00
0.000000000000000000e+00
0.000000000000000000e+00
0.000000000000000000e+00
0.000000000000000000e+00
0.000000000000000000e+00
0.000000000000000000e+00
0.000000000000000000e+00
0.000000000000000000e+00
0.000000000000000000e+00
0.000000000000000000e+00
0.000000000000000000e+00
0.000000000000000000e+00
0.000000000000000000e+00
0.000000000000000000e+00
0.000000000000000000e+00
2.189080473647392056e-01
0.000000000000000000e+00
0.000000000000000000e+00
0.000000000000000000e+00
0.000000000000000000e+00
0.000000000000000000e+00
0.000000000000000000e+00
2.441401399378937635e-03
9.155273153282920875e-04
0.000000000000000000e+00
0.000000000000000000e+00
0.000000000000000000e+00
0.000000000000000000e+00
0.000000000000000000e+00
0.000000000000000000e+00
0.000000000000000000e+00
0.000000000000000000e+00
0.000000000000000000e+00
0.000000000000000000e+00
0.000000000000000000e+00
0.000000000000000000e+00
0.000000000000000000e+00
0.000000000000000000e+00
0.000000000000000000e+00
0.000000000000000000e+00
0.000000000000000000e+00
6.156981571263979269e+00
1.537144204738476017e+00
1.534852417784438039e+00
0.000000000000000000e+00
0.000000000000000000e+00
0.000000000000000000e+00
1.523287812427410515e+00
0.000000000000000000e+00
0.000000000000000000e+00
0.000000000000000000e+00
0.000000000000000000e+00
0.000000000000000000e+00
0.000000000000000000e+00
0.000000000000000000e+00
0.000000000000000000e+00
0.000000000000000000e+00
0.000000000000000000e+00
0.000000000000000000e+00
0.000000000000000000e+00
0.000000000000000000e+00
0.000000000000000000e+00
0.000000000000000000e+00
0.000000000000000000e+00
0.000000000000000000e+00
0.000000000000000000e+00
0.000000000000000000e+00
0.000000000000000000e+00
0.000000000000000000e+00
0.000000000000000000e+00
0.000000000000000000e+00
0.000000000000000000e+00
0.000000000000000000e+00
0.000000000000000000e+00
6.971348588680905678e-01
0.000000000000000000e+00
0.000000000000000000e+00
0.000000000000000000e+00
0.000000000000000000e+00
0.000000000000000000e+00
0.000000000000000000e+00
0.000000000000000000e+00
0.000000000000000000e+00
0.000000000000000000e+00
0.000000000000000000e+00
1.647911925302061528e-02
4.882802798757875269e-03
9.155273153282920875e-04
0.000000000000000000e+00
