# pd_vector
0.000000000000000000e+00
0.000000000000000000e+00
0.000000000000000000e+00
0.000000000000000000e+00
0.000000000000000000e+00
0.000000000000000000e+00
0.000000000000000000e+00
0.000000000000000000e+00
0.000000000000000000e+00
0.000000000000000000e+00
0.000000000000000000e+00
0.000000000000000000e+00
0.000000000000000000e+00
5.798339663745850393e-03
0.000000000000000000e+00
0.000000000000000000e+00
0.000000000000000000e+00
0.000000000000000000e+00
0.000000000000000000e+00
5.401611160436923381e-02
0.000000000000000000e+00
0.000000000000000000e+00
0.000000000000000000e+00
0.000000000000000000e+00
0.000000000000000000e+00
0.000000000000000000e+00
6.973266385083825014e-01
0.000000000000000000e+00
0.000000000000000000e+00
0.000000000000000000e+00
0.000000000000000000e+00
0.000000000000000000e+00
0.000000000000000000e+00
0.000000000000000000e+00
1.667480416984596037e+00
0.000000000000000000e+00
0.000000000000000000e+00
0.000000000000000000e+00
0.000000000000000000e+00
0.000000000000000000e+00
0.000000000000000000e+00
0.000000000000000000e+00
4.443350546869666573e-01
6.905212187977755711e+00
0.000000000000000000e+00
0.000000000000000000e+00
0.000000000000000000e+00
0.000000000000000000e+00
0.000000000000000000e+00
0.000000000000000000e+00
0.000000000000000000e+00
8.239559626510307641e-03
2.995599517037956350e+00
1.166992151271796452e+01
0.000000000000000000e+00
0.000000000000000000e+00
0.000000000000000000e+00
0.000000000000000000e+00
0.000000000000000000e+00
0.000000000000000000e+00
0.000000000000000000e+00
0.000000000000000000e+00
8.569142011570719530e-01
6.574693968527479448e+00
1.267059286837178789e+01
0.000000000000000000e+00
0.000000000000000000e+00
0.000000000000000000e+00
0.000000000000000000e+00
0.000000000000000000e+00
0.000000000000000000e+00
0.000000000000000000e+00
0.000000000000000000e+00
1.367013692898959576e-01
2.801450273013504688e+00
9.213848881256110346e+00
1.237487754552074826e+01
0.000000000000000000e+00
0.000000000000000000e+00
0.000000000000000000e+00
0.000000000000000000e+00
0.000000000000000000e+00
0.000000000000000000e+00
0.000000000000000000e+00
0.000000000000000000e+00
3.812848507827046318e-02
7.420931475737209126e-01
5.487546711255864906e+00
1.235349108085742387e+01
1.180816613733253639e+01
0.000000000000000000e+00
0.000000000000000000e+00
0.000000000000000000e+00
0.000000000000000000e+00
0.000000000000000000e+00
0.000000000000000000e+00
0.000000000000000000e+00
0.000000000000000000e+00
0.000000000000000000e+00
3.812848507827046318e-02
3.144131493667607025e+00
1.221926692611478593e+01
1.504635682437239197e+01
1.084320034697651636e+01
0.000000000000000000e+00
0.000000000000000000e+00
0.000000000000000000e+00
0.000000000000000000e+00
0.000000000000000000e+00
0.000000000000000000e+00
0.000000000000000000e+00
0.000000000000000000e+00
0.000000000000000000e+00
6.582274177809292748e-02
1.143854552348113840e+00
8.690301333429101049e+00
1.889331022358813428e+01
1.674068939554137359e+01
9.771728212270637925e+00
0.000000000000000000e+00
0.000000000000000000e+00
0.000000000000000000e+00
0.000000000000000000e+00
0.000000000000000000e+00
0.000000000000000000e+00
0.000000000000000000e+00
0.000000000000000000e+00
0.000000000000000000e+00
0.000000000000000000e+00
7.898729013371150742e-01
6.138686097601544489e+00
2.062237799573287589e+01
2.452092944849467671e+01
1.713619642224076500e+01
8.487243388865044480e+00
0.000000000000000000e+00
0.000000000000000000e+00
0.000000000000000000e+00
0.000000000000000000e+00
0.000000000000000000e+00
0.000000000000000000e+00
0.000000000000000000e+00
0.000000000000000000e+00
0.000000000000000000e+00
0.000000000000000000e+00
3.128864419155261700e-01
4.870882891578876439e+00
1.883547162866560853e+01
3.151943000484172330e+01
2.746245223515885669e+01
1.574703902599414818e+01
7.140807883788902188e+00
0.000000000000000000e+00
0.000000000000000000e+00
0.000000000000000000e+00
0.000000000000000000e+00
0.000000000000000000e+00
0.000000000000000000e+00
0.000000000000000000e+00
0.000000000000000000e+00
0.000000000000000000e+00
0.000000000000000000e+00
4.649902257718229182e-01
3.233159899793770720e+00
1.573163528496420938e+01
3.381996626442590070e+01
3.802250942963249258e+01
2.761900386806255270e+01
1.434323322135125878e+01
5.863342103134159267e+00
0.000000000000000000e+00
0.000000000000000000e+00
0.000000000000000000e+00
0.000000000000000000e+00
0.000000000000000000e+00
0.000000000000000000e+00
0.000000000000000000e+00
0.000000000000000000e+00
0.000000000000000000e+00
0.000000000000000000e+00
0.000000000000000000e+00
1.084977193467586698e+00
1.042954806385087352e+01
3.198985250415316273e+01
4.377150086985449207e+01
3.802250942963249258e+01
2.509769862235039639e+01
1.236569808785431945e+01
4.843749849630217597e+00
0.000000000000000000e+00
0.000000000000000000e+00
0.000000000000000000e+00
0.000000000000000000e+00
0.000000000000000000e+00
0.000000000000000000e+00
0.000000000000000000e+00
0.000000000000000000e+00
0.000000000000000000e+00
0.000000000000000000e+00
0.000000000000000000e+00
1.532356331553174522e+00
8.059830580044931025e+00
3.118434871091410798e+01
4.903794262467923204e+01
5.200725364676090834e+01
3.753429025359714899e+01
2.141461546930029058e+01
1.012937440602321182e+01
3.847045779009483635e+00
0.000000000000000000e+00
0.000000000000000000e+00
0.000000000000000000e+00
0.000000000000000000e+00
0.000000000000000000e+00
0.000000000000000000e+00
0.000000000000000000e+00
0.000000000000000000e+00
0.000000000000000000e+00
0.000000000000000000e+00
0.000000000000000000e+00
8.885952824177023590e-01
4.597068994659522900e+00
2.572945915937420125e+01
5.694533242862576827e+01
5.779236728116558908e+01
4.804189119862078172e+01
3.130461356738617340e+01
1.782216747214179620e+01
8.415510623659198330e+00
3.053283596619854379e+00
0.000000000000000000e+00
0.000000000000000000e+00
0.000000000000000000e+00
0.000000000000000000e+00
0.000000000000000000e+00
0.000000000000000000e+00
0.000000000000000000e+00
0.000000000000000000e+00
0.000000000000000000e+00
0.000000000000000000e+00
0.000000000000000000e+00
0.000000000000000000e+00
3.258182702198242353e+00
2.123408059437970152e+01
5.037394112528081536e+01
6.674910760864558767e+01
5.792401276472177329e+01
4.491535542220260879e+01
2.562174235833478519e+01
1.432035463087491500e+01
6.284167202001385455e+00
2.477111739506582477e+00
0.000000000000000000e+00
0.000000000000000000e+00
0.000000000000000000e+00
0.000000000000000000e+00
0.000000000000000000e+00
0.000000000000000000e+00
0.000000000000000000e+00
0.000000000000000000e+00
0.000000000000000000e+00
0.000000000000000000e+00
0.000000000000000000e+00
4.852825635592212805e-01
1.929151396738235880e+00
1.569851665604607582e+01
4.859758651497210025e+01
7.331345893002408332e+01
7.509274605972628081e+01
5.173667503758104402e+01
3.732778689162678631e+01
2.167693141596921436e+01
1.151890435786141076e+01
5.070790706510053703e+00
1.965026794466291138e+00
0.000000000000000000e+00
0.000000000000000000e+00
0.000000000000000000e+00
0.000000000000000000e+00
0.000000000000000000e+00
0.000000000000000000e+00
0.000000000000000000e+00
0.000000000000000000e+00
0.000000000000000000e+00
0.000000000000000000e+00
0.000000000000000000e+00
0.000000000000000000e+00
1.455847690677663842e+00
1.118907810108176903e+01
4.442976412088511751e+01
7.771235681448241905e+01
7.904833838120990208e+01
6.779206241503067076e+01
4.324554134820705542e+01
2.741438077127646267e+01
1.673615335449154884e+01
9.195348543185502876e+00
4.133292569148541595e+00
1.566772412298483852e+00
0.000000000000000000e+00
0.000000000000000000e+00
0.000000000000000000e+00
0.000000000000000000e+00
0.000000000000000000e+00
0.000000000000000000e+00
0.000000000000000000e+00
0.000000000000000000e+00
0.000000000000000000e+00
0.000000000000000000e+00
0.000000000000000000e+00
0.000000000000000000e+00
5.906318823794730610e-01
7.764521016947540488e+00
5.247291799128002054e+01
8.056597227253834603e+01
9.763298912467368496e+01
7.796336118774230783e+01
6.341165222821330616e+01
3.574174878550446266e+01
2.329650438282325453e+01
1.333814788928556183e+01
7.563915737136462702e+00
3.376458135341070754e+00
1.234435996834313931e+00
0.000000000000000000e+00
0.000000000000000000e+00
0.000000000000000000e+00
0.000000000000000000e+00
0.000000000000000000e+00
0.000000000000000000e+00
0.000000000000000000e+00
0.000000000000000000e+00
0.000000000000000000e+00
0.000000000000000000e+00
0.000000000000000000e+00
0.000000000000000000e+00
6.971348588680905678e-01
3.543791294276838144e+00
3.348449688558626747e+01
6.906362000322884853e+01
9.922647320331010690e+01
8.712540285116619998e+01
6.447864464035944820e+01
4.662007984541340022e+01
2.981770202547609472e+01
1.807290192710020094e+01
1.027213146378361053e+01
5.916003811834400494e+00
2.656244722524284008e+00
9.970092463925100956e-01
0.000000000000000000e+00
0.000000000000000000e+00
0.000000000000000000e+00
0.000000000000000000e+00
0.000000000000000000e+00
0.000000000000000000e+00
0.000000000000000000e+00
0.000000000000000000e+00
0.000000000000000000e+00
0.000000000000000000e+00
0.000000000000000000e+00
0.000000000000000000e+00
0.000000000000000000e+00
2.091404576604271703e+00
2.894096223659418143e+01
6.260145069913954785e+01
9.568590927821649927e+01
9.211771094396848980e+01
7.289637977245816103e+01
5.285388899606387270e+01
3.191441707538367112e+01
2.409112349078201021e+01
1.311619886692503911e+01
8.416898594849307358e+00
4.053863336243071380e+00
1.984859337695076276e+00
7.611083748095868184e-01
0.000000000000000000e+00
0.000000000000000000e+00
0.000000000000000000e+00
0.000000000000000000e+00
0.000000000000000000e+00
0.000000000000000000e+00
0.000000000000000000e+00
0.000000000000000000e+00
0.000000000000000000e+00
0.000000000000000000e+00
0.000000000000000000e+00
0.000000000000000000e+00
8.960553845713439269e-01
0.000000000000000000e+00
1.742837147170226331e+01
5.433813317891151939e+01
9.463009989404814348e+01
9.298509732278297690e+01
8.915572666924281009e+01
5.954298888320906258e+01
4.014415615830071005e+01
2.576098371771165674e+01
1.717973560408225353e+01
9.227093388941451479e+00
5.819572578341285052e+00
3.485333722013860047e+00
1.547848487206246570e+00
5.911254699303005733e-01
0.000000000000000000e+00
0.000000000000000000e+00
0.000000000000000000e+00
0.000000000000000000e+00
0.000000000000000000e+00
0.000000000000000000e+00
0.000000000000000000e+00
0.000000000000000000e+00
0.000000000000000000e+00
0.000000000000000000e+00
0.000000000000000000e+00
0.000000000000000000e+00
0.000000000000000000e+00
0.000000000000000000e+00
1.520304023476885824e+01
5.925646300378770093e+01
9.272920553357727158e+01
1.023946209109956840e+02
9.800089095430239183e+01
7.079142416594362430e+01
4.421942556767731958e+01
2.851940051400513809e+01
1.877318651493157020e+01
1.283543464672812107e+01
7.701953985810633618e+00
4.491616419525152892e+00
2.760252474880953155e+00
1.254880319280774037e+00
4.849243013522187562e-01
0.000000000000000000e+00
0.000000000000000000e+00
0.000000000000000000e+00
0.000000000000000000e+00
0.000000000000000000e+00
0.000000000000000000e+00
0.000000000000000000e+00
0.000000000000000000e+00
0.000000000000000000e+00
0.000000000000000000e+00
0.000000000000000000e+00
0.000000000000000000e+00
0.000000000000000000e+00
1.965174157376619934e+00
1.433688615314150283e+01
4.160832064252529250e+01
9.132466651171986882e+01
1.092668982402025222e+02
9.074783938557438034e+01
7.562273475213885376e+01
4.768794682308336519e+01
3.546310367308775113e+01
2.200953735319961879e+01
1.470566277002973088e+01
9.675943041379660770e+00
5.948043672210192589e+00
3.905753408282741646e+00
2.232920658784293355e+00
9.985331723459854869e-01
3.823852420354499904e-01
0.000000000000000000e+00
0.000000000000000000e+00
0.000000000000000000e+00
0.000000000000000000e+00
0.000000000000000000e+00
0.000000000000000000e+00
0.000000000000000000e+00
0.000000000000000000e+00
0.000000000000000000e+00
0.000000000000000000e+00
0.000000000000000000e+00
0.000000000000000000e+00
0.000000000000000000e+00
0.000000000000000000e+00
1.277363202294803024e+01
3.584221538285375885e+01
9.761952150746319035e+01
1.226957351607839399e+02
9.804489247499252258e+01
7.861577529659385277e+01
5.324457854997530859e+01
3.347042230440012389e+01
2.451770130485079235e+01
1.704964161163350767e+01
1.178538931215148544e+01
7.372147079146407656e+00
5.109217000488242455e+00
3.163660260709020733e+00
1.549037209783937774e+00
7.763656450025021583e-01
3.253173727133197857e-01
0.000000000000000000e+00
0.000000000000000000e+00
0.000000000000000000e+00
0.000000000000000000e+00
0.000000000000000000e+00
0.000000000000000000e+00
0.000000000000000000e+00
0.000000000000000000e+00
0.000000000000000000e+00
0.000000000000000000e+00
0.000000000000000000e+00
0.000000000000000000e+00
0.000000000000000000e+00
0.000000000000000000e+00
5.294444692876144387e+00
2.456467696720774896e+01
5.913965538170869962e+01
1.120224017298757957e+02
1.045702288302135798e+02
7.855404035646991190e+01
4.998410404659978923e+01
3.819719765541707091e+01
2.725025532747620716e+01
1.707482769444965953e+01
1.162475564429557373e+01
7.822161047888154251e+00
6.055692243584549495e+00
3.202792746574719018e+00
1.972405471182784531e+00
1.400725136506752344e+00
6.298815610397658915e-01
2.517700117152803507e-01
0.000000000000000000e+00
0.000000000000000000e+00
0.000000000000000000e+00
0.000000000000000000e+00
0.000000000000000000e+00
0.000000000000000000e+00
0.000000000000000000e+00
0.000000000000000000e+00
0.000000000000000000e+00
0.000000000000000000e+00
0.000000000000000000e+00
0.000000000000000000e+00
0.000000000000000000e+00
0.000000000000000000e+00
5.625584932286953332e+00
3.176666815725686632e+01
5.993781179998691044e+01
1.146950892251320226e+02
8.961792138390063656e+01
7.459342989888568809e+01
4.725055059035784666e+01
3.542562713982315614e+01
2.623645899564001027e+01
2.280727891538769470e+01
1.576137941026122213e+01
8.989811031588576640e+00
5.631955954479471060e+00
3.225314347126553294e+00
3.279049716731259778e+00
1.874761635975715990e+00
1.046424072566809027e+00
4.687490686807560536e-01
1.980590758826872022e-01
0.000000000000000000e+00
0.000000000000000000e+00
0.000000000000000000e+00
0.000000000000000000e+00
0.000000000000000000e+00
0.000000000000000000e+00
0.000000000000000000e+00
0.000000000000000000e+00
0.000000000000000000e+00
0.000000000000000000e+00
0.000000000000000000e+00
0.000000000000000000e+00
0.000000000000000000e+00
0.000000000000000000e+00
5.910207901229636462e+00
1.912698876977564311e+01
6.776889206881465100e+01
7.565920505899987347e+01
7.706076307313557550e+01
7.121424109970675431e+01
4.322236124982161698e+01
3.780044047228627591e+01
2.669054099575717132e+01
1.774819284999177071e+01
6.220166976923916735e+00
8.756321894589568444e+00
6.664859902729461716e+00
5.110478551286927740e+00
2.501264187567531216e+00
3.202792746574719018e+00
1.367013692898959576e+00
6.509252104943142880e-01
3.417961959130512706e-01
1.486206008549594282e-01
0.000000000000000000e+00
0.000000000000000000e+00
0.000000000000000000e+00
0.000000000000000000e+00
0.000000000000000000e+00
0.000000000000000000e+00
0.000000000000000000e+00
0.000000000000000000e+00
0.000000000000000000e+00
0.000000000000000000e+00
0.000000000000000000e+00
0.000000000000000000e+00
0.000000000000000000e+00
1.272255159682329495e+00
1.230715447488967884e+00
9.456332641967417629e+00
5.513073233641214443e+01
7.941667039314216936e+01
8.745025000325958331e+01
7.526865230399289430e+01
4.960992076608785339e+01
3.276533836680025757e+01
2.067211588328155614e+01
2.038186766948729201e+01
1.273239921847235756e+01
9.182151251649591117e+00
9.631954084048524933e+00
4.184912031946406152e+00
3.024568938516753125e+00
2.632909671123717210e+00
1.639524858365629889e+00
1.074082187277753953e+00
7.086021278798864120e-01
3.198235833186408028e-01
1.290893514612891924e-01
0.000000000000000000e+00
0.000000000000000000e+00
0.000000000000000000e+00
0.000000000000000000e+00
0.000000000000000000e+00
0.000000000000000000e+00
0.000000000000000000e+00
0.000000000000000000e+00
0.000000000000000000e+00
0.000000000000000000e+00
0.000000000000000000e+00
0.000000000000000000e+00
0.000000000000000000e+00
0.000000000000000000e+00
2.544510319364658990e+00
1.599930081735658227e+01
3.664328898762374109e+01
7.538283809264517288e+01
7.835778145456694688e+01
6.190298595736352638e+01
3.763432615199644715e+01
3.520704054367524805e+01
2.161118062491080849e+01
1.830958835376366522e+01
1.552904203389508098e+01
7.330775307605296831e+00
8.589754396704456951e+00
3.940344852565305533e+00
3.409928322326701178e+00
2.398796054685700785e+00
1.711391286230416142e+00
1.410753947896007165e+00
9.178520509464442867e-01
5.850087334822318130e-01
2.148433231453465153e-01
1.025390593167687242e-01
0.000000000000000000e+00
0.000000000000000000e+00
0.000000000000000000e+00
0.000000000000000000e+00
0.000000000000000000e+00
0.000000000000000000e+00
0.000000000000000000e+00
0.000000000000000000e+00
0.000000000000000000e+00
0.000000000000000000e+00
0.000000000000000000e+00
0.000000000000000000e+00
0.000000000000000000e+00
0.000000000000000000e+00
2.615439313590881110e+00
5.089020638729317980e+00
4.307504066211387794e+01
6.855841165426377870e+01
7.763307206555995776e+01
5.294444692876144387e+01
3.832089606884408539e+01
2.150532922971225247e+01
2.080416032126264625e+01
2.230831548377889817e+01
1.417516517710735258e+01
6.793955889829097927e+00
1.003158726303882631e+01
4.442976412088512461e+00
5.034885089389002033e+00
3.719921806174583345e+00
1.564432209577630850e+00
1.974682253342787908e+00
1.601396373287359509e+00
7.225643805323072044e-01
4.449362198315566230e-01
1.953121119503150038e-01
6.591796670363703203e-02
0.000000000000000000e+00
0.000000000000000000e+00
0.000000000000000000e+00
0.000000000000000000e+00
0.000000000000000000e+00
0.000000000000000000e+00
0.000000000000000000e+00
0.000000000000000000e+00
0.000000000000000000e+00
0.000000000000000000e+00
0.000000000000000000e+00
0.000000000000000000e+00
0.000000000000000000e+00
0.000000000000000000e+00
0.000000000000000000e+00
3.923158970386321442e+00
3.053412383237590788e+01
7.507364229682704604e+01
6.855841165426377870e+01
4.050421151246606399e+01
3.706111285013301426e+01
2.849502528196098794e+01
2.060927384514091187e+01
1.840368028419387869e+01
1.533696689509799249e+01
8.268846353312623521e+00
6.793955889829097927e+00
4.244133072824118891e+00
3.258182702198242353e+00
4.597068994659522900e+00
2.634944612706996647e+00
1.981614132131665817e+00
9.873411266713939538e-01
8.769551568002206254e-01
4.491616419525152892e-01
2.554263484218195490e-01
1.782223021546624486e-01
7.110595482383068322e-02
0.000000000000000000e+00
0.000000000000000000e+00
0.000000000000000000e+00
0.000000000000000000e+00
0.000000000000000000e+00
0.000000000000000000e+00
0.000000000000000000e+00
0.000000000000000000e+00
0.000000000000000000e+00
0.000000000000000000e+00
0.000000000000000000e+00
0.000000000000000000e+00
0.000000000000000000e+00
0.000000000000000000e+00
0.000000000000000000e+00
2.676109630080143464e+00
1.569263588154528577e+01
4.198442026951687467e+01
5.907434147947046199e+01
3.309716424688595993e+01
2.700280767497737600e+01
2.117777877150457755e+01
1.866915449507789049e+01
8.064498461142095564e+00
1.600320024712511469e+01
1.045702288302135941e+01
3.543791294276838144e+00
5.823390762710655366e+00
4.244133072824118891e+00
3.850579557143376963e+00
2.845804615741609478e+00
1.549967419239409727e+00
1.460136728939122275e+00
1.513923060896137374e+00
5.719272761740569200e-01
4.491616419525152892e-01
2.471867887953092258e-01
1.367184783652204971e-01
5.615234200680192106e-02
0.000000000000000000e+00
0.000000000000000000e+00
0.000000000000000000e+00
0.000000000000000000e+00
0.000000000000000000e+00
0.000000000000000000e+00
0.000000000000000000e+00
0.000000000000000000e+00
0.000000000000000000e+00
0.000000000000000000e+00
0.000000000000000000e+00
0.000000000000000000e+00
0.000000000000000000e+00
0.000000000000000000e+00
1.386476391214087167e+00
4.092230757004260866e+00
1.739471259552093230e+01
5.753966489899938352e+01
5.597922702602249956e+01
4.307504066211387794e+01
3.664328898762374109e+01
1.800187178331825066e+01
1.588333407862843316e+01
8.843283708194789483e+00
9.856609230284783862e+00
1.280256019770009068e+01
8.365618306417086814e+00
2.953159411897365416e+00
3.882260508473770244e+00
3.858302793476471759e+00
2.369587419780539772e+00
1.313448284188435178e+00
1.394970677315468865e+00
9.386593257465785101e-01
4.607591924466504785e-01
3.050278806261637055e-01
4.101041078696878728e-01
2.719054676748401400e-01
1.049802601732943153e-01
4.394531113575802367e-02
0.000000000000000000e+00
0.000000000000000000e+00
0.000000000000000000e+00
0.000000000000000000e+00
0.000000000000000000e+00
0.000000000000000000e+00
0.000000000000000000e+00
0.000000000000000000e+00
0.000000000000000000e+00
0.000000000000000000e+00
0.000000000000000000e+00
0.000000000000000000e+00
0.000000000000000000e+00
0.000000000000000000e+00
0.000000000000000000e+00
5.545905564856348668e+00
2.455338454202556164e+01
4.950802815648265209e+01
4.707790764463585731e+01
3.689539963078755846e+01
1.476858536986761550e+01
1.418449896295112644e+01
1.912698876977564311e+01
1.164777832432751836e+01
7.860696629506479738e+00
7.168443076570751415e+00
7.201440111206300898e+00
2.788539435472362271e+00
3.543791294276838144e+00
2.426412817796106403e+00
2.700811955433530365e+00
2.073388992307972245e+00
1.094540236823696056e+00
1.549967419239409727e+00
6.257728838310523400e-01
7.898729013371150742e-01
3.812848507827046318e-01
2.734027385797919152e-01
2.059889906627576928e-01
1.000974573745364443e-01
3.570556529780339466e-02
0.000000000000000000e+00
0.000000000000000000e+00
0.000000000000000000e+00
0.000000000000000000e+00
0.000000000000000000e+00
0.000000000000000000e+00
0.000000000000000000e+00
0.000000000000000000e+00
0.000000000000000000e+00
0.000000000000000000e+00
0.000000000000000000e+00
0.000000000000000000e+00
0.000000000000000000e+00
0.000000000000000000e+00
0.000000000000000000e+00
2.811661107804137583e+00
1.663771669456904689e+01
3.410192297503550662e+01
4.147969926624222126e+01
4.446246833104498108e+01
1.908382739523494109e+01
2.338359350229038824e+01
1.182041580245927292e+01
6.750701918744343999e+00
7.412222570026602675e+00
1.965174157376619934e+00
4.480276922856719857e+00
3.200640049425022671e+00
5.577078870944724542e+00
5.906318823794730610e-01
1.941130254236885122e+00
1.157490838042941617e+00
1.480992137362837413e+00
4.378160947294784111e-01
1.859960903087291673e+00
1.251545767662104680e+00
4.607591924466504785e-01
2.287709104696227791e-01
2.734027385797919152e-01
1.483120732771855410e-01
9.521465457577857339e-02
2.777099523162486136e-02
0.000000000000000000e+00
0.000000000000000000e+00
0.000000000000000000e+00
0.000000000000000000e+00
0.000000000000000000e+00
0.000000000000000000e+00
0.000000000000000000e+00
0.000000000000000000e+00
0.000000000000000000e+00
0.000000000000000000e+00
0.000000000000000000e+00
0.000000000000000000e+00
0.000000000000000000e+00
0.000000000000000000e+00
0.000000000000000000e+00
1.422619279714792961e+00
9.840813877314481317e+00
3.188895699792400507e+01
3.819415373203976571e+01
2.809915111584150793e+01
1.569263588154528577e+01
8.905786117776306909e+00
8.615008132422774523e+00
8.274291061721489982e+00
9.000935891659125332e+00
6.353333631451373975e+00
2.947761236064930124e+00
4.480276922856719857e+00
1.600320024712511335e+00
3.485674294340452839e+00
3.543791294276838144e+00
9.705651271184425610e-01
1.929151396738235880e+00
1.777190564835404718e+00
1.313448284188435178e+00
6.199869676957638909e-01
7.300683644695611374e-01
4.607591924466504785e-01
3.431563657044341964e-01
2.734027385797919152e-01
7.415603663859277050e-02
5.126942938695769336e-02
2.410888597031169214e-02
0.000000000000000000e+00
0.000000000000000000e+00
0.000000000000000000e+00
0.000000000000000000e+00
0.000000000000000000e+00
0.000000000000000000e+00
0.000000000000000000e+00
0.000000000000000000e+00
0.000000000000000000e+00
0.000000000000000000e+00
0.000000000000000000e+00
0.000000000000000000e+00
0.000000000000000000e+00
0.000000000000000000e+00
0.000000000000000000e+00
0.000000000000000000e+00
1.138095423771834369e+01
3.936325550925792527e+01
3.466190978035218251e+01
3.000969221803124398e+01
2.007082222560107709e+01
1.046175725436352444e+01
3.816765479046988485e+00
4.922861789955871537e+00
1.063837422221334528e+01
6.750701918744343999e+00
5.294444692876144387e+00
9.825870786883099672e-01
3.584221538285375708e+00
8.001600123562556677e-01
6.971348588680905678e-01
5.906318823794730610e-01
1.455847690677663842e+00
7.716605586952943741e-01
5.923968549451349430e-01
6.567241420942175889e-01
9.299804515436458363e-01
5.214774031925436537e-01
3.291137088904646513e-01
2.287709104696227791e-01
2.148164374555507905e-01
1.153538347711443035e-01
3.906242239006300215e-02
1.800537053478974692e-02
0.000000000000000000e+00
0.000000000000000000e+00
0.000000000000000000e+00
0.000000000000000000e+00
0.000000000000000000e+00
0.000000000000000000e+00
0.000000000000000000e+00
0.000000000000000000e+00
0.000000000000000000e+00
0.000000000000000000e+00
0.000000000000000000e+00
0.000000000000000000e+00
0.000000000000000000e+00
0.000000000000000000e+00
0.000000000000000000e+00
0.000000000000000000e+00
1.006068327345037083e+01
2.845238559429585834e+01
4.498657772486620132e+01
2.357009865063948340e+01
1.091261535201136113e+01
8.028328890240430837e+00
2.615439313590881110e+00
5.089020638729317980e+00
4.922861789955871537e+00
2.364083160491854407e+00
2.250233972914781333e+00
1.058888938575228922e+00
1.965174157376619934e+00
2.688166153714031559e+00
3.200640049425022671e+00
2.091404576604271703e+00
1.181263764758946122e+00
1.941130254236885122e+00
1.929151396738235880e+00
1.480992137362837413e+00
1.313448284188435178e+00
3.099934838478819454e-01
1.042954806385087280e-01
1.974682253342787686e-01
2.668993955478932145e-01
1.171726022484822494e-01
4.119779813255153994e-02
4.394522518882088002e-02
1.312255818637218796e-02
0.000000000000000000e+00
0.000000000000000000e+00
0.000000000000000000e+00
0.000000000000000000e+00
0.000000000000000000e+00
0.000000000000000000e+00
0.000000000000000000e+00
0.000000000000000000e+00
0.000000000000000000e+00
0.000000000000000000e+00
0.000000000000000000e+00
0.000000000000000000e+00
0.000000000000000000e+00
0.000000000000000000e+00
0.000000000000000000e+00
0.000000000000000000e+00
1.160019202622100032e+01
3.449377122325841327e+01
1.849405063629230739e+01
1.968162775462896263e+01
5.545905564856348668e+00
5.456307676005680563e+00
6.690274075200358439e+00
1.307719656795440555e+00
1.272255159682329495e+00
2.461430894977935768e+00
3.546124740737781611e+00
3.375350959372171999e+00
1.058888938575228922e+00
9.825870786883099672e-01
8.960553845713439269e-01
2.400480037068767114e+00
1.394269717736181136e+00
1.771895647138419072e+00
1.455847690677663842e+00
1.929151396738235880e+00
5.923968549451349430e-01
2.189080473647392056e-01
3.099934838478819454e-01
0.000000000000000000e+00
2.632909671123717099e-01
3.812848507827046318e-02
9.764383520706854114e-02
6.591647701208246113e-02
3.906242239006300215e-02
1.464843704525267340e-02
0.000000000000000000e+00
0.000000000000000000e+00
0.000000000000000000e+00
0.000000000000000000e+00
0.000000000000000000e+00
0.000000000000000000e+00
0.000000000000000000e+00
0.000000000000000000e+00
0.000000000000000000e+00
0.000000000000000000e+00
0.000000000000000000e+00
0.000000000000000000e+00
0.000000000000000000e+00
0.000000000000000000e+00
0.000000000000000000e+00
1.471127674303734700e+00
4.383731294581753701e+00
1.595026403605387522e+01
2.155860701453650918e+01
1.138095423771834369e+01
5.623322215608275165e+00
4.159429173642261723e+00
2.728153838002840281e+00
5.352219260160286929e+00
2.615439313590881110e+00
2.544510319364658990e+00
3.692146342466903874e+00
2.364083160491854407e+00
0.000000000000000000e+00
0.000000000000000000e+00
9.825870786883099672e-01
8.960553845713439269e-01
1.600320024712511335e+00
6.971348588680905678e-01
1.181263764758946122e+00
9.705651271184425610e-01
0.000000000000000000e+00
0.000000000000000000e+00
0.000000000000000000e+00
1.549967419239409727e-01
4.171819225540349119e-01
0.000000000000000000e+00
3.812848507827046318e-02
7.811506816565483291e-02
5.767691738557215175e-02
2.685541539316831441e-02
1.068115201216340848e-02
0.000000000000000000e+00
0.000000000000000000e+00
0.000000000000000000e+00
0.000000000000000000e+00
0.000000000000000000e+00
0.000000000000000000e+00
0.000000000000000000e+00
0.000000000000000000e+00
0.000000000000000000e+00
0.000000000000000000e+00
0.000000000000000000e+00
0.000000000000000000e+00
0.000000000000000000e+00
0.000000000000000000e+00
0.000000000000000000e+00
1.479865982045772466e+00
2.942255348607469401e+00
1.315119388374526110e+01
1.450024003277625084e+01
1.149792374108613835e+01
5.690477118859171846e+00
4.217491661706206152e+00
5.545905564856348668e+00
4.092230757004260866e+00
6.690274075200358439e+00
3.923158970386321442e+00
2.544510319364658990e+00
1.230715447488967884e+00
1.182041580245927204e+00
0.000000000000000000e+00
0.000000000000000000e+00
0.000000000000000000e+00
0.000000000000000000e+00
8.001600123562556677e-01
0.000000000000000000e+00
1.181263764758946122e+00
4.852825635592212805e-01
0.000000000000000000e+00
2.961984274725674715e-01
0.000000000000000000e+00
0.000000000000000000e+00
1.042954806385087280e-01
6.582274177809292748e-02
3.812848507827046318e-02
7.811506816565483291e-02
2.471867887953092119e-02
1.953121119503150108e-02
7.934570066178531569e-03
0.000000000000000000e+00
0.000000000000000000e+00
0.000000000000000000e+00
0.000000000000000000e+00
0.000000000000000000e+00
0.000000000000000000e+00
0.000000000000000000e+00
0.000000000000000000e+00
0.000000000000000000e+00
0.000000000000000000e+00
0.000000000000000000e+00
0.000000000000000000e+00
0.000000000000000000e+00
0.000000000000000000e+00
0.000000000000000000e+00
0.000000000000000000e+00
1.479865982045772466e+00
1.324014906873361141e+01
1.607368141346642787e+01
1.015016802294337595e+01
1.006068327345037083e+01
5.690477118859171846e+00
2.811661107804137583e+00
2.772952782428174334e+00
0.000000000000000000e+00
1.338054815040071732e+00
0.000000000000000000e+00
1.272255159682329495e+00
0.000000000000000000e+00
0.000000000000000000e+00
0.000000000000000000e+00
1.058888938575228922e+00
9.825870786883099672e-01
0.000000000000000000e+00
1.600320024712511335e+00
0.000000000000000000e+00
5.906318823794730610e-01
4.852825635592212805e-01
0.000000000000000000e+00
5.923968549451349430e-01
6.567241420942175889e-01
3.099934838478819454e-01
1.042954806385087280e-01
1.316454835561858550e-01
3.812848507827046318e-02
0.000000000000000000e+00
1.647911925302061528e-02
1.220700699689468774e-02
7.019042750850240132e-03
0.000000000000000000e+00
0.000000000000000000e+00
0.000000000000000000e+00
0.000000000000000000e+00
0.000000000000000000e+00
0.000000000000000000e+00
0.000000000000000000e+00
0.000000000000000000e+00
0.000000000000000000e+00
0.000000000000000000e+00
0.000000000000000000e+00
0.000000000000000000e+00
0.000000000000000000e+00
0.000000000000000000e+00
0.000000000000000000e+00
0.000000000000000000e+00
5.950472145631791498e+00
1.331879383841195263e+01
1.324014906873361141e+01
1.315119388374526110e+01
4.350072009832874897e+00
1.437240467635767294e+00
4.267857839144379106e+00
4.217491661706206152e+00
2.772952782428174334e+00
0.000000000000000000e+00
2.676109630080143464e+00
0.000000000000000000e+00
0.000000000000000000e+00
0.000000000000000000e+00
0.000000000000000000e+00
1.125116986457390666e+00
1.058888938575228922e+00
9.825870786883099672e-01
0.000000000000000000e+00
0.000000000000000000e+00
6.971348588680905678e-01
0.000000000000000000e+00
9.705651271184425610e-01
0.000000000000000000e+00
0.000000000000000000e+00
2.189080473647392056e-01
0.000000000000000000e+00
2.085909612770174559e-01
0.000000000000000000e+00
0.000000000000000000e+00
3.905753408282741646e-02
3.295823850604123056e-02
1.708980979565256214e-02
4.577636576641460654e-03
0.000000000000000000e+00
0.000000000000000000e+00
0.000000000000000000e+00
0.000000000000000000e+00
0.000000000000000000e+00
0.000000000000000000e+00
0.000000000000000000e+00
0.000000000000000000e+00
0.000000000000000000e+00
0.000000000000000000e+00
0.000000000000000000e+00
0.000000000000000000e+00
0.000000000000000000e+00
0.000000000000000000e+00
0.000000000000000000e+00
0.000000000000000000e+00
5.978071159309220839e+00
7.438090182039739595e+00
1.627852580250349845e+01
8.826766045822408202e+00
4.383731294581753701e+00
4.350072009832874897e+00
4.311721402907301659e+00
0.000000000000000000e+00
0.000000000000000000e+00
1.386476391214087167e+00
1.364076919001420141e+00
1.338054815040071732e+00
0.000000000000000000e+00
1.272255159682329495e+00
0.000000000000000000e+00
0.000000000000000000e+00
0.000000000000000000e+00
0.000000000000000000e+00
0.000000000000000000e+00
0.000000000000000000e+00
0.000000000000000000e+00
6.971348588680905678e-01
1.181263764758946122e+00
0.000000000000000000e+00
0.000000000000000000e+00
0.000000000000000000e+00
0.000000000000000000e+00
1.549967419239409727e-01
1.042954806385087280e-01
0.000000000000000000e+00
0.000000000000000000e+00
3.905753408282741646e-02
2.471867887953092119e-02
1.464840839627362667e-02
3.662109261313168350e-03
0.000000000000000000e+00
0.000000000000000000e+00
0.000000000000000000e+00
0.000000000000000000e+00
0.000000000000000000e+00
0.000000000000000000e+00
0.000000000000000000e+00
0.000000000000000000e+00
0.000000000000000000e+00
0.000000000000000000e+00
0.000000000000000000e+00
0.000000000000000000e+00
0.000000000000000000e+00
0.000000000000000000e+00
0.000000000000000000e+00
0.000000000000000000e+00
1.500678269864276437e+00
8.967106738963831702e+00
1.933903447330332170e+01
7.399329910228862772e+00
4.413383022911204101e+00
0.000000000000000000e+00
1.450024003277625040e+00
0.000000000000000000e+00
0.000000000000000000e+00
1.405830553902068791e+00
1.386476391214087167e+00
0.000000000000000000e+00
0.000000000000000000e+00
0.000000000000000000e+00
1.272255159682329495e+00
0.000000000000000000e+00
0.000000000000000000e+00
1.125116986457390666e+00
1.058888938575228922e+00
0.000000000000000000e+00
0.000000000000000000e+00
0.000000000000000000e+00
0.000000000000000000e+00
0.000000000000000000e+00
4.852825635592212805e-01
3.858302793476471870e-01
0.000000000000000000e+00
0.000000000000000000e+00
0.000000000000000000e+00
3.128864419155261700e-01
1.974682253342787686e-01
0.000000000000000000e+00
9.764383520706854114e-02
1.647911925302061528e-02
7.324204198136813337e-03
3.662109261313168350e-03
0.000000000000000000e+00
0.000000000000000000e+00
0.000000000000000000e+00
0.000000000000000000e+00
0.000000000000000000e+00
0.000000000000000000e+00
0.000000000000000000e+00
0.000000000000000000e+00
0.000000000000000000e+00
0.000000000000000000e+00
0.000000000000000000e+00
0.000000000000000000e+00
0.000000000000000000e+00
0.000000000000000000e+00
0.000000000000000000e+00
0.000000000000000000e+00
4.518585629935728321e+00
9.004069619185658624e+00
1.793421347792766340e+01
7.438090182039739595e+00
5.919463928183089863e+00
1.471127674303734700e+00
1.461243764860584493e+00
0.000000000000000000e+00
0.000000000000000000e+00
0.000000000000000000e+00
0.000000000000000000e+00
0.000000000000000000e+00
1.364076919001420141e+00
0.000000000000000000e+00
0.000000000000000000e+00
1.272255159682329495e+00
1.230715447488967884e+00
0.000000000000000000e+00
0.000000000000000000e+00
0.000000000000000000e+00
0.000000000000000000e+00
0.000000000000000000e+00
0.000000000000000000e+00
0.000000000000000000e+00
0.000000000000000000e+00
0.000000000000000000e+00
3.858302793476471870e-01
2.961984274725674715e-01
0.000000000000000000e+00
0.000000000000000000e+00
1.042954806385087280e-01
0.000000000000000000e+00
3.812848507827046318e-02
0.000000000000000000e+00
8.239559626510307641e-03
4.882802798757875269e-03
4.272460804865363219e-03
0.000000000000000000e+00
0.000000000000000000e+00
0.000000000000000000e+00
0.000000000000000000e+00
0.000000000000000000e+00
0.000000000000000000e+00
0.000000000000000000e+00
0.000000000000000000e+00
0.000000000000000000e+00
0.000000000000000000e+00
0.000000000000000000e+00
0.000000000000000000e+00
0.000000000000000000e+00
0.000000000000000000e+00
0.000000000000000000e+00
0.000000000000000000e+00
1.511150001924220776e+00
7.530976049892881719e+00
6.002713079457105749e+00
1.494517789827305210e+00
2.975236072815895749e+00
0.000000000000000000e+00
1.471127674303734700e+00
5.844975059442337972e+00
1.450024003277625040e+00
0.000000000000000000e+00
2.845238559429585923e+00
0.000000000000000000e+00
0.000000000000000000e+00
0.000000000000000000e+00
0.000000000000000000e+00
1.307719656795440555e+00
1.272255159682329495e+00
0.000000000000000000e+00
0.000000000000000000e+00
1.125116986457390666e+00
0.000000000000000000e+00
0.000000000000000000e+00
0.000000000000000000e+00
8.001600123562556677e-01
6.971348588680905678e-01
0.000000000000000000e+00
0.000000000000000000e+00
3.858302793476471870e-01
0.000000000000000000e+00
0.000000000000000000e+00
0.000000000000000000e+00
1.042954806385087280e-01
1.316454835561858550e-01
0.000000000000000000e+00
0.000000000000000000e+00
8.239559626510307641e-03
4.882802798757875269e-03
2.441406174208779045e-03
0.000000000000000000e+00
0.000000000000000000e+00
0.000000000000000000e+00
0.000000000000000000e+00
0.000000000000000000e+00
0.000000000000000000e+00
0.000000000000000000e+00
0.000000000000000000e+00
0.000000000000000000e+00
0.000000000000000000e+00
0.000000000000000000e+00
0.000000000000000000e+00
0.000000000000000000e+00
0.000000000000000000e+00
0.000000000000000000e+00
0.000000000000000000e+00
3.031224203472683065e+00
7.555750009621103658e+00
9.037171259871456641e+00
7.503391349321382187e+00
5.978071159309220839e+00
1.487618036407947875e+00
1.479865982045772466e+00
1.471127674303734700e+00
0.000000000000000000e+00
0.000000000000000000e+00
0.000000000000000000e+00
0.000000000000000000e+00
2.811661107804137583e+00
0.000000000000000000e+00
0.000000000000000000e+00
0.000000000000000000e+00
0.000000000000000000e+00
0.000000000000000000e+00
0.000000000000000000e+00
0.000000000000000000e+00
0.000000000000000000e+00
0.000000000000000000e+00
1.965174157376619934e+00
0.000000000000000000e+00
0.000000000000000000e+00
0.000000000000000000e+00
5.906318823794730610e-01
0.000000000000000000e+00
0.000000000000000000e+00
0.000000000000000000e+00
4.378160947294784111e-01
0.000000000000000000e+00
1.042954806385087280e-01
6.582274177809292748e-02
3.812848507827046318e-02
0.000000000000000000e+00
0.000000000000000000e+00
7.324204198136813337e-03
2.441406174208779045e-03
0.000000000000000000e+00
0.000000000000000000e+00
0.000000000000000000e+00
0.000000000000000000e+00
0.000000000000000000e+00
0.000000000000000000e+00
0.000000000000000000e+00
0.000000000000000000e+00
0.000000000000000000e+00
0.000000000000000000e+00
0.000000000000000000e+00
0.000000000000000000e+00
0.000000000000000000e+00
0.000000000000000000e+00
0.000000000000000000e+00
0.000000000000000000e+00
0.000000000000000000e+00
9.093672610418050084e+00
1.057805001346954477e+01
4.518585629935728321e+00
0.000000000000000000e+00
0.000000000000000000e+00
2.975236072815895749e+00
0.000000000000000000e+00
0.000000000000000000e+00
0.000000000000000000e+00
0.000000000000000000e+00
0.000000000000000000e+00
0.000000000000000000e+00
1.405830553902068791e+00
0.000000000000000000e+00
0.000000000000000000e+00
1.338054815040071732e+00
0.000000000000000000e+00
0.000000000000000000e+00
0.000000000000000000e+00
0.000000000000000000e+00
0.000000000000000000e+00
0.000000000000000000e+00
0.000000000000000000e+00
8.960553845713439269e-01
0.000000000000000000e+00
0.000000000000000000e+00
0.000000000000000000e+00
0.000000000000000000e+00
0.000000000000000000e+00
0.000000000000000000e+00
0.000000000000000000e+00
1.549967419239409727e-01
0.000000000000000000e+00
0.000000000000000000e+00
0.000000000000000000e+00
0.000000000000000000e+00
8.239559626510307641e-03
4.882802798757875269e-03
1.525878858880486957e-03
0.000000000000000000e+00
0.000000000000000000e+00
0.000000000000000000e+00
0.000000000000000000e+00
0.000000000000000000e+00
0.000000000000000000e+00
0.000000000000000000e+00
0.000000000000000000e+00
0.000000000000000000e+00
0.000000000000000000e+00
0.000000000000000000e+00
0.000000000000000000e+00
0.000000000000000000e+00
0.000000000000000000e+00
0.000000000000000000e+00
0.000000000000000000e+00
3.046575624854821029e+00
9.117845974801880971e+00
1.515612101736341444e+01
6.044600007696883104e+00
4.518585629935728321e+00
1.500678269864276437e+00
0.000000000000000000e+00
0.000000000000000000e+00
0.000000000000000000e+00
0.000000000000000000e+00
0.000000000000000000e+00
0.000000000000000000e+00
0.000000000000000000e+00
0.000000000000000000e+00
0.000000000000000000e+00
0.000000000000000000e+00
0.000000000000000000e+00
0.000000000000000000e+00
0.000000000000000000e+00
0.000000000000000000e+00
0.000000000000000000e+00
0.000000000000000000e+00
0.000000000000000000e+00
0.000000000000000000e+00
9.825870786883099672e-01
8.960553845713439269e-01
8.001600123562556677e-01
0.000000000000000000e+00
0.000000000000000000e+00
0.000000000000000000e+00
0.000000000000000000e+00
2.961984274725674715e-01
0.000000000000000000e+00
0.000000000000000000e+00
0.000000000000000000e+00
0.000000000000000000e+00
0.000000000000000000e+00
1.952876704141370823e-02
1.647911925302061528e-02
4.882802798757875269e-03
1.220703087104389522e-03
0.000000000000000000e+00
0.000000000000000000e+00
0.000000000000000000e+00
0.000000000000000000e+00
0.000000000000000000e+00
0.000000000000000000e+00
0.000000000000000000e+00
0.000000000000000000e+00
0.000000000000000000e+00
0.000000000000000000e+00
0.000000000000000000e+00
0.000000000000000000e+00
0.000000000000000000e+00
0.000000000000000000e+00
0.000000000000000000e+00
0.000000000000000000e+00
3.053193294526933776e+00
1.523287812427410515e+00
4.558922987400940485e+00
0.000000000000000000e+00
1.511150001924220776e+00
0.000000000000000000e+00
0.000000000000000000e+00
0.000000000000000000e+00
0.000000000000000000e+00
0.000000000000000000e+00
1.471127674303734700e+00
0.000000000000000000e+00
0.000000000000000000e+00
0.000000000000000000e+00
0.000000000000000000e+00
0.000000000000000000e+00
0.000000000000000000e+00
1.364076919001420141e+00
0.000000000000000000e+00
0.000000000000000000e+00
0.000000000000000000e+00
0.000000000000000000e+00
0.000000000000000000e+00
0.000000000000000000e+00
0.000000000000000000e+00
0.000000000000000000e+00
0.000000000000000000e+00
0.000000000000000000e+00
0.000000000000000000e+00
0.000000000000000000e+00
0.000000000000000000e+00
0.000000000000000000e+00
0.000000000000000000e+00
2.189080473647392056e-01
0.000000000000000000e+00
1.042954806385087280e-01
0.000000000000000000e+00
3.812848507827046318e-02
0.000000000000000000e+00
0.000000000000000000e+00
2.441401399378937635e-03
1.831054630656584175e-03
0.000000000000000000e+00
0.000000000000000000e+00
0.000000000000000000e+00
0.000000000000000000e+00
0.000000000000000000e+00
0.000000000000000000e+00
0.000000000000000000e+00
0.000000000000000000e+00
0.000000000000000000e+00
0.000000000000000000e+00
0.000000000000000000e+00
0.000000000000000000e+00
0.000000000000000000e+00
0.000000000000000000e+00
0.000000000000000000e+00
0.000000000000000000e+00
1.529605657132143248e+00
7.632983236317334885e+00
6.093151249709642059e+00
3.039281991600626842e+00
0.000000000000000000e+00
1.511150001924220776e+00
0.000000000000000000e+00
3.001356539728552875e+00
0.000000000000000000e+00
0.000000000000000000e+00
0.000000000000000000e+00
0.000000000000000000e+00
0.000000000000000000e+00
0.000000000000000000e+00
0.000000000000000000e+00
0.000000000000000000e+00
0.000000000000000000e+00
1.386476391214087167e+00
0.000000000000000000e+00
0.000000000000000000e+00
0.000000000000000000e+00
0.000000000000000000e+00
1.230715447488967884e+00
0.000000000000000000e+00
0.000000000000000000e+00
0.000000000000000000e+00
0.000000000000000000e+00
0.000000000000000000e+00
0.000000000000000000e+00
0.000000000000000000e+00
0.000000000000000000e+00
0.000000000000000000e+00
0.000000000000000000e+00
2.961984274725674715e-01
0.000000000000000000e+00
1.549967419239409727e-01
0.000000000000000000e+00
0.000000000000000000e+00
7.625697015654092636e-02
0.000000000000000000e+00
8.239559626510307641e-03
2.441401399378937635e-03
3.051757717760973806e-04
0.000000000000000000e+00
0.000000000000000000e+00
0.000000000000000000e+00
0.000000000000000000e+00
0.000000000000000000e+00
0.000000000000000000e+00
0.000000000000000000e+00
0.000000000000000000e+00
0.000000000000000000e+00
0.000000000000000000e+00
0.000000000000000000e+00
0.000000000000000000e+00
0.000000000000000000e+00
0.000000000000000000e+00
0.000000000000000000e+00
0.000000000000000000e+00
0.000000000000000000e+00
0.000000000000000000e+00
7.632983236317334885e+00
0.000000000000000000e+00
0.000000000000000000e+00
0.000000000000000000e+00
0.000000000000000000e+00
0.000000000000000000e+00
0.000000000000000000e+00
0.000000000000000000e+00
0.000000000000000000e+00
0.000000000000000000e+00
0.000000000000000000e+00
0.000000000000000000e+00
0.000000000000000000e+00
1.437240467635767294e+00
0.000000000000000000e+00
0.000000000000000000e+00
0.000000000000000000e+00
0.000000000000000000e+00
0.000000000000000000e+00
0.000000000000000000e+00
0.000000000000000000e+00
0.000000000000000000e+00
0.000000000000000000e+00
0.000000000000000000e+00
0.000000000000000000e+00
9.825870786883099672e-01
0.000000000000000000e+00
0.000000000000000000e+00
6.971348588680905678e-01
0.000000000000000000e+00
0.000000000000000000e+00
0.000000000000000000e+00
0.000000000000000000e+00
0.000000000000000000e+00
0.000000000000000000e+00
0.000000000000000000e+00
0.000000000000000000e+00
3.812848507827046318e-02
0.000000000000000000e+00
0.000000000000000000e+00
2.441401399378937635e-03
9.155273153282920875e-04
0.000000000000000000e+00
0.000000000000000000e+00
0.000000000000000000e+00
0.000000000000000000e+00
0.000000000000000000e+00
0.000000000000000000e+00
0.000000000000000000e+00
0.000000000000000000e+00
0.000000000000000000e+00
0.000000000000000000e+00
0.000000000000000000e+00
0.000000000000000000e+00
0.000000000000000000e+00
0.000000000000000000e+00
0.000000000000000000e+00
0.000000000000000000e+00
0.000000000000000000e+00
0.000000000000000000e+00
1.529605657132143248e+00
0.000000000000000000e+00
0.000000000000000000e+00
0.000000000000000000e+00
1.515612101736341533e+00
0.000000000000000000e+00
0.000000000000000000e+00
0.000000000000000000e+00
0.000000000000000000e+00
0.000000000000000000e+00
0.000000000000000000e+00
0.000000000000000000e+00
0.000000000000000000e+00
0.000000000000000000e+00
0.000000000000000000e+00
0.000000000000000000e+00
0.000000000000000000e+00
0.000000000000000000e+00
0.000000000000000000e+00
0.000000000000000000e+00
0.000000000000000000e+00
0.000000000000000000e+00
0.000000000000000000e+00
0.000000000000000000e+00
0.000000000000000000e+00
0.000000000000000000e+00
0.000000000000000000e+00
0.000000000000000000e+00
0.000000000000000000e+00
0.000000000000000000e+00
0.000000000000000000e+00
0.000000000000000000e+00
0.000000000000000000e+00
0.000000000000000000e+00
0.000000000000000000e+00
0.000000000000000000e+00
1.042954806385087280e-01
6.582274177809292748e-02
0.000000000000000000e+00
0.000000000000000000e+00
1.647911925302061528e-02
2.441401399378937635e-03
6.103515435521947611e-04
0.000000000000000000e+00
0.000000000000000000e+00
0.000000000000000000e+00
0.000000000000000000e+00
0.000000000000000000e+00
0.000000000000000000e+00
0.000000000000000000e+00
0.000000000000000000e+00
0.000000000000000000e+00
0.000000000000000000e+00
0.000000000000000000e+00
0.000000000000000000e+00
0.000000000000000000e+00
0.000000000000000000e+00
0.000000000000000000e+00
0.000000000000000000e+00
0.000000000000000000e+00
3.069704835568876078e+00
0.000000000000000000e+00
0.000000000000000000e+00
0.000000000000000000e+00
0.000000000000000000e+00
0.000000000000000000e+00
0.000000000000000000e+00
0.000000000000000000e+00
0.000000000000000000e+00
0.000000000000000000e+00
0.000000000000000000e+00
0.000000000000000000e+00
0.000000000000000000e+00
0.000000000000000000e+00
0.000000000000000000e+00
0.000000000000000000e+00
0.000000000000000000e+00
0.000000000000000000e+00
1.405830553902068791e+00
0.000000000000000000e+00
0.000000000000000000e+00
0.000000000000000000e+00
0.000000000000000000e+00
0.000000000000000000e+00
0.000000000000000000e+00
0.000000000000000000e+00
0.000000000000000000e+00
0.000000000000000000e+00
0.000000000000000000e+00
0.000000000000000000e+00
0.000000000000000000e+00
0.000000000000000000e+00
0.000000000000000000e+00
0.000000000000000000e+00
0.000000000000000000e+00
0.000000000000000000e+00
0.000000000000000000e+00
0.000000000000000000e+00
0.000000000000000000e+00
0.000000000000000000e+00
0.000000000000000000e+00
0.000000000000000000e+00
0.000000000000000000e+00
4.882802798757875269e-03
1.525878858880486957e-03
0.000000000000000000e+00
0.000000000000000000e+00
0.000000000000000000e+00
0.000000000000000000e+00
0.000000000000000000e+00
0.000000000000000000e+00
0.000000000000000000e+00
0.000000000000000000e+00
0.000000000000000000e+00
0.000000000000000000e+00
0.000000000000000000e+00
0.000000000000000000e+00
0.000000000000000000e+00
0.000000000000000000e+00
0.000000000000000000e+00
0.000000000000000000e+00
0.000000000000000000e+00
1.537144204738476017e+00
1.534852417784438039e+00
6.129391863868261403e+00
1.529605657132143248e+00
0.000000000000000000e+00
0.000000000000000000e+00
1.519640995800313421e+00
0.000000000000000000e+00
0.000000000000000000e+00
0.000000000000000000e+00
0.000000000000000000e+00
0.000000000000000000e+00
0.000000000000000000e+00
0.000000000000000000e+00
0.000000000000000000e+00
0.000000000000000000e+00
0.000000000000000000e+00
0.000000000000000000e+00
0.000000000000000000e+00
0.000000000000000000e+00
0.000000000000000000e+00
0.000000000000000000e+00
0.000000000000000000e+00
0.000000000000000000e+00
0.000000000000000000e+00
0.000000000000000000e+00
0.000000000000000000e+00
0.000000000000000000e+00
0.000000000000000000e+00
0.000000000000000000e+00
0.000000000000000000e+00
0.000000000000000000e+00
0.000000000000000000e+00
0.000000000000000000e+00
0.000000000000000000e+00
0.000000000000000000e+00
0.000000000000000000e+00
0.000000000000000000e+00
0.000000000000000000e+00
1.042954806385087280e-01
6.582274177809292748e-02
0.000000000000000000e+00
0.000000000000000000e+00
8.239559626510307641e-03
2.441401399378937635e-03
3.051757717760973806e-04
0.000000000000000000e+00
0.000000000000000000e+00
0.000000000000000000e+00
0.000000000000000000e+00
0.000000000000000000e+00
0.000000000000000000e+00
0.000000000000000000e+00
0.000000000000000000e+00
0.000000000000000000e+00
0.000000000000000000e+00
0.000000000000000000e+00
0.000000000000000000e+00
0.000000000000000000e+00
0.000000000000000000e+00
0.000000000000000000e+00
0.000000000000000000e+00
0.000000000000000000e+00
1.539245392815994817e+00
1.537144204738476017e+00
1.534852417784438039e+00
0.000000000000000000e+00
0.000000000000000000e+00
0.000000000000000000e+00
1.523287812427410515e+00
0.000000000000000000e+00
0.000000000000000000e+00
0.000000000000000000e+00
0.000000000000000000e+00
0.000000000000000000e+00
0.000000000000000000e+00
0.000000000000000000e+00
0.000000000000000000e+00
0.000000000000000000e+00
0.000000000000000000e+00
0.000000000000000000e+00
0.000000000000000000e+00
0.000000000000000000e+00
0.000000000000000000e+00
0.000000000000000000e+00
0.000000000000000000e+00
0.000000000000000000e+00
0.000000000000000000e+00
0.000000000000000000e+00
0.000000000000000000e+00
0.000000000000000000e+00
0.000000000000000000e+00
0.000000000000000000e+00
0.000000000000000000e+00
0.000000000000000000e+00
0.000000000000000000e+00
0.000000000000000000e+00
0.000000000000000000e+00
0.000000000000000000e+00
0.000000000000000000e+00
0.000000000000000000e+00
0.000000000000000000e+00
0.000000000000000000e+00
0.000000000000000000e+00
0.000000000000000000e+00
0.000000000000000000e+00
0.000000000000000000e+00
8.239559626510307641e-03
0.000000000000000000e+00
6.103515435521947611e-04
0.000000000000000000e+00
