# pd_vector
0.000000000000000000e+00
0.000000000000000000e+00
0.000000000000000000e+00
0.000000000000000000e+00
0.000000000000000000e+00
0.000000000000000000e+00
0.000000000000000000e+00
0.000000000000000000e+00
0.000000000000000000e+00
0.000000000000000000e+00
0.000000000000000000e+00
0.000000000000000000e+00
0.000000000000000000e+00
6.408691207298045263e-03
0.000000000000000000e+00
0.000000000000000000e+00
0.000000000000000000e+00
0.000000000000000000e+00
0.000000000000000000e+00
5.187988120193655350e-02
0.000000000000000000e+00
0.000000000000000000e+00
0.000000000000000000e+00
0.000000000000000000e+00
0.000000000000000000e+00
0.000000000000000000e+00
7.199096456198137428e-01
0.000000000000000000e+00
0.000000000000000000e+00
0.000000000000000000e+00
0.000000000000000000e+00
0.000000000000000000e+00
0.000000000000000000e+00
0.000000000000000000e+00
1.807861272001600961e+00
0.000000000000000000e+00
0.000000000000000000e+00
0.000000000000000000e+00
0.000000000000000000e+00
0.000000000000000000e+00
0.000000000000000000e+00
0.000000000000000000e+00
5.981433428478397651e-01
7.135925071440484935e+00
0.000000000000000000e+00
0.000000000000000000e+00
0.000000000000000000e+00
0.000000000000000000e+00
0.000000000000000000e+00
0.000000000000000000e+00
0.000000000000000000e+00
8.239559626510307641e-03
2.619623701533599913e+00
1.149658167434914091e+01
0.000000000000000000e+00
0.000000000000000000e+00
0.000000000000000000e+00
0.000000000000000000e+00
0.000000000000000000e+00
0.000000000000000000e+00
0.000000000000000000e+00
0.000000000000000000e+00
5.520504949761906310e-01
5.964343618682744541e+00
1.264953574011923720e+01
0.000000000000000000e+00
0.000000000000000000e+00
0.000000000000000000e+00
0.000000000000000000e+00
0.000000000000000000e+00
0.000000000000000000e+00
0.000000000000000000e+00
0.000000000000000000e+00
1.757589033727233740e-01
2.620179961230277854e+00
9.362774366618225486e+00
1.249359092074165112e+01
0.000000000000000000e+00
0.000000000000000000e+00
0.000000000000000000e+00
0.000000000000000000e+00
0.000000000000000000e+00
0.000000000000000000e+00
0.000000000000000000e+00
0.000000000000000000e+00
0.000000000000000000e+00
8.202082157393757456e-01
5.504025830508885164e+00
1.225095222208350876e+01
1.184539758148921962e+01
0.000000000000000000e+00
0.000000000000000000e+00
0.000000000000000000e+00
0.000000000000000000e+00
0.000000000000000000e+00
0.000000000000000000e+00
0.000000000000000000e+00
0.000000000000000000e+00
0.000000000000000000e+00
7.625697015654092636e-02
3.066016425501952192e+00
1.209567353171713222e+01
1.588864030715812525e+01
1.087676968187188642e+01
0.000000000000000000e+00
0.000000000000000000e+00
0.000000000000000000e+00
0.000000000000000000e+00
0.000000000000000000e+00
0.000000000000000000e+00
0.000000000000000000e+00
0.000000000000000000e+00
0.000000000000000000e+00
0.000000000000000000e+00
1.258240007582925202e+00
1.011590132745230086e+01
1.967606838810661429e+01
1.720211426002399335e+01
9.785461122000562284e+00
0.000000000000000000e+00
0.000000000000000000e+00
0.000000000000000000e+00
0.000000000000000000e+00
0.000000000000000000e+00
0.000000000000000000e+00
0.000000000000000000e+00
0.000000000000000000e+00
0.000000000000000000e+00
0.000000000000000000e+00
6.582274177809293025e-01
8.045110351515067038e+00
2.091530950135408062e+01
2.560031175956752492e+01
1.708004419005504815e+01
8.342895248814949483e+00
0.000000000000000000e+00
0.000000000000000000e+00
0.000000000000000000e+00
0.000000000000000000e+00
0.000000000000000000e+00
0.000000000000000000e+00
0.000000000000000000e+00
0.000000000000000000e+00
0.000000000000000000e+00
0.000000000000000000e+00
2.085909612770174559e-01
5.002528375135062433e+00
1.822541586741328246e+01
3.210529301608413277e+01
2.719878632711052546e+01
1.572262501200035878e+01
6.927184843545634685e+00
0.000000000000000000e+00
0.000000000000000000e+00
0.000000000000000000e+00
0.000000000000000000e+00
0.000000000000000000e+00
0.000000000000000000e+00
0.000000000000000000e+00
0.000000000000000000e+00
0.000000000000000000e+00
0.000000000000000000e+00
1.549967419239409727e-01
2.085909612770174615e+00
1.625821721918895335e+01
3.374370929426935817e+01
3.735853135022442473e+01
2.700103689607427881e+01
1.385495294147547085e+01
5.686645331275798299e+00
0.000000000000000000e+00
0.000000000000000000e+00
0.000000000000000000e+00
0.000000000000000000e+00
0.000000000000000000e+00
0.000000000000000000e+00
0.000000000000000000e+00
0.000000000000000000e+00
0.000000000000000000e+00
0.000000000000000000e+00
0.000000000000000000e+00
1.239973935391527782e+00
1.324552604109060816e+01
3.639997620328539085e+01
4.571605360884628766e+01
3.757334778767997818e+01
2.420782618268728470e+01
1.174558213241206950e+01
4.668273780858961608e+00
0.000000000000000000e+00
0.000000000000000000e+00
0.000000000000000000e+00
0.000000000000000000e+00
0.000000000000000000e+00
0.000000000000000000e+00
0.000000000000000000e+00
0.000000000000000000e+00
0.000000000000000000e+00
0.000000000000000000e+00
2.961984274725674715e-01
1.970172426282652767e+00
8.369824063892812305e+00
3.264448543985323425e+01
4.699743762955834825e+01
5.177848273629128784e+01
3.460497519738508743e+01
2.069777378179389160e+01
9.797343815707677095e+00
3.724365118755492254e+00
0.000000000000000000e+00
0.000000000000000000e+00
0.000000000000000000e+00
0.000000000000000000e+00
0.000000000000000000e+00
0.000000000000000000e+00
0.000000000000000000e+00
0.000000000000000000e+00
0.000000000000000000e+00
0.000000000000000000e+00
0.000000000000000000e+00
8.885952824177023590e-01
6.348333373577436767e+00
2.712442983668967145e+01
5.517230925777111850e+01
6.430881871719678600e+01
4.895697484049927795e+01
3.155848753892455250e+01
1.739371037156325883e+01
7.998030984365399831e+00
2.980651762937143179e+00
0.000000000000000000e+00
0.000000000000000000e+00
0.000000000000000000e+00
0.000000000000000000e+00
0.000000000000000000e+00
0.000000000000000000e+00
0.000000000000000000e+00
0.000000000000000000e+00
0.000000000000000000e+00
0.000000000000000000e+00
0.000000000000000000e+00
7.716605586952943741e-01
4.146777984615944490e+00
2.692568982586292137e+01
5.626381731839057210e+01
6.622763020545303903e+01
5.542274857715424474e+01
4.075935054867112228e+01
2.509446564821661596e+01
1.394133488805544019e+01
6.332995229988964248e+00
2.430419846424839658e+00
0.000000000000000000e+00
0.000000000000000000e+00
0.000000000000000000e+00
0.000000000000000000e+00
0.000000000000000000e+00
0.000000000000000000e+00
0.000000000000000000e+00
0.000000000000000000e+00
0.000000000000000000e+00
0.000000000000000000e+00
0.000000000000000000e+00
0.000000000000000000e+00
4.244133072824118891e+00
2.221488206044255875e+01
4.750304627814841041e+01
6.804356970461009269e+01
7.331972288887163813e+01
5.509363486826377709e+01
3.233295534637335322e+01
2.109106840472680489e+01
1.109044725728287339e+01
4.980458854733032403e+00
1.933288514201576991e+00
0.000000000000000000e+00
0.000000000000000000e+00
0.000000000000000000e+00
0.000000000000000000e+00
0.000000000000000000e+00
0.000000000000000000e+00
0.000000000000000000e+00
0.000000000000000000e+00
0.000000000000000000e+00
0.000000000000000000e+00
0.000000000000000000e+00
0.000000000000000000e+00
2.911695381355327683e+00
2.006317452607765262e+01
4.146777984615944490e+01
7.836908095657663864e+01
7.873834489736201192e+01
6.393312963140584770e+01
4.403541424954416783e+01
2.585111288306737265e+01
1.597453143987641333e+01
8.437309057546555024e+00
4.028312308975246836e+00
1.487121535864922572e+00
0.000000000000000000e+00
0.000000000000000000e+00
0.000000000000000000e+00
0.000000000000000000e+00
0.000000000000000000e+00
0.000000000000000000e+00
0.000000000000000000e+00
0.000000000000000000e+00
0.000000000000000000e+00
0.000000000000000000e+00
0.000000000000000000e+00
0.000000000000000000e+00
1.181263764758946122e+00
1.164678152542131073e+01
4.205550044889354666e+01
7.938117856264808836e+01
8.033925338285928319e+01
7.207348499463255109e+01
5.287780868372392717e+01
3.343795282327121043e+01
2.268644862157092490e+01
1.226406570200780877e+01
7.003625682533761498e+00
3.137200798201934759e+00
1.198425255764734354e+00
0.000000000000000000e+00
0.000000000000000000e+00
0.000000000000000000e+00
0.000000000000000000e+00
0.000000000000000000e+00
0.000000000000000000e+00
0.000000000000000000e+00
0.000000000000000000e+00
0.000000000000000000e+00
0.000000000000000000e+00
0.000000000000000000e+00
0.000000000000000000e+00
0.000000000000000000e+00
1.240326952996893439e+01
3.348449688558626747e+01
7.639439531083414181e+01
8.974812352418794603e+01
8.559304651961302568e+01
5.781378473762998027e+01
4.213537417795752305e+01
2.738226057968665828e+01
1.795851647186538713e+01
1.044789036715633301e+01
5.273318160966597112e+00
2.485346624567758678e+00
9.747314150528549881e-01
0.000000000000000000e+00
0.000000000000000000e+00
0.000000000000000000e+00
0.000000000000000000e+00
0.000000000000000000e+00
0.000000000000000000e+00
0.000000000000000000e+00
0.000000000000000000e+00
0.000000000000000000e+00
0.000000000000000000e+00
0.000000000000000000e+00
0.000000000000000000e+00
0.000000000000000000e+00
6.971348588680905678e+00
3.248475353087101780e+01
7.861577529659385277e+01
1.018591937477788605e+02
8.648994082198970546e+01
7.464764415137607045e+01
4.758399977064988207e+01
3.128864419155261700e+01
2.119492285254592190e+01
1.216298673996827695e+01
7.245172572364485752e+00
4.424643519436035177e+00
1.997066344691970974e+00
7.650756598426761146e-01
0.000000000000000000e+00
0.000000000000000000e+00
0.000000000000000000e+00
0.000000000000000000e+00
0.000000000000000000e+00
0.000000000000000000e+00
0.000000000000000000e+00
0.000000000000000000e+00
0.000000000000000000e+00
0.000000000000000000e+00
0.000000000000000000e+00
0.000000000000000000e+00
0.000000000000000000e+00
4.000800061781278671e+00
2.230831548377889817e+01
6.733203459125992651e+01
9.851236040252192083e+01
9.105594592604474258e+01
6.723704303627282286e+01
5.976189693057380481e+01
3.518426041673460247e+01
2.649105208218121632e+01
1.711391286230416142e+01
1.090474673238535175e+01
6.053917782838249551e+00
3.271105171724592253e+00
1.606442120791340855e+00
5.868530091254352543e-01
0.000000000000000000e+00
0.000000000000000000e+00
0.000000000000000000e+00
0.000000000000000000e+00
0.000000000000000000e+00
0.000000000000000000e+00
0.000000000000000000e+00
0.000000000000000000e+00
0.000000000000000000e+00
0.000000000000000000e+00
0.000000000000000000e+00
0.000000000000000000e+00
0.000000000000000000e+00
3.584221538285375708e+00
1.760352027183762402e+01
5.089084469737061056e+01
1.045418431811667261e+02
9.948292552964036872e+01
7.330775307605296121e+01
5.361191537253471040e+01
4.181143704666519056e+01
2.712442983668967145e+01
2.117198256961727054e+01
1.184809352005672700e+01
8.197624291828150334e+00
4.354915050235256935e+00
2.504826126459133384e+00
1.271970129076426481e+00
4.467773298802065751e-01
0.000000000000000000e+00
0.000000000000000000e+00
0.000000000000000000e+00
0.000000000000000000e+00
0.000000000000000000e+00
0.000000000000000000e+00
0.000000000000000000e+00
0.000000000000000000e+00
0.000000000000000000e+00
0.000000000000000000e+00
0.000000000000000000e+00
0.000000000000000000e+00
0.000000000000000000e+00
4.912935393441549614e+00
1.433688615314150283e+01
4.880976075373159517e+01
8.295904820530277846e+01
1.021793156516488352e+02
9.414481733048893375e+01
5.980369329888531382e+01
4.383736726593998867e+01
3.152275882052244427e+01
2.278452106281932288e+01
1.460136728939122186e+01
8.556956431152080711e+00
5.948043672210192589e+00
3.456591766330226356e+00
2.035171227748045819e+00
9.985331723459854869e-01
3.738403204257192969e-01
0.000000000000000000e+00
0.000000000000000000e+00
0.000000000000000000e+00
0.000000000000000000e+00
0.000000000000000000e+00
0.000000000000000000e+00
0.000000000000000000e+00
0.000000000000000000e+00
0.000000000000000000e+00
0.000000000000000000e+00
0.000000000000000000e+00
0.000000000000000000e+00
0.000000000000000000e+00
0.000000000000000000e+00
9.825870786883099228e+00
2.508955076799762907e+01
6.561312101321296097e+01
1.045702288302135798e+02
9.509173306309516249e+01
6.842484146185020677e+01
5.208708771193236942e+01
3.317422387692755592e+01
2.473660935221553103e+01
1.627465790201380358e+01
9.699479699381312159e+00
6.187337727140735488e+00
4.918574575096889667e+00
3.046487658460538483e+00
1.524318530904406943e+00
7.470688282099549049e-01
2.810668858057857045e-01
0.000000000000000000e+00
0.000000000000000000e+00
0.000000000000000000e+00
0.000000000000000000e+00
0.000000000000000000e+00
0.000000000000000000e+00
0.000000000000000000e+00
0.000000000000000000e+00
0.000000000000000000e+00
0.000000000000000000e+00
0.000000000000000000e+00
0.000000000000000000e+00
0.000000000000000000e+00
0.000000000000000000e+00
4.235555754300915687e+00
2.063432865245450998e+01
7.078837538113617711e+01
8.641728133447561788e+01
8.923326193511559268e+01
6.142571576746519924e+01
5.289579942795511869e+01
2.662228927498765430e+01
2.784265218242134310e+01
1.619919550499070127e+01
1.162475564429557373e+01
7.404979125334119949e+00
5.002528375135062433e+00
4.079747903374939533e+00
2.519210948342368361e+00
9.805075955547266631e-01
5.810535330521872099e-01
2.191162041352379131e-01
0.000000000000000000e+00
0.000000000000000000e+00
0.000000000000000000e+00
0.000000000000000000e+00
0.000000000000000000e+00
0.000000000000000000e+00
0.000000000000000000e+00
0.000000000000000000e+00
0.000000000000000000e+00
0.000000000000000000e+00
0.000000000000000000e+00
0.000000000000000000e+00
0.000000000000000000e+00
0.000000000000000000e+00
6.750701918744343999e+00
2.435444558723026631e+01
7.074626966555831586e+01
8.870948307256304588e+01
7.601520117384428943e+01
5.925646300378770093e+01
4.843181435511679211e+01
4.124901790253380796e+01
2.700811955433530187e+01
2.073388992307972245e+01
1.422902307870804783e+01
9.299804515436457919e+00
6.362024318949032420e+00
4.344300957354133352e+00
2.935893351026825471e+00
1.542772596271682950e+00
1.071142751446340080e+00
4.589834630832402840e-01
1.843261661527628159e-01
0.000000000000000000e+00
0.000000000000000000e+00
0.000000000000000000e+00
0.000000000000000000e+00
0.000000000000000000e+00
0.000000000000000000e+00
0.000000000000000000e+00
0.000000000000000000e+00
0.000000000000000000e+00
0.000000000000000000e+00
0.000000000000000000e+00
0.000000000000000000e+00
0.000000000000000000e+00
0.000000000000000000e+00
2.364083160491854407e+00
1.912698876977564311e+01
5.612111374448713264e+01
7.467661798031156195e+01
7.526865230399289430e+01
5.841168090200666541e+01
3.903955209661307180e+01
3.484728106038890871e+01
2.038186766948729201e+01
1.851985340868706587e+01
1.095934181648499717e+01
9.850862131413263612e+00
7.439843612349166690e+00
4.276114706178858249e+00
2.632909671123717210e+00
2.249580619617957300e+00
1.425599994023200701e+00
7.086021278798864120e-01
3.393547945136723420e-01
1.483154250831833221e-01
0.000000000000000000e+00
0.000000000000000000e+00
0.000000000000000000e+00
0.000000000000000000e+00
0.000000000000000000e+00
0.000000000000000000e+00
0.000000000000000000e+00
0.000000000000000000e+00
0.000000000000000000e+00
0.000000000000000000e+00
0.000000000000000000e+00
0.000000000000000000e+00
0.000000000000000000e+00
0.000000000000000000e+00
0.000000000000000000e+00
1.536654054319705409e+01
5.175538137703996711e+01
6.247444737593850306e+01
6.779850842949338130e+01
5.376332307428063473e+01
4.640928071666282761e+01
2.300545034264698785e+01
2.953159411897365416e+01
1.504375947033586058e+01
1.273239921847235756e+01
1.214413552637526550e+01
5.691609231483218956e+00
6.044872935033698269e+00
3.963228264263331635e+00
2.237973220455159673e+00
1.906424253913523215e+00
1.113139721360581369e+00
6.591647701208246390e-01
3.124993791205040172e-01
1.110839809264994454e-01
0.000000000000000000e+00
0.000000000000000000e+00
0.000000000000000000e+00
0.000000000000000000e+00
0.000000000000000000e+00
0.000000000000000000e+00
0.000000000000000000e+00
0.000000000000000000e+00
0.000000000000000000e+00
0.000000000000000000e+00
0.000000000000000000e+00
0.000000000000000000e+00
0.000000000000000000e+00
0.000000000000000000e+00
1.272255159682329495e+00
1.230715447488967840e+01
4.964574637032894344e+01
6.975725316035821777e+01
7.200444782311556935e+01
6.583333427211677247e+01
4.211460307485316434e+01
3.040608046953771648e+01
1.882264118943844622e+01
2.008148400090208341e+01
1.261734665253975329e+01
9.259926704343532933e+00
5.627770121978781681e+00
4.597068994659522900e+00
3.874918548098524429e+00
2.607387015962718380e+00
1.843036769786601914e+00
1.753910313600441251e+00
8.397369827807894538e-01
4.366966602050463275e-01
2.270503301422412135e-01
1.062011685780818865e-01
0.000000000000000000e+00
0.000000000000000000e+00
0.000000000000000000e+00
0.000000000000000000e+00
0.000000000000000000e+00
0.000000000000000000e+00
0.000000000000000000e+00
0.000000000000000000e+00
0.000000000000000000e+00
0.000000000000000000e+00
0.000000000000000000e+00
0.000000000000000000e+00
0.000000000000000000e+00
0.000000000000000000e+00
0.000000000000000000e+00
6.361275798411647031e+00
3.322931708220212954e+01
6.501228691352599753e+01
6.863213617390083243e+01
4.553222435873484386e+01
3.439054775409084641e+01
1.702505230685553528e+01
1.600320024712511469e+01
1.185129260075753876e+01
7.087582588553676288e+00
1.213206408898053112e+01
6.944945028257649255e+00
7.108762259341618872e+00
4.597068994659522900e+00
4.184912031946406152e+00
1.773023170854648445e+00
1.711391286230416142e+00
6.863127314088683928e-01
5.663342442009975386e-01
4.119779813255153855e-01
1.928707105509360753e-01
7.568359140047214995e-02
0.000000000000000000e+00
0.000000000000000000e+00
0.000000000000000000e+00
0.000000000000000000e+00
0.000000000000000000e+00
0.000000000000000000e+00
0.000000000000000000e+00
0.000000000000000000e+00
0.000000000000000000e+00
0.000000000000000000e+00
0.000000000000000000e+00
0.000000000000000000e+00
0.000000000000000000e+00
0.000000000000000000e+00
1.338054815040071732e+00
6.538598283977202996e+00
1.908382739523494109e+01
5.661291058449252489e+01
5.792003743205043520e+01
4.612979644475301910e+01
3.070777921868164029e+01
2.751243820327267997e+01
1.612899692228419113e+01
1.200240018534383424e+01
7.668483447548996246e+00
1.004074200045104170e+01
5.338108199151434086e+00
4.629963352171766466e+00
2.369587419780539772e+00
3.940344852565305533e+00
2.789941354630937731e+00
1.981614132131665817e+00
1.118986610227579837e+00
1.067597582191572858e+00
6.639780794080660797e-01
3.707801831929638525e-01
1.318356755664626401e-01
7.080077905205459099e-02
0.000000000000000000e+00
0.000000000000000000e+00
0.000000000000000000e+00
0.000000000000000000e+00
0.000000000000000000e+00
0.000000000000000000e+00
0.000000000000000000e+00
0.000000000000000000e+00
0.000000000000000000e+00
0.000000000000000000e+00
0.000000000000000000e+00
0.000000000000000000e+00
0.000000000000000000e+00
0.000000000000000000e+00
0.000000000000000000e+00
1.338054815040071732e+00
3.530843073347689653e+01
4.707344090824619087e+01
4.799790245206974504e+01
4.137145530860745168e+01
3.375350959372171644e+01
2.859000134153118111e+01
1.375621910163633999e+01
1.612899692228419113e+01
1.040208016063132312e+01
5.577078870944724542e+00
2.953159411897365416e+00
4.852825635592212805e+00
4.244133072824118891e+00
2.961984274725674826e+00
2.626896568376870356e+00
1.704964161163350589e+00
1.355841248300613477e+00
1.250632093783765608e+00
4.956703060175160491e-01
4.491616419525152892e-01
3.131032658073916730e-01
1.318356755664626401e-01
5.371093583259314158e-02
0.000000000000000000e+00
0.000000000000000000e+00
0.000000000000000000e+00
0.000000000000000000e+00
0.000000000000000000e+00
0.000000000000000000e+00
0.000000000000000000e+00
0.000000000000000000e+00
0.000000000000000000e+00
0.000000000000000000e+00
0.000000000000000000e+00
0.000000000000000000e+00
0.000000000000000000e+00
0.000000000000000000e+00
0.000000000000000000e+00
5.456307676005680563e+00
2.007082222560107709e+01
4.969334695822674064e+01
4.707344090824619087e+01
3.199860163471316454e+01
3.309716424688595993e+01
1.912698876977564311e+01
1.058888938575228877e+01
9.825870786883099228e+00
1.702505230685553528e+01
7.201440111206300898e+00
2.091404576604271703e+00
1.771895647138419072e+00
2.911695381355327683e+00
4.244133072824118891e+00
1.184793709890269886e+00
8.756321894589568222e-01
1.394970677315468865e+00
1.042954806385087307e+00
9.215183848933009569e-01
6.481842463305979019e-01
3.319890397040330399e-01
1.730307521567164553e-01
1.147458657708100710e-01
3.753661992845997580e-02
0.000000000000000000e+00
0.000000000000000000e+00
0.000000000000000000e+00
0.000000000000000000e+00
0.000000000000000000e+00
0.000000000000000000e+00
0.000000000000000000e+00
0.000000000000000000e+00
0.000000000000000000e+00
0.000000000000000000e+00
0.000000000000000000e+00
0.000000000000000000e+00
0.000000000000000000e+00
0.000000000000000000e+00
0.000000000000000000e+00
1.386476391214087167e+00
1.500484610901562199e+01
5.619830223168301586e+01
4.446246833104498108e+01
4.071216510983454384e+01
1.969144715982348615e+01
1.773062370368890939e+01
1.350140383748868800e+01
1.164777832432751836e+01
7.860696629506479738e+00
7.168443076570751415e+00
7.201440111206300898e+00
4.879944012076633975e+00
5.315686941415257216e+00
2.426412817796106403e+00
1.929151396738235880e+00
1.184793709890269886e+00
1.313448284188435178e+00
9.299804515436458363e-01
7.300683644695611374e-01
4.607591924466504785e-01
6.100557612523274109e-01
2.148164374555507905e-01
2.636659080483298445e-01
1.171872671701890134e-01
4.028320187444485445e-02
0.000000000000000000e+00
0.000000000000000000e+00
0.000000000000000000e+00
0.000000000000000000e+00
0.000000000000000000e+00
0.000000000000000000e+00
0.000000000000000000e+00
0.000000000000000000e+00
0.000000000000000000e+00
0.000000000000000000e+00
0.000000000000000000e+00
0.000000000000000000e+00
0.000000000000000000e+00
0.000000000000000000e+00
1.422619279714792961e+00
1.405830553902068791e+00
1.663771669456904689e+01
3.000969221803124398e+01
3.345137037600179042e+01
2.876983244949969176e+01
1.526706191618795394e+01
1.723001626484554905e+01
1.300245738270519880e+01
1.125116986457390666e+01
4.235555754300915687e+00
8.843283708194789483e+00
3.584221538285375708e+00
3.200640049425022671e+00
2.091404576604271703e+00
5.906318823794730610e-01
1.941130254236885122e+00
1.543321117390588748e+00
5.923968549451349430e-01
8.756321894589568222e-01
7.749837096197048636e-01
7.300683644695611374e-01
2.632909671123717099e-01
3.050278806261637055e-01
2.929315056212056234e-01
1.647911925302061598e-01
7.568344338074706190e-02
3.021240140583364084e-02
0.000000000000000000e+00
0.000000000000000000e+00
0.000000000000000000e+00
0.000000000000000000e+00
0.000000000000000000e+00
0.000000000000000000e+00
0.000000000000000000e+00
0.000000000000000000e+00
0.000000000000000000e+00
0.000000000000000000e+00
0.000000000000000000e+00
0.000000000000000000e+00
0.000000000000000000e+00
0.000000000000000000e+00
0.000000000000000000e+00
2.845238559429585923e+00
1.265247498511861934e+01
3.188895699792400507e+01
2.591746146102698134e+01
2.542304148576136313e+01
9.154037597568084550e+00
1.781157223555261382e+01
1.230715447488967840e+01
1.063837422221334528e+01
6.750701918744343999e+00
4.235555754300915687e+00
2.947761236064930124e+00
3.584221538285375708e+00
8.001600123562556677e-01
4.182809153208543407e+00
2.362527529517892244e+00
1.941130254236885122e+00
1.157490838042941617e+00
1.480992137362837413e+00
1.313448284188435178e+00
9.299804515436458363e-01
6.257728838310523400e-01
3.949364506685575371e-01
3.431563657044341964e-01
2.343452044969644987e-01
1.071142751446339941e-01
4.150382378944193762e-02
2.471923751386388701e-02
0.000000000000000000e+00
0.000000000000000000e+00
0.000000000000000000e+00
0.000000000000000000e+00
0.000000000000000000e+00
0.000000000000000000e+00
0.000000000000000000e+00
0.000000000000000000e+00
0.000000000000000000e+00
0.000000000000000000e+00
0.000000000000000000e+00
0.000000000000000000e+00
0.000000000000000000e+00
0.000000000000000000e+00
0.000000000000000000e+00
1.437240467635767294e+00
1.991666991600710190e+01
8.434983323412412304e+00
2.218362225942539467e+01
3.000969221803124398e+01
1.873276741056100292e+01
9.154037597568084550e+00
1.017804127745863596e+01
7.384292684933807749e+00
7.092249481475563222e+00
2.250233972914781333e+00
4.235555754300915687e+00
6.878109550818169993e+00
8.960553845713439269e-01
8.001600123562556677e-01
2.091404576604271703e+00
2.953159411897365416e+00
1.941130254236885122e+00
2.314981676085883233e+00
5.923968549451349430e-01
8.756321894589568222e-01
3.099934838478819454e-01
5.214774031925436537e-01
1.974682253342787686e-01
3.050278806261637055e-01
1.757589033727233740e-01
9.887471551812368475e-02
4.150382378944193762e-02
2.227783133965510753e-02
0.000000000000000000e+00
0.000000000000000000e+00
0.000000000000000000e+00
0.000000000000000000e+00
0.000000000000000000e+00
0.000000000000000000e+00
0.000000000000000000e+00
0.000000000000000000e+00
0.000000000000000000e+00
0.000000000000000000e+00
0.000000000000000000e+00
0.000000000000000000e+00
0.000000000000000000e+00
0.000000000000000000e+00
0.000000000000000000e+00
0.000000000000000000e+00
7.186202338178836690e+00
3.556548199286982737e+01
3.655159440145379079e+01
2.495657504185356856e+01
2.182523070402272225e+01
1.338054815040071688e+01
9.154037597568084550e+00
1.272255159682329406e+01
3.692146342466903874e+00
3.546124740737781611e+00
4.500467945829562666e+00
4.235555754300915687e+00
9.825870786883099672e-01
8.960553845713439269e-01
1.600320024712511335e+00
1.394269717736181136e+00
1.771895647138419072e+00
2.426412817796106403e+00
3.858302793476471870e-01
2.961984274725674715e-01
6.567241420942175889e-01
6.199869676957638909e-01
7.300683644695611374e-01
1.974682253342787686e-01
1.525139403130818527e-01
1.562301363313096658e-01
6.591647701208246113e-02
3.173821819192618882e-02
1.922607362189413666e-02
0.000000000000000000e+00
0.000000000000000000e+00
0.000000000000000000e+00
0.000000000000000000e+00
0.000000000000000000e+00
0.000000000000000000e+00
0.000000000000000000e+00
0.000000000000000000e+00
0.000000000000000000e+00
0.000000000000000000e+00
0.000000000000000000e+00
0.000000000000000000e+00
0.000000000000000000e+00
0.000000000000000000e+00
0.000000000000000000e+00
0.000000000000000000e+00
7.250120016388125421e+00
4.024273309380148334e+01
2.418452775515148190e+01
2.389911941633516790e+01
1.525124030335495817e+01
1.091261535201136113e+01
6.690274075200358439e+00
3.923158970386321442e+00
2.544510319364658990e+00
1.230715447488967884e+00
2.364083160491854407e+00
1.125116986457390666e+00
3.176666815725686988e+00
9.825870786883099672e-01
0.000000000000000000e+00
0.000000000000000000e+00
6.971348588680905678e-01
1.771895647138419072e+00
9.705651271184425610e-01
3.858302793476471870e-01
5.923968549451349430e-01
2.189080473647392056e-01
3.099934838478819454e-01
2.085909612770174559e-01
1.316454835561858550e-01
2.287709104696227791e-01
3.905753408282741646e-02
1.318329540241649223e-01
3.417961959130512428e-02
1.739501899123755205e-02
0.000000000000000000e+00
0.000000000000000000e+00
0.000000000000000000e+00
0.000000000000000000e+00
0.000000000000000000e+00
0.000000000000000000e+00
0.000000000000000000e+00
0.000000000000000000e+00
0.000000000000000000e+00
0.000000000000000000e+00
0.000000000000000000e+00
0.000000000000000000e+00
0.000000000000000000e+00
0.000000000000000000e+00
0.000000000000000000e+00
0.000000000000000000e+00
1.461243764860584493e+00
2.175036004916437449e+01
2.155860701453650918e+01
2.560714703486627286e+01
1.265247498511861934e+01
1.109181112971269734e+01
4.092230757004260866e+00
6.690274075200358439e+00
3.923158970386321442e+00
2.544510319364658990e+00
1.230715447488967884e+00
1.182041580245927204e+00
0.000000000000000000e+00
1.058888938575228922e+00
9.825870786883099672e-01
8.960553845713439269e-01
1.600320024712511335e+00
6.971348588680905678e-01
5.906318823794730610e-01
4.852825635592212805e-01
3.858302793476471870e-01
8.885952824177023590e-01
2.189080473647392056e-01
1.549967419239409727e-01
2.085909612770174559e-01
1.316454835561858550e-01
7.625697015654092636e-02
1.171726022484822494e-01
6.591647701208246113e-02
2.197261259441044001e-02
9.155273153282921308e-03
0.000000000000000000e+00
0.000000000000000000e+00
0.000000000000000000e+00
0.000000000000000000e+00
0.000000000000000000e+00
0.000000000000000000e+00
0.000000000000000000e+00
0.000000000000000000e+00
0.000000000000000000e+00
0.000000000000000000e+00
0.000000000000000000e+00
0.000000000000000000e+00
0.000000000000000000e+00
0.000000000000000000e+00
0.000000000000000000e+00
0.000000000000000000e+00
4.413383022911204101e+00
1.315119388374526110e+01
2.900048006555250169e+01
1.293516420872190587e+01
5.690477118859171846e+00
4.217491661706206152e+00
1.386476391214087167e+00
4.092230757004260866e+00
1.338054815040071732e+00
2.615439313590881110e+00
3.816765479046988485e+00
4.922861789955871537e+00
0.000000000000000000e+00
0.000000000000000000e+00
1.058888938575228922e+00
0.000000000000000000e+00
2.688166153714031559e+00
8.001600123562556677e-01
0.000000000000000000e+00
1.181263764758946122e+00
9.705651271184425610e-01
0.000000000000000000e+00
0.000000000000000000e+00
0.000000000000000000e+00
1.549967419239409727e-01
5.214774031925436537e-01
5.265819342247434198e-01
1.143854552348113895e-01
7.811506816565483291e-02
7.415603663859277050e-02
7.324204198136813337e-03
1.037597624038731105e-02
0.000000000000000000e+00
0.000000000000000000e+00
0.000000000000000000e+00
0.000000000000000000e+00
0.000000000000000000e+00
0.000000000000000000e+00
0.000000000000000000e+00
0.000000000000000000e+00
0.000000000000000000e+00
0.000000000000000000e+00
0.000000000000000000e+00
0.000000000000000000e+00
0.000000000000000000e+00
0.000000000000000000e+00
0.000000000000000000e+00
0.000000000000000000e+00
7.399329910228862772e+00
2.059578744025228758e+01
1.899616894318759819e+01
1.450024003277625084e+01
5.748961870543069175e+00
2.845238559429585923e+00
9.840813877314481317e+00
2.772952782428174334e+00
0.000000000000000000e+00
4.014164445120215419e+00
1.307719656795440555e+00
1.272255159682329495e+00
2.461430894977935768e+00
1.182041580245927204e+00
0.000000000000000000e+00
2.117777877150457844e+00
0.000000000000000000e+00
8.960553845713439269e-01
8.001600123562556677e-01
0.000000000000000000e+00
0.000000000000000000e+00
4.852825635592212805e-01
0.000000000000000000e+00
2.961984274725674715e-01
6.567241420942175889e-01
0.000000000000000000e+00
0.000000000000000000e+00
1.316454835561858550e-01
3.812848507827046318e-02
7.811506816565483291e-02
3.295823850604123056e-02
2.441401399378937548e-02
7.629394294402434135e-03
0.000000000000000000e+00
0.000000000000000000e+00
0.000000000000000000e+00
0.000000000000000000e+00
0.000000000000000000e+00
0.000000000000000000e+00
0.000000000000000000e+00
0.000000000000000000e+00
0.000000000000000000e+00
0.000000000000000000e+00
0.000000000000000000e+00
0.000000000000000000e+00
0.000000000000000000e+00
0.000000000000000000e+00
0.000000000000000000e+00
0.000000000000000000e+00
2.975236072815895749e+00
2.071812374864081363e+01
1.765353209164481640e+01
8.767462589163507403e+00
1.015016802294337595e+01
7.186202338178836690e+00
2.845238559429585923e+00
2.811661107804137583e+00
2.772952782428174334e+00
0.000000000000000000e+00
0.000000000000000000e+00
2.615439313590881110e+00
2.544510319364658990e+00
1.230715447488967884e+00
0.000000000000000000e+00
0.000000000000000000e+00
0.000000000000000000e+00
0.000000000000000000e+00
2.688166153714031559e+00
0.000000000000000000e+00
6.971348588680905678e-01
5.906318823794730610e-01
4.852825635592212805e-01
3.858302793476471870e-01
2.961984274725674715e-01
2.189080473647392056e-01
4.649902257718229182e-01
1.042954806385087280e-01
6.582274177809292748e-02
0.000000000000000000e+00
5.858630112424112468e-02
2.471867887953092119e-02
1.708980979565256214e-02
9.155273153282921308e-03
0.000000000000000000e+00
0.000000000000000000e+00
0.000000000000000000e+00
0.000000000000000000e+00
0.000000000000000000e+00
0.000000000000000000e+00
0.000000000000000000e+00
0.000000000000000000e+00
0.000000000000000000e+00
0.000000000000000000e+00
0.000000000000000000e+00
0.000000000000000000e+00
0.000000000000000000e+00
0.000000000000000000e+00
0.000000000000000000e+00
0.000000000000000000e+00
2.989035579654610419e+00
1.338856232767153109e+01
1.479865982045772554e+01
7.355638371518673502e+00
4.383731294581753701e+00
7.250120016388125421e+00
1.437240467635767294e+00
1.422619279714792961e+00
1.405830553902068791e+00
1.386476391214087167e+00
0.000000000000000000e+00
1.338054815040071732e+00
0.000000000000000000e+00
0.000000000000000000e+00
0.000000000000000000e+00
3.546124740737781611e+00
2.250233972914781333e+00
0.000000000000000000e+00
0.000000000000000000e+00
8.960553845713439269e-01
8.001600123562556677e-01
0.000000000000000000e+00
0.000000000000000000e+00
0.000000000000000000e+00
7.716605586952943741e-01
2.961984274725674715e-01
4.378160947294784111e-01
0.000000000000000000e+00
0.000000000000000000e+00
1.316454835561858550e-01
2.287709104696227791e-01
3.905753408282741646e-02
3.295823850604123056e-02
4.882802798757875269e-03
8.544921609730726439e-03
0.000000000000000000e+00
0.000000000000000000e+00
0.000000000000000000e+00
0.000000000000000000e+00
0.000000000000000000e+00
0.000000000000000000e+00
0.000000000000000000e+00
0.000000000000000000e+00
0.000000000000000000e+00
0.000000000000000000e+00
0.000000000000000000e+00
0.000000000000000000e+00
0.000000000000000000e+00
0.000000000000000000e+00
0.000000000000000000e+00
0.000000000000000000e+00
0.000000000000000000e+00
1.046162452879113580e+01
1.041332625485563490e+01
7.399329910228862772e+00
4.413383022911204101e+00
1.461243764860584493e+00
2.900048006555250080e+00
0.000000000000000000e+00
1.422619279714792961e+00
0.000000000000000000e+00
0.000000000000000000e+00
2.728153838002840281e+00
0.000000000000000000e+00
0.000000000000000000e+00
0.000000000000000000e+00
1.230715447488967884e+00
0.000000000000000000e+00
1.125116986457390666e+00
0.000000000000000000e+00
0.000000000000000000e+00
8.960553845713439269e-01
8.001600123562556677e-01
0.000000000000000000e+00
0.000000000000000000e+00
0.000000000000000000e+00
3.858302793476471870e-01
5.923968549451349430e-01
0.000000000000000000e+00
0.000000000000000000e+00
1.042954806385087280e-01
1.316454835561858550e-01
3.812848507827046318e-02
0.000000000000000000e+00
8.239559626510307641e-03
2.197261259441044001e-02
7.629394294402434135e-03
0.000000000000000000e+00
0.000000000000000000e+00
0.000000000000000000e+00
0.000000000000000000e+00
0.000000000000000000e+00
0.000000000000000000e+00
0.000000000000000000e+00
0.000000000000000000e+00
0.000000000000000000e+00
0.000000000000000000e+00
0.000000000000000000e+00
0.000000000000000000e+00
0.000000000000000000e+00
0.000000000000000000e+00
0.000000000000000000e+00
0.000000000000000000e+00
1.506195209978576255e+00
7.503391349321382187e+00
1.494517789827305165e+01
7.438090182039739595e+00
4.439597946137316953e+00
4.413383022911204101e+00
1.461243764860584493e+00
0.000000000000000000e+00
1.437240467635767294e+00
1.422619279714792961e+00
1.405830553902068791e+00
1.386476391214087167e+00
2.728153838002840281e+00
0.000000000000000000e+00
2.615439313590881110e+00
1.272255159682329495e+00
0.000000000000000000e+00
1.182041580245927204e+00
0.000000000000000000e+00
0.000000000000000000e+00
0.000000000000000000e+00
0.000000000000000000e+00
8.001600123562556677e-01
6.971348588680905678e-01
0.000000000000000000e+00
0.000000000000000000e+00
3.858302793476471870e-01
0.000000000000000000e+00
0.000000000000000000e+00
1.549967419239409727e-01
0.000000000000000000e+00
0.000000000000000000e+00
0.000000000000000000e+00
1.952876704141370823e-02
8.239559626510307641e-03
1.220700699689468774e-02
5.493163891969752959e-03
0.000000000000000000e+00
0.000000000000000000e+00
0.000000000000000000e+00
0.000000000000000000e+00
0.000000000000000000e+00
0.000000000000000000e+00
0.000000000000000000e+00
0.000000000000000000e+00
0.000000000000000000e+00
0.000000000000000000e+00
0.000000000000000000e+00
0.000000000000000000e+00
0.000000000000000000e+00
0.000000000000000000e+00
0.000000000000000000e+00
0.000000000000000000e+00
1.511150001924220776e+00
6.024780839914305020e+00
1.350610442877848882e+01
2.989035579654610419e+00
4.462854109223843402e+00
2.959731964091544931e+00
2.942255348607469401e+00
2.922487529721168986e+00
0.000000000000000000e+00
0.000000000000000000e+00
1.422619279714792961e+00
1.405830553902068791e+00
0.000000000000000000e+00
0.000000000000000000e+00
0.000000000000000000e+00
0.000000000000000000e+00
1.272255159682329495e+00
1.230715447488967884e+00
1.182041580245927204e+00
0.000000000000000000e+00
0.000000000000000000e+00
0.000000000000000000e+00
0.000000000000000000e+00
0.000000000000000000e+00
0.000000000000000000e+00
5.906318823794730610e-01
0.000000000000000000e+00
0.000000000000000000e+00
0.000000000000000000e+00
0.000000000000000000e+00
0.000000000000000000e+00
0.000000000000000000e+00
6.582274177809292748e-02
0.000000000000000000e+00
3.905753408282741646e-02
8.239559626510307641e-03
4.882802798757875269e-03
2.746581945984876479e-03
0.000000000000000000e+00
0.000000000000000000e+00
0.000000000000000000e+00
0.000000000000000000e+00
0.000000000000000000e+00
0.000000000000000000e+00
0.000000000000000000e+00
0.000000000000000000e+00
0.000000000000000000e+00
0.000000000000000000e+00
0.000000000000000000e+00
0.000000000000000000e+00
0.000000000000000000e+00
0.000000000000000000e+00
0.000000000000000000e+00
0.000000000000000000e+00
0.000000000000000000e+00
7.555750009621103658e+00
9.037171259871456641e+00
6.002713079457105749e+00
4.483553369481915851e+00
0.000000000000000000e+00
1.479865982045772466e+00
0.000000000000000000e+00
1.461243764860584493e+00
0.000000000000000000e+00
0.000000000000000000e+00
0.000000000000000000e+00
1.405830553902068791e+00
1.386476391214087167e+00
0.000000000000000000e+00
0.000000000000000000e+00
0.000000000000000000e+00
0.000000000000000000e+00
0.000000000000000000e+00
0.000000000000000000e+00
0.000000000000000000e+00
0.000000000000000000e+00
0.000000000000000000e+00
0.000000000000000000e+00
1.600320024712511335e+00
0.000000000000000000e+00
0.000000000000000000e+00
0.000000000000000000e+00
0.000000000000000000e+00
0.000000000000000000e+00
2.189080473647392056e-01
0.000000000000000000e+00
0.000000000000000000e+00
0.000000000000000000e+00
3.812848507827046318e-02
1.952876704141370823e-02
1.647911925302061528e-02
2.441401399378937635e-03
1.831054630656584175e-03
0.000000000000000000e+00
0.000000000000000000e+00
0.000000000000000000e+00
0.000000000000000000e+00
0.000000000000000000e+00
0.000000000000000000e+00
0.000000000000000000e+00
0.000000000000000000e+00
0.000000000000000000e+00
0.000000000000000000e+00
0.000000000000000000e+00
0.000000000000000000e+00
0.000000000000000000e+00
0.000000000000000000e+00
0.000000000000000000e+00
0.000000000000000000e+00
0.000000000000000000e+00
1.212489681389073226e+01
9.066900011545325100e+00
3.012390419957152510e+00
0.000000000000000000e+00
0.000000000000000000e+00
1.487618036407947875e+00
0.000000000000000000e+00
0.000000000000000000e+00
1.461243764860584493e+00
1.450024003277625040e+00
0.000000000000000000e+00
0.000000000000000000e+00
1.405830553902068791e+00
0.000000000000000000e+00
0.000000000000000000e+00
0.000000000000000000e+00
0.000000000000000000e+00
1.272255159682329495e+00
0.000000000000000000e+00
0.000000000000000000e+00
0.000000000000000000e+00
0.000000000000000000e+00
0.000000000000000000e+00
0.000000000000000000e+00
0.000000000000000000e+00
0.000000000000000000e+00
0.000000000000000000e+00
0.000000000000000000e+00
0.000000000000000000e+00
2.961984274725674715e-01
0.000000000000000000e+00
1.549967419239409727e-01
1.042954806385087280e-01
6.582274177809292748e-02
0.000000000000000000e+00
3.905753408282741646e-02
1.647911925302061528e-02
7.324204198136813337e-03
2.746581945984876479e-03
0.000000000000000000e+00
0.000000000000000000e+00
0.000000000000000000e+00
0.000000000000000000e+00
0.000000000000000000e+00
0.000000000000000000e+00
0.000000000000000000e+00
0.000000000000000000e+00
0.000000000000000000e+00
0.000000000000000000e+00
0.000000000000000000e+00
0.000000000000000000e+00
0.000000000000000000e+00
0.000000000000000000e+00
0.000000000000000000e+00
0.000000000000000000e+00
0.000000000000000000e+00
4.558922987400940485e+00
6.062448406945366131e+00
6.044600007696883104e+00
0.000000000000000000e+00
1.500678269864276437e+00
0.000000000000000000e+00
0.000000000000000000e+00
1.479865982045772466e+00
4.413383022911204101e+00
1.461243764860584493e+00
0.000000000000000000e+00
0.000000000000000000e+00
0.000000000000000000e+00
0.000000000000000000e+00
0.000000000000000000e+00
0.000000000000000000e+00
0.000000000000000000e+00
0.000000000000000000e+00
0.000000000000000000e+00
1.230715447488967884e+00
0.000000000000000000e+00
1.125116986457390666e+00
1.058888938575228922e+00
0.000000000000000000e+00
8.960553845713439269e-01
0.000000000000000000e+00
0.000000000000000000e+00
0.000000000000000000e+00
0.000000000000000000e+00
0.000000000000000000e+00
0.000000000000000000e+00
0.000000000000000000e+00
0.000000000000000000e+00
0.000000000000000000e+00
0.000000000000000000e+00
0.000000000000000000e+00
0.000000000000000000e+00
0.000000000000000000e+00
7.324204198136813337e-03
3.662109261313168350e-03
0.000000000000000000e+00
0.000000000000000000e+00
0.000000000000000000e+00
0.000000000000000000e+00
0.000000000000000000e+00
0.000000000000000000e+00
0.000000000000000000e+00
0.000000000000000000e+00
0.000000000000000000e+00
0.000000000000000000e+00
0.000000000000000000e+00
0.000000000000000000e+00
0.000000000000000000e+00
0.000000000000000000e+00
0.000000000000000000e+00
0.000000000000000000e+00
0.000000000000000000e+00
4.569863437282231544e+00
6.078563983201253684e+00
4.546836305209025042e+00
0.000000000000000000e+00
0.000000000000000000e+00
1.500678269864276437e+00
0.000000000000000000e+00
0.000000000000000000e+00
0.000000000000000000e+00
0.000000000000000000e+00
0.000000000000000000e+00
0.000000000000000000e+00
0.000000000000000000e+00
0.000000000000000000e+00
0.000000000000000000e+00
0.000000000000000000e+00
0.000000000000000000e+00
0.000000000000000000e+00
0.000000000000000000e+00
0.000000000000000000e+00
0.000000000000000000e+00
0.000000000000000000e+00
0.000000000000000000e+00
0.000000000000000000e+00
0.000000000000000000e+00
0.000000000000000000e+00
0.000000000000000000e+00
6.971348588680905678e-01
0.000000000000000000e+00
0.000000000000000000e+00
3.858302793476471870e-01
0.000000000000000000e+00
0.000000000000000000e+00
0.000000000000000000e+00
0.000000000000000000e+00
6.582274177809292748e-02
3.812848507827046318e-02
1.952876704141370823e-02
8.239559626510307641e-03
2.441401399378937635e-03
1.525878858880486957e-03
0.000000000000000000e+00
0.000000000000000000e+00
0.000000000000000000e+00
0.000000000000000000e+00
0.000000000000000000e+00
0.000000000000000000e+00
0.000000000000000000e+00
0.000000000000000000e+00
0.000000000000000000e+00
0.000000000000000000e+00
0.000000000000000000e+00
0.000000000000000000e+00
0.000000000000000000e+00
0.000000000000000000e+00
0.000000000000000000e+00
0.000000000000000000e+00
0.000000000000000000e+00
6.106386589053867553e+00
1.523287812427410515e+00
0.000000000000000000e+00
0.000000000000000000e+00
1.511150001924220776e+00
0.000000000000000000e+00
0.000000000000000000e+00
1.494517789827305210e+00
0.000000000000000000e+00
0.000000000000000000e+00
0.000000000000000000e+00
0.000000000000000000e+00
0.000000000000000000e+00
0.000000000000000000e+00
0.000000000000000000e+00
0.000000000000000000e+00
0.000000000000000000e+00
0.000000000000000000e+00
1.338054815040071732e+00
0.000000000000000000e+00
0.000000000000000000e+00
0.000000000000000000e+00
0.000000000000000000e+00
0.000000000000000000e+00
0.000000000000000000e+00
0.000000000000000000e+00
0.000000000000000000e+00
0.000000000000000000e+00
0.000000000000000000e+00
0.000000000000000000e+00
0.000000000000000000e+00
0.000000000000000000e+00
2.961984274725674715e-01
0.000000000000000000e+00
0.000000000000000000e+00
0.000000000000000000e+00
0.000000000000000000e+00
0.000000000000000000e+00
1.952876704141370823e-02
1.647911925302061528e-02
4.882802798757875269e-03
2.136230402432681610e-03
0.000000000000000000e+00
0.000000000000000000e+00
0.000000000000000000e+00
0.000000000000000000e+00
0.000000000000000000e+00
0.000000000000000000e+00
0.000000000000000000e+00
0.000000000000000000e+00
0.000000000000000000e+00
0.000000000000000000e+00
0.000000000000000000e+00
0.000000000000000000e+00
0.000000000000000000e+00
0.000000000000000000e+00
0.000000000000000000e+00
0.000000000000000000e+00
0.000000000000000000e+00
7.648028285660716463e+00
3.053193294526933776e+00
3.046575624854821029e+00
3.039281991600626842e+00
3.031224203472683065e+00
0.000000000000000000e+00
0.000000000000000000e+00
0.000000000000000000e+00
0.000000000000000000e+00
0.000000000000000000e+00
0.000000000000000000e+00
0.000000000000000000e+00
0.000000000000000000e+00
0.000000000000000000e+00
0.000000000000000000e+00
0.000000000000000000e+00
0.000000000000000000e+00
0.000000000000000000e+00
0.000000000000000000e+00
0.000000000000000000e+00
0.000000000000000000e+00
0.000000000000000000e+00
0.000000000000000000e+00
0.000000000000000000e+00
0.000000000000000000e+00
0.000000000000000000e+00
0.000000000000000000e+00
0.000000000000000000e+00
0.000000000000000000e+00
0.000000000000000000e+00
5.906318823794730610e-01
4.852825635592212805e-01
3.858302793476471870e-01
0.000000000000000000e+00
0.000000000000000000e+00
1.549967419239409727e-01
0.000000000000000000e+00
6.582274177809292748e-02
3.812848507827046318e-02
0.000000000000000000e+00
0.000000000000000000e+00
4.882802798757875269e-03
1.525878858880486957e-03
0.000000000000000000e+00
0.000000000000000000e+00
0.000000000000000000e+00
0.000000000000000000e+00
0.000000000000000000e+00
0.000000000000000000e+00
0.000000000000000000e+00
0.000000000000000000e+00
0.000000000000000000e+00
0.000000000000000000e+00
0.000000000000000000e+00
0.000000000000000000e+00
0.000000000000000000e+00
0.000000000000000000e+00
0.000000000000000000e+00
0.000000000000000000e+00
1.534852417784438039e+00
3.064695931934130702e+00
4.588816971396429523e+00
3.053193294526933776e+00
0.000000000000000000e+00
0.000000000000000000e+00
0.000000000000000000e+00
1.511150001924220776e+00
0.000000000000000000e+00
0.000000000000000000e+00
0.000000000000000000e+00
0.000000000000000000e+00
1.479865982045772466e+00
0.000000000000000000e+00
0.000000000000000000e+00
0.000000000000000000e+00
0.000000000000000000e+00
0.000000000000000000e+00
0.000000000000000000e+00
0.000000000000000000e+00
0.000000000000000000e+00
0.000000000000000000e+00
0.000000000000000000e+00
0.000000000000000000e+00
0.000000000000000000e+00
0.000000000000000000e+00
1.125116986457390666e+00
0.000000000000000000e+00
0.000000000000000000e+00
0.000000000000000000e+00
0.000000000000000000e+00
0.000000000000000000e+00
0.000000000000000000e+00
0.000000000000000000e+00
0.000000000000000000e+00
0.000000000000000000e+00
0.000000000000000000e+00
0.000000000000000000e+00
0.000000000000000000e+00
0.000000000000000000e+00
3.812848507827046318e-02
0.000000000000000000e+00
1.647911925302061528e-02
2.441401399378937635e-03
1.831054630656584175e-03
0.000000000000000000e+00
0.000000000000000000e+00
0.000000000000000000e+00
0.000000000000000000e+00
0.000000000000000000e+00
0.000000000000000000e+00
0.000000000000000000e+00
0.000000000000000000e+00
0.000000000000000000e+00
0.000000000000000000e+00
0.000000000000000000e+00
0.000000000000000000e+00
0.000000000000000000e+00
0.000000000000000000e+00
0.000000000000000000e+00
0.000000000000000000e+00
0.000000000000000000e+00
3.069704835568876078e+00
6.129391863868261403e+00
1.529605657132143248e+00
0.000000000000000000e+00
0.000000000000000000e+00
1.519640995800313421e+00
0.000000000000000000e+00
0.000000000000000000e+00
0.000000000000000000e+00
0.000000000000000000e+00
0.000000000000000000e+00
0.000000000000000000e+00
0.000000000000000000e+00
0.000000000000000000e+00
1.461243764860584493e+00
0.000000000000000000e+00
0.000000000000000000e+00
0.000000000000000000e+00
0.000000000000000000e+00
0.000000000000000000e+00
0.000000000000000000e+00
1.338054815040071732e+00
0.000000000000000000e+00
0.000000000000000000e+00
0.000000000000000000e+00
0.000000000000000000e+00
0.000000000000000000e+00
0.000000000000000000e+00
0.000000000000000000e+00
0.000000000000000000e+00
0.000000000000000000e+00
0.000000000000000000e+00
0.000000000000000000e+00
0.000000000000000000e+00
0.000000000000000000e+00
0.000000000000000000e+00
0.000000000000000000e+00
0.000000000000000000e+00
0.000000000000000000e+00
0.000000000000000000e+00
0.000000000000000000e+00
0.000000000000000000e+00
0.000000000000000000e+00
2.441401399378937635e-03
1.220703087104389522e-03
0.000000000000000000e+00
0.000000000000000000e+00
0.000000000000000000e+00
0.000000000000000000e+00
0.000000000000000000e+00
0.000000000000000000e+00
0.000000000000000000e+00
0.000000000000000000e+00
0.000000000000000000e+00
0.000000000000000000e+00
0.000000000000000000e+00
0.000000000000000000e+00
0.000000000000000000e+00
0.000000000000000000e+00
0.000000000000000000e+00
0.000000000000000000e+00
0.000000000000000000e+00
7.685721023692380527e+00
1.534852417784438039e+00
1.532347965967065351e+00
0.000000000000000000e+00
0.000000000000000000e+00
0.000000000000000000e+00
1.519640995800313421e+00
0.000000000000000000e+00
0.000000000000000000e+00
0.000000000000000000e+00
0.000000000000000000e+00
0.000000000000000000e+00
0.000000000000000000e+00
0.000000000000000000e+00
0.000000000000000000e+00
0.000000000000000000e+00
0.000000000000000000e+00
0.000000000000000000e+00
0.000000000000000000e+00
0.000000000000000000e+00
0.000000000000000000e+00
0.000000000000000000e+00
0.000000000000000000e+00
0.000000000000000000e+00
0.000000000000000000e+00
0.000000000000000000e+00
0.000000000000000000e+00
0.000000000000000000e+00
0.000000000000000000e+00
0.000000000000000000e+00
0.000000000000000000e+00
0.000000000000000000e+00
0.000000000000000000e+00
0.000000000000000000e+00
0.000000000000000000e+00
0.000000000000000000e+00
0.000000000000000000e+00
0.000000000000000000e+00
0.000000000000000000e+00
0.000000000000000000e+00
0.000000000000000000e+00
0.000000000000000000e+00
3.905753408282741646e-02
0.000000000000000000e+00
2.441401399378937635e-03
9.155273153282920875e-04
0.000000000000000000e+00
0.000000000000000000e+00
0.000000000000000000e+00
0.000000000000000000e+00
0.000000000000000000e+00
0.000000000000000000e+00
0.000000000000000000e+00
0.000000000000000000e+00
0.000000000000000000e+00
0.000000000000000000e+00
0.000000000000000000e+00
0.000000000000000000e+00
0.000000000000000000e+00
0.000000000000000000e+00
0.000000000000000000e+00
1.542951185185760243e+00
0.000000000000000000e+00
1.539245392815994817e+00
0.000000000000000000e+00
0.000000000000000000e+00
0.000000000000000000e+00
1.529605657132143248e+00
0.000000000000000000e+00
0.000000000000000000e+00
0.000000000000000000e+00
0.000000000000000000e+00
0.000000000000000000e+00
0.000000000000000000e+00
0.000000000000000000e+00
0.000000000000000000e+00
0.000000000000000000e+00
0.000000000000000000e+00
0.000000000000000000e+00
0.000000000000000000e+00
0.000000000000000000e+00
0.000000000000000000e+00
0.000000000000000000e+00
0.000000000000000000e+00
0.000000000000000000e+00
0.000000000000000000e+00
0.000000000000000000e+00
0.000000000000000000e+00
0.000000000000000000e+00
0.000000000000000000e+00
0.000000000000000000e+00
0.000000000000000000e+00
0.000000000000000000e+00
0.000000000000000000e+00
0.000000000000000000e+00
0.000000000000000000e+00
0.000000000000000000e+00
0.000000000000000000e+00
0.000000000000000000e+00
0.000000000000000000e+00
0.000000000000000000e+00
0.000000000000000000e+00
0.000000000000000000e+00
0.000000000000000000e+00
0.000000000000000000e+00
0.000000000000000000e+00
0.000000000000000000e+00
0.000000000000000000e+00
4.882802798757875269e-03
3.051757717760973806e-04
0.000000000000000000e+00
