# pd_vector
0.000000000000000000e+00
0.000000000000000000e+00
0.000000000000000000e+00
0.000000000000000000e+00
0.000000000000000000e+00
0.000000000000000000e+00
0.000000000000000000e+00
0.000000000000000000e+00
0.000000000000000000e+00
0.000000000000000000e+00
0.000000000000000000e+00
0.000000000000000000e+00
0.000000000000000000e+00
8.544921609730726439e-03
0.000000000000000000e+00
0.000000000000000000e+00
0.000000000000000000e+00
0.000000000000000000e+00
0.000000000000000000e+00
5.371093583259314158e-02
0.000000000000000000e+00
0.000000000000000000e+00
0.000000000000000000e+00
0.000000000000000000e+00
0.000000000000000000e+00
0.000000000000000000e+00
6.536865031444005769e-01
0.000000000000000000e+00
0.000000000000000000e+00
0.000000000000000000e+00
0.000000000000000000e+00
0.000000000000000000e+00
0.000000000000000000e+00
0.000000000000000000e+00
1.788330022607930614e+00
0.000000000000000000e+00
0.000000000000000000e+00
0.000000000000000000e+00
0.000000000000000000e+00
0.000000000000000000e+00
0.000000000000000000e+00
0.000000000000000000e+00
4.565420616838613554e-01
7.067870874334415632e+00
0.000000000000000000e+00
0.000000000000000000e+00
0.000000000000000000e+00
0.000000000000000000e+00
0.000000000000000000e+00
0.000000000000000000e+00
0.000000000000000000e+00
8.239559626510307641e-03
2.905267665260935939e+00
1.136413538939831369e+01
0.000000000000000000e+00
0.000000000000000000e+00
0.000000000000000000e+00
0.000000000000000000e+00
0.000000000000000000e+00
0.000000000000000000e+00
0.000000000000000000e+00
0.000000000000000000e+00
6.674043297473348790e-01
6.047351266261628666e+00
1.200744591630232705e+01
0.000000000000000000e+00
0.000000000000000000e+00
0.000000000000000000e+00
0.000000000000000000e+00
0.000000000000000000e+00
0.000000000000000000e+00
0.000000000000000000e+00
0.000000000000000000e+00
1.367013692898959576e-01
2.513065686085643957e+00
8.601057130011996676e+00
1.197082482368919543e+01
0.000000000000000000e+00
0.000000000000000000e+00
0.000000000000000000e+00
0.000000000000000000e+00
0.000000000000000000e+00
0.000000000000000000e+00
0.000000000000000000e+00
0.000000000000000000e+00
3.812848507827046318e-02
6.249205453252386633e-01
5.314515959099148645e+00
1.155027002046175433e+01
1.135955775282167224e+01
0.000000000000000000e+00
0.000000000000000000e+00
0.000000000000000000e+00
0.000000000000000000e+00
0.000000000000000000e+00
0.000000000000000000e+00
0.000000000000000000e+00
0.000000000000000000e+00
0.000000000000000000e+00
1.906424253913523159e-01
3.007430124377711067e+00
1.052191764305366206e+01
1.479733388163574048e+01
1.053436246593910575e+01
0.000000000000000000e+00
0.000000000000000000e+00
0.000000000000000000e+00
0.000000000000000000e+00
0.000000000000000000e+00
0.000000000000000000e+00
0.000000000000000000e+00
0.000000000000000000e+00
0.000000000000000000e+00
6.582274177809292748e-02
9.913406120350320982e-01
8.983232839050305785e+00
1.849781136151564098e+01
1.635494797443950432e+01
9.432067578283842124e+00
0.000000000000000000e+00
0.000000000000000000e+00
0.000000000000000000e+00
0.000000000000000000e+00
0.000000000000000000e+00
0.000000000000000000e+00
0.000000000000000000e+00
0.000000000000000000e+00
0.000000000000000000e+00
0.000000000000000000e+00
5.924046760028363057e-01
6.405585493149438037e+00
1.802505197922485181e+01
2.323555814675906817e+01
1.653561167799354337e+01
8.125304923538593016e+00
0.000000000000000000e+00
0.000000000000000000e+00
0.000000000000000000e+00
0.000000000000000000e+00
0.000000000000000000e+00
0.000000000000000000e+00
0.000000000000000000e+00
0.000000000000000000e+00
0.000000000000000000e+00
0.000000000000000000e+00
3.128864419155261700e-01
5.199996600469341423e+00
1.704343282998689801e+01
2.931267932916197694e+01
2.621003917192928867e+01
1.516598549294196019e+01
6.827697541946626814e+00
0.000000000000000000e+00
0.000000000000000000e+00
0.000000000000000000e+00
0.000000000000000000e+00
0.000000000000000000e+00
0.000000000000000000e+00
0.000000000000000000e+00
0.000000000000000000e+00
0.000000000000000000e+00
0.000000000000000000e+00
1.549967419239409727e-01
2.920273457878244550e+00
1.408606674051188712e+01
3.381996626442590070e+01
3.759287655472138567e+01
2.546847880554335930e+01
1.371335166031149200e+01
5.704040350267035819e+00
0.000000000000000000e+00
0.000000000000000000e+00
0.000000000000000000e+00
0.000000000000000000e+00
0.000000000000000000e+00
0.000000000000000000e+00
0.000000000000000000e+00
0.000000000000000000e+00
0.000000000000000000e+00
0.000000000000000000e+00
2.189080473647392056e-01
1.084977193467586698e+00
1.345411700236762620e+01
3.251643443837790670e+01
4.502974087743741904e+01
3.729994504910018094e+01
2.360633832995203107e+01
1.145017256308721798e+01
4.646606301062858435e+00
0.000000000000000000e+00
0.000000000000000000e+00
0.000000000000000000e+00
0.000000000000000000e+00
0.000000000000000000e+00
0.000000000000000000e+00
0.000000000000000000e+00
0.000000000000000000e+00
0.000000000000000000e+00
0.000000000000000000e+00
0.000000000000000000e+00
1.094540236823696056e+00
9.609797999284340975e+00
2.555239275643463870e+01
4.805060149800783620e+01
5.086339909441279872e+01
3.481979163484064088e+01
2.092024189170967219e+01
9.743632984921340778e+00
3.792114140089786201e+00
0.000000000000000000e+00
0.000000000000000000e+00
0.000000000000000000e+00
0.000000000000000000e+00
0.000000000000000000e+00
0.000000000000000000e+00
0.000000000000000000e+00
0.000000000000000000e+00
0.000000000000000000e+00
0.000000000000000000e+00
0.000000000000000000e+00
0.000000000000000000e+00
7.223965563036394144e+00
2.681443635284178839e+01
5.298210416436243264e+01
5.976704953450838076e+01
4.941451666143851895e+01
3.064063548797810910e+01
1.647087969339410662e+01
7.648910584254211997e+00
2.966308501663666330e+00
0.000000000000000000e+00
0.000000000000000000e+00
0.000000000000000000e+00
0.000000000000000000e+00
0.000000000000000000e+00
0.000000000000000000e+00
0.000000000000000000e+00
0.000000000000000000e+00
0.000000000000000000e+00
0.000000000000000000e+00
0.000000000000000000e+00
3.858302793476471870e-01
5.627770121978781681e+00
2.210971278383865979e+01
5.176891180259628555e+01
6.831353981822321941e+01
5.950375856739600522e+01
4.266577480258465016e+01
2.468436154034692720e+01
1.390837664954939967e+01
6.293932807598901391e+00
2.415771409379587009e+00
0.000000000000000000e+00
0.000000000000000000e+00
0.000000000000000000e+00
0.000000000000000000e+00
0.000000000000000000e+00
0.000000000000000000e+00
0.000000000000000000e+00
0.000000000000000000e+00
0.000000000000000000e+00
0.000000000000000000e+00
0.000000000000000000e+00
0.000000000000000000e+00
1.929151396738235880e+00
1.806810407582661426e+01
4.597068994659523611e+01
7.873834489736201192e+01
6.768776693439215819e+01
5.167085229580294481e+01
3.519259172724363793e+01
2.029038895602884196e+01
1.132939448645167246e+01
5.053700896714400592e+00
1.882629336086744765e+00
0.000000000000000000e+00
0.000000000000000000e+00
0.000000000000000000e+00
0.000000000000000000e+00
0.000000000000000000e+00
0.000000000000000000e+00
0.000000000000000000e+00
0.000000000000000000e+00
0.000000000000000000e+00
0.000000000000000000e+00
0.000000000000000000e+00
0.000000000000000000e+00
4.852825635592212805e-01
1.466155061521059366e+01
5.390811380000727837e+01
7.399092000928185087e+01
7.455343286541560133e+01
6.257728838310523400e+01
4.298225038109467988e+01
2.977834684612923155e+01
1.636510678070468572e+01
9.524930928245915140e+00
4.006339696380837090e+00
1.498107863648862059e+00
0.000000000000000000e+00
0.000000000000000000e+00
0.000000000000000000e+00
0.000000000000000000e+00
0.000000000000000000e+00
0.000000000000000000e+00
0.000000000000000000e+00
0.000000000000000000e+00
0.000000000000000000e+00
0.000000000000000000e+00
0.000000000000000000e+00
0.000000000000000000e+00
5.906318823794730610e-01
1.261734665253975329e+01
4.166967016954589553e+01
7.790018642528524140e+01
8.668758675643672973e+01
7.656839051042683764e+01
5.339928608691646872e+01
3.350377556504930254e+01
2.318211892758844073e+01
1.320144651999566676e+01
6.657564178220328976e+00
3.103021178610629871e+00
1.204833946972032388e+00
0.000000000000000000e+00
0.000000000000000000e+00
0.000000000000000000e+00
0.000000000000000000e+00
0.000000000000000000e+00
0.000000000000000000e+00
0.000000000000000000e+00
0.000000000000000000e+00
0.000000000000000000e+00
0.000000000000000000e+00
0.000000000000000000e+00
0.000000000000000000e+00
6.971348588680905678e-01
7.678214470933149904e+00
2.523469330507950659e+01
7.948103754561532241e+01
9.271010779891361153e+01
8.887666723008412362e+01
6.385865767266368209e+01
4.453417023264322694e+01
2.836960170635805056e+01
1.731033222553478979e+01
9.920613657038163780e+00
5.429869793870293115e+00
2.346186744803159030e+00
9.603881537793784728e-01
0.000000000000000000e+00
0.000000000000000000e+00
0.000000000000000000e+00
0.000000000000000000e+00
0.000000000000000000e+00
0.000000000000000000e+00
0.000000000000000000e+00
0.000000000000000000e+00
0.000000000000000000e+00
0.000000000000000000e+00
0.000000000000000000e+00
0.000000000000000000e+00
0.000000000000000000e+00
8.365618306417086814e+00
2.421590717755839606e+01
7.036597171608708834e+01
9.645756983691180153e+01
8.323175811979146488e+01
6.808040273043388879e+01
5.006394764143293230e+01
3.045428034644454840e+01
2.099745462721164557e+01
1.288742795645541683e+01
7.362345174612968002e+00
4.037384216990051122e+00
1.923824302710602785e+00
7.183837667609331845e-01
0.000000000000000000e+00
0.000000000000000000e+00
0.000000000000000000e+00
0.000000000000000000e+00
0.000000000000000000e+00
0.000000000000000000e+00
0.000000000000000000e+00
0.000000000000000000e+00
0.000000000000000000e+00
0.000000000000000000e+00
0.000000000000000000e+00
0.000000000000000000e+00
0.000000000000000000e+00
3.200640049425022671e+00
2.021691090717462558e+01
5.965382012032677750e+01
9.414481733048893375e+01
1.022450240271265045e+02
8.382415497473660082e+01
5.538373598327901703e+01
3.580424738443036148e+01
2.544809727579612968e+01
1.592910351029848925e+01
9.989663090506860854e+00
5.389939703430183471e+00
3.435896364254798385e+00
1.479489248023636128e+00
5.960082822787181600e-01
0.000000000000000000e+00
0.000000000000000000e+00
0.000000000000000000e+00
0.000000000000000000e+00
0.000000000000000000e+00
0.000000000000000000e+00
0.000000000000000000e+00
0.000000000000000000e+00
0.000000000000000000e+00
0.000000000000000000e+00
0.000000000000000000e+00
0.000000000000000000e+00
0.000000000000000000e+00
8.960553845713439269e-01
2.000400030890639158e+01
5.995359786265579061e+01
9.154794176881831902e+01
1.053063162923510134e+02
7.986686782496296644e+01
5.953588392198606272e+01
4.334379337821836486e+01
2.774441680438543401e+01
1.825170911173902866e+01
1.263796642139384119e+01
7.549440045497552099e+00
4.296328749111015810e+00
2.504826126459133384e+00
1.179196875900026864e+00
4.873657075264274940e-01
0.000000000000000000e+00
0.000000000000000000e+00
0.000000000000000000e+00
0.000000000000000000e+00
0.000000000000000000e+00
0.000000000000000000e+00
0.000000000000000000e+00
0.000000000000000000e+00
0.000000000000000000e+00
0.000000000000000000e+00
0.000000000000000000e+00
0.000000000000000000e+00
0.000000000000000000e+00
0.000000000000000000e+00
9.856609230284783862e+00
4.880976075373159517e+01
9.271893622945604818e+01
1.004074200045104135e+02
8.832142656777827483e+01
6.289033553366649443e+01
3.969058928132404418e+01
2.845804615741609567e+01
2.200953735319961879e+01
1.647868594088437888e+01
9.017715623598730801e+00
5.414244881114405494e+00
3.847167107158500521e+00
1.886859154470860389e+00
9.130841233677227109e-01
3.668212776748690507e-01
0.000000000000000000e+00
0.000000000000000000e+00
0.000000000000000000e+00
0.000000000000000000e+00
0.000000000000000000e+00
0.000000000000000000e+00
0.000000000000000000e+00
0.000000000000000000e+00
0.000000000000000000e+00
0.000000000000000000e+00
0.000000000000000000e+00
0.000000000000000000e+00
0.000000000000000000e+00
1.058888938575228922e+00
7.860696629506479738e+00
4.121854769028182375e+01
8.561712132211935966e+01
1.129358471366306702e+02
9.272920553357727158e+01
5.823390762710655366e+01
4.900044547715119592e+01
3.672860500659836447e+01
2.320425302066235673e+01
1.580966767624197900e+01
1.095102546704341684e+01
7.306324337368314659e+00
3.889105477983587189e+00
2.577797249466609486e+00
1.466641613518834708e+00
7.202134128167866356e-01
3.131103418422759299e-01
0.000000000000000000e+00
0.000000000000000000e+00
0.000000000000000000e+00
0.000000000000000000e+00
0.000000000000000000e+00
0.000000000000000000e+00
0.000000000000000000e+00
0.000000000000000000e+00
0.000000000000000000e+00
0.000000000000000000e+00
0.000000000000000000e+00
0.000000000000000000e+00
0.000000000000000000e+00
2.250233972914781333e+00
6.353333631451373975e+00
3.439054775409084641e+01
7.437259691942153950e+01
8.801760135918812011e+01
1.052673636890816766e+02
5.729129259080888659e+01
5.435164711863278342e+01
3.742553709672177575e+01
2.636166004505850324e+01
1.444793112607278829e+01
1.239973935391527782e+01
8.135047489803680421e+00
5.726578534694084510e+00
2.821507895792014331e+00
2.265336976803990154e+00
1.128819668831912093e+00
6.494127722347974307e-01
2.233886649401032876e-01
0.000000000000000000e+00
0.000000000000000000e+00
0.000000000000000000e+00
0.000000000000000000e+00
0.000000000000000000e+00
0.000000000000000000e+00
0.000000000000000000e+00
0.000000000000000000e+00
0.000000000000000000e+00
0.000000000000000000e+00
0.000000000000000000e+00
0.000000000000000000e+00
0.000000000000000000e+00
0.000000000000000000e+00
7.875818905201734665e+00
2.964889028010641070e+01
7.271144382293493891e+01
9.229370461084842248e+01
8.641728133447561788e+01
7.041062074567715001e+01
4.725055059035784666e+01
3.105808406779016195e+01
2.546479843694471512e+01
1.806810407582661426e+01
1.247775869979013486e+01
8.369824063892812305e+00
6.257728838310523400e+00
4.607591924466505340e+00
2.897764865948555091e+00
1.718531499644406324e+00
8.898724396631132461e-01
4.687490686807560536e-01
2.011108336004481800e-01
0.000000000000000000e+00
0.000000000000000000e+00
0.000000000000000000e+00
0.000000000000000000e+00
0.000000000000000000e+00
0.000000000000000000e+00
0.000000000000000000e+00
0.000000000000000000e+00
0.000000000000000000e+00
0.000000000000000000e+00
0.000000000000000000e+00
0.000000000000000000e+00
0.000000000000000000e+00
0.000000000000000000e+00
3.546124740737781611e+00
1.912698876977564311e+01
5.929778056021282140e+01
9.629353371145437279e+01
7.168443076570751771e+01
6.001200092671917474e+01
4.531376582642588602e+01
3.484728106038890871e+01
2.183771536016495673e+01
1.851985340868706587e+01
1.273653238132040144e+01
8.975229941954307122e+00
6.044872935033698269e+00
3.963228264263331635e+00
2.567086929345624213e+00
2.173323649461416540e+00
1.093610954319167661e+00
9.228306781691544280e-01
3.930656253000089362e-01
1.538085889751530932e-01
0.000000000000000000e+00
0.000000000000000000e+00
0.000000000000000000e+00
0.000000000000000000e+00
0.000000000000000000e+00
0.000000000000000000e+00
0.000000000000000000e+00
0.000000000000000000e+00
0.000000000000000000e+00
0.000000000000000000e+00
0.000000000000000000e+00
0.000000000000000000e+00
0.000000000000000000e+00
0.000000000000000000e+00
1.230715447488967884e+00
2.482287318516447172e+01
4.838003041766779688e+01
7.306333676169079183e+01
6.976368258687000434e+01
6.720415384285080052e+01
4.080816063016904138e+01
3.206820350793216789e+01
2.716906658945575970e+01
2.280828048728340107e+01
1.427572033586294609e+01
7.108762259341618872e+00
5.472701184118480278e+00
6.509863160805521076e+00
4.276114706178858249e+00
2.896200638236088754e+00
2.249580619617957300e+00
9.569095850292717031e-01
6.426856508678040480e-01
3.540032029099459687e-01
1.345825153532589358e-01
0.000000000000000000e+00
0.000000000000000000e+00
0.000000000000000000e+00
0.000000000000000000e+00
0.000000000000000000e+00
0.000000000000000000e+00
0.000000000000000000e+00
0.000000000000000000e+00
0.000000000000000000e+00
0.000000000000000000e+00
0.000000000000000000e+00
0.000000000000000000e+00
0.000000000000000000e+00
0.000000000000000000e+00
1.272255159682329495e+00
1.107643902740071162e+01
3.427920582713188935e+01
9.113447590304863866e+01
8.153444827029262854e+01
5.797263764261028740e+01
4.659487999770988154e+01
2.800560043246894892e+01
2.649112463698744335e+01
2.067211588328155614e+01
1.358791177965819585e+01
6.173284469562354992e+00
7.404960686814186843e+00
5.910517278847958522e+00
3.874918548098524429e+00
2.503091535324209360e+00
2.106327736898973679e+00
1.487010918052548147e+00
7.811506816565483291e-01
4.531757794580669185e-01
2.416987385385148124e-01
1.013183562296643275e-01
0.000000000000000000e+00
0.000000000000000000e+00
0.000000000000000000e+00
0.000000000000000000e+00
0.000000000000000000e+00
0.000000000000000000e+00
0.000000000000000000e+00
0.000000000000000000e+00
0.000000000000000000e+00
0.000000000000000000e+00
0.000000000000000000e+00
0.000000000000000000e+00
0.000000000000000000e+00
0.000000000000000000e+00
2.615439313590881110e+00
1.145029643714096501e+01
3.199860163471316454e+01
6.028412059254228694e+01
7.200748713327300266e+01
4.870889117446053262e+01
3.733830899015578098e+01
3.584221538285375885e+01
1.840368028419387869e+01
1.394269717736181136e+01
1.240326952996893439e+01
1.213206408898053112e+01
8.488266145648237782e+00
6.812563831869051789e+00
3.283620710471088167e+00
2.324951128859114480e+00
1.981614132131665817e+00
1.579745802674230148e+00
1.296368492661195804e+00
4.491616419525152892e-01
3.460615043134329105e-01
2.099605203465886305e-01
7.171630636738288156e-02
0.000000000000000000e+00
0.000000000000000000e+00
0.000000000000000000e+00
0.000000000000000000e+00
0.000000000000000000e+00
0.000000000000000000e+00
0.000000000000000000e+00
0.000000000000000000e+00
0.000000000000000000e+00
0.000000000000000000e+00
0.000000000000000000e+00
0.000000000000000000e+00
0.000000000000000000e+00
0.000000000000000000e+00
1.338054815040071732e+00
1.176947691115896433e+01
3.053412383237590788e+01
6.276648782193736054e+01
5.792003743205043520e+01
3.037815863434954622e+01
3.282555709583209591e+01
2.259950280983112947e+01
1.702505230685553528e+01
1.760352027183762402e+01
9.759888024153267949e+00
5.906318823794730832e+00
5.823390762710655366e+00
6.559114748910002568e+00
3.554381129670809436e+00
2.189080473647392111e+00
2.014957645011232756e+00
1.668727690216139647e+00
1.184809352005672611e+00
1.105726067269843460e+00
4.296328749111015810e-01
2.883845869278607865e-01
1.464840839627362667e-01
6.011962703989118251e-02
0.000000000000000000e+00
0.000000000000000000e+00
0.000000000000000000e+00
0.000000000000000000e+00
0.000000000000000000e+00
0.000000000000000000e+00
0.000000000000000000e+00
0.000000000000000000e+00
0.000000000000000000e+00
0.000000000000000000e+00
0.000000000000000000e+00
0.000000000000000000e+00
0.000000000000000000e+00
0.000000000000000000e+00
1.364076919001420141e+00
6.690274075200358439e+00
2.615439313590881198e+01
5.343471670665783790e+01
6.768934961189323474e+01
4.018941372836152226e+01
3.600374356663650133e+01
1.694222301720366275e+01
1.768656741638957897e+01
9.856609230284783862e+00
8.001600123562557343e+00
1.185129260075753876e+01
5.315686941415257216e+00
4.852825635592212805e+00
3.086642234781177496e+00
4.146777984615944490e+00
2.626896568376870356e+00
2.789941354630937731e+00
9.386593257465785101e-01
7.898729013371150742e-01
3.431563657044341964e-01
5.272767101181701221e-01
2.719054676748401400e-01
1.489254853621151953e-01
5.035400234305606459e-02
0.000000000000000000e+00
0.000000000000000000e+00
0.000000000000000000e+00
0.000000000000000000e+00
0.000000000000000000e+00
0.000000000000000000e+00
0.000000000000000000e+00
0.000000000000000000e+00
0.000000000000000000e+00
0.000000000000000000e+00
0.000000000000000000e+00
0.000000000000000000e+00
0.000000000000000000e+00
0.000000000000000000e+00
1.386476391214087167e+00
1.091261535201136113e+01
1.873276741056100292e+01
4.053930936065865609e+01
5.852373734538715411e+01
4.061360976713594084e+01
2.836899792590225289e+01
2.587769068851998355e+01
1.482444514005320535e+01
9.825870786883099228e+00
4.480276922856719857e+00
8.801760135918812011e+00
8.365618306417086814e+00
5.906318823794730832e+00
1.455847690677663842e+00
2.314981676085883233e+00
2.665785847253107299e+00
1.313448284188435178e+00
2.479947870783055563e+00
7.300683644695611374e-01
8.556956431152080711e-01
4.956703060175160491e-01
4.296328749111015810e-01
1.730307521567164553e-01
1.196286685695679419e-01
4.241943227687753476e-02
0.000000000000000000e+00
0.000000000000000000e+00
0.000000000000000000e+00
0.000000000000000000e+00
0.000000000000000000e+00
0.000000000000000000e+00
0.000000000000000000e+00
0.000000000000000000e+00
0.000000000000000000e+00
0.000000000000000000e+00
0.000000000000000000e+00
0.000000000000000000e+00
0.000000000000000000e+00
0.000000000000000000e+00
1.405830553902068791e+00
4.159429173642261723e+00
2.318930762302414195e+01
3.746553482112200584e+01
4.446246833104498108e+01
2.926186867269357705e+01
2.215287805480142325e+01
1.654858212344297996e+01
7.875818905201734665e+00
1.164777832432751836e+01
6.878109550818169993e+00
5.376332307428063118e+00
5.601120086493789785e+00
4.879944012076633975e+00
3.543791294276838144e+00
3.396977944914548964e+00
2.314981676085883233e+00
1.184793709890269886e+00
2.189080473647392056e-01
6.199869676957638909e-01
9.386593257465785101e-01
7.240501595590221884e-01
2.287709104696227791e-01
2.929315056212056234e-01
1.977494310362473695e-01
7.568344338074706190e-02
3.173828026471412628e-02
0.000000000000000000e+00
0.000000000000000000e+00
0.000000000000000000e+00
0.000000000000000000e+00
0.000000000000000000e+00
0.000000000000000000e+00
0.000000000000000000e+00
0.000000000000000000e+00
0.000000000000000000e+00
0.000000000000000000e+00
0.000000000000000000e+00
0.000000000000000000e+00
0.000000000000000000e+00
0.000000000000000000e+00
0.000000000000000000e+00
5.623322215608275165e+00
1.802419308578313206e+01
4.092230757004260511e+01
3.746553482112200584e+01
2.615439313590881198e+01
2.417284803396426085e+01
1.723001626484554905e+01
1.063837422221334528e+01
1.575163781040346933e+01
7.412222570026602675e+00
3.930348314753239869e+00
3.584221538285375708e+00
0.000000000000000000e+00
7.668483447548996246e+00
5.906318823794730610e-01
1.455847690677663842e+00
1.543321117390588748e+00
2.073388992307972245e+00
1.313448284188435178e+00
1.239973935391527782e+00
3.128864419155261700e-01
3.291137088904646513e-01
3.431563657044341964e-01
1.562301363313096658e-01
9.063515589161338926e-02
7.324204198136813337e-02
3.234863180826632462e-02
0.000000000000000000e+00
0.000000000000000000e+00
0.000000000000000000e+00
0.000000000000000000e+00
0.000000000000000000e+00
0.000000000000000000e+00
0.000000000000000000e+00
0.000000000000000000e+00
0.000000000000000000e+00
0.000000000000000000e+00
0.000000000000000000e+00
0.000000000000000000e+00
0.000000000000000000e+00
0.000000000000000000e+00
0.000000000000000000e+00
1.422619279714792961e+00
5.623322215608275165e+00
3.466190978035218251e+01
5.319899984105538238e+01
2.408498667072129251e+01
1.830807519513616910e+01
8.905786117776306909e+00
8.615008132422774523e+00
3.546124740737781611e+00
4.500467945829562666e+00
1.058888938575228877e+01
7.860696629506479738e+00
5.376332307428063118e+00
8.001600123562556677e-01
4.182809153208543407e+00
2.362527529517892244e+00
9.705651271184425610e-01
7.716605586952943741e-01
8.885952824177023590e-01
1.094540236823696056e+00
3.099934838478819454e-01
2.085909612770174559e-01
1.974682253342787686e-01
3.812848507827046318e-01
2.929315056212056234e-01
1.318329540241649223e-01
6.591783778323132004e-02
2.441406174208779131e-02
0.000000000000000000e+00
0.000000000000000000e+00
0.000000000000000000e+00
0.000000000000000000e+00
0.000000000000000000e+00
0.000000000000000000e+00
0.000000000000000000e+00
0.000000000000000000e+00
0.000000000000000000e+00
0.000000000000000000e+00
0.000000000000000000e+00
0.000000000000000000e+00
0.000000000000000000e+00
0.000000000000000000e+00
0.000000000000000000e+00
0.000000000000000000e+00
8.535715678288758212e+00
3.233410273974758553e+01
3.466190978035218251e+01
2.455338454202556164e+01
2.140887704064114772e+01
7.846317940772642885e+00
6.361275798411647031e+00
4.922861789955871537e+00
3.546124740737781611e+00
4.500467945829562666e+00
1.058888938575228922e+00
9.825870786883099672e-01
2.688166153714031559e+00
1.600320024712511335e+00
1.394269717736181136e+00
1.771895647138419072e+00
9.705651271184425610e-01
3.858302793476471870e-01
8.885952824177023590e-01
2.189080473647392056e-01
1.549967419239409727e-01
4.171819225540349119e-01
6.582274177809292748e-02
2.668993955478932145e-01
1.757589033727233740e-01
1.235933943976546129e-01
2.685541539316831441e-02
1.953124939367023236e-02
0.000000000000000000e+00
0.000000000000000000e+00
0.000000000000000000e+00
0.000000000000000000e+00
0.000000000000000000e+00
0.000000000000000000e+00
0.000000000000000000e+00
0.000000000000000000e+00
0.000000000000000000e+00
0.000000000000000000e+00
0.000000000000000000e+00
0.000000000000000000e+00
0.000000000000000000e+00
0.000000000000000000e+00
0.000000000000000000e+00
2.900048006555250080e+00
4.311721402907301659e+00
3.272024343344023833e+01
2.389911941633516790e+01
2.772952782428174245e+01
1.227669227101278082e+01
9.366383705280501459e+00
5.230878627181762219e+00
1.272255159682329495e+00
4.922861789955871537e+00
0.000000000000000000e+00
1.125116986457390666e+00
1.058888938575228922e+00
1.965174157376619934e+00
8.960553845713439269e-01
2.400480037068767114e+00
3.485674294340452839e+00
1.771895647138419072e+00
1.455847690677663842e+00
3.858302793476471870e-01
5.923968549451349430e-01
2.189080473647392056e-01
4.649902257718229182e-01
4.171819225540349119e-01
1.316454835561858550e-01
1.143854552348113895e-01
5.858630112424112468e-02
9.887471551812368475e-02
4.150382378944193762e-02
1.770019476301364775e-02
0.000000000000000000e+00
0.000000000000000000e+00
0.000000000000000000e+00
0.000000000000000000e+00
0.000000000000000000e+00
0.000000000000000000e+00
0.000000000000000000e+00
0.000000000000000000e+00
0.000000000000000000e+00
0.000000000000000000e+00
0.000000000000000000e+00
0.000000000000000000e+00
0.000000000000000000e+00
0.000000000000000000e+00
0.000000000000000000e+00
2.922487529721168986e+00
7.250120016388125421e+00
1.724688561162920664e+01
2.418452775515148190e+01
2.108745830853103342e+01
6.932381956070435614e+00
5.456307676005680563e+00
6.690274075200358439e+00
1.307719656795440555e+00
1.272255159682329495e+00
1.230715447488967884e+00
1.182041580245927204e+00
2.250233972914781333e+00
1.058888938575228922e+00
2.947761236064930124e+00
8.960553845713439269e-01
8.001600123562556677e-01
1.394269717736181136e+00
0.000000000000000000e+00
9.705651271184425610e-01
3.858302793476471870e-01
0.000000000000000000e+00
2.189080473647392056e-01
4.649902257718229182e-01
5.214774031925436537e-01
3.291137088904646513e-01
1.525139403130818527e-01
1.952876704141370823e-01
6.591647701208246113e-02
3.173821819192618882e-02
1.342773395814828540e-02
0.000000000000000000e+00
0.000000000000000000e+00
0.000000000000000000e+00
0.000000000000000000e+00
0.000000000000000000e+00
0.000000000000000000e+00
0.000000000000000000e+00
0.000000000000000000e+00
0.000000000000000000e+00
0.000000000000000000e+00
0.000000000000000000e+00
0.000000000000000000e+00
0.000000000000000000e+00
0.000000000000000000e+00
0.000000000000000000e+00
0.000000000000000000e+00
8.767462589163507403e+00
1.740028803933149959e+01
2.730756888507957925e+01
8.535715678288758212e+00
9.840813877314481317e+00
2.772952782428174334e+00
4.092230757004260866e+00
5.352219260160286929e+00
1.307719656795440555e+00
2.544510319364658990e+00
0.000000000000000000e+00
2.364083160491854407e+00
1.125116986457390666e+00
1.058888938575228922e+00
2.947761236064930124e+00
2.688166153714031559e+00
0.000000000000000000e+00
2.091404576604271703e+00
5.906318823794730610e-01
1.455847690677663842e+00
0.000000000000000000e+00
5.923968549451349430e-01
2.189080473647392056e-01
3.099934838478819454e-01
5.214774031925436537e-01
1.316454835561858550e-01
1.906424253913523159e-01
7.811506816565483291e-02
5.767691738557215175e-02
2.197261259441044001e-02
1.007080046861121361e-02
0.000000000000000000e+00
0.000000000000000000e+00
0.000000000000000000e+00
0.000000000000000000e+00
0.000000000000000000e+00
0.000000000000000000e+00
0.000000000000000000e+00
0.000000000000000000e+00
0.000000000000000000e+00
0.000000000000000000e+00
0.000000000000000000e+00
0.000000000000000000e+00
0.000000000000000000e+00
0.000000000000000000e+00
0.000000000000000000e+00
0.000000000000000000e+00
8.826766045822408202e+00
1.607368141346642787e+01
2.900048006555250169e+01
1.149792374108613835e+01
8.535715678288758212e+00
5.623322215608275165e+00
4.159429173642261723e+00
2.728153838002840281e+00
1.338054815040071732e+00
2.615439313590881110e+00
1.272255159682329495e+00
0.000000000000000000e+00
0.000000000000000000e+00
0.000000000000000000e+00
0.000000000000000000e+00
9.825870786883099672e-01
1.792110769142687854e+00
1.600320024712511335e+00
6.971348588680905678e-01
1.181263764758946122e+00
0.000000000000000000e+00
3.858302793476471870e-01
2.961984274725674715e-01
4.378160947294784111e-01
3.099934838478819454e-01
6.257728838310523400e-01
1.974682253342787686e-01
3.812848507827046318e-02
3.905753408282741646e-02
5.767691738557215175e-02
2.441401399378937548e-02
8.850097381506823874e-03
0.000000000000000000e+00
0.000000000000000000e+00
0.000000000000000000e+00
0.000000000000000000e+00
0.000000000000000000e+00
0.000000000000000000e+00
0.000000000000000000e+00
0.000000000000000000e+00
0.000000000000000000e+00
0.000000000000000000e+00
0.000000000000000000e+00
0.000000000000000000e+00
0.000000000000000000e+00
0.000000000000000000e+00
0.000000000000000000e+00
0.000000000000000000e+00
4.439597946137316953e+00
1.618240441734108259e+01
1.753492517832701481e+01
5.800096013110500159e+00
4.311721402907301659e+00
5.690477118859171846e+00
4.217491661706206152e+00
0.000000000000000000e+00
1.364076919001420141e+00
6.690274075200358439e+00
1.307719656795440555e+00
0.000000000000000000e+00
2.461430894977935768e+00
0.000000000000000000e+00
0.000000000000000000e+00
0.000000000000000000e+00
0.000000000000000000e+00
0.000000000000000000e+00
8.001600123562556677e-01
1.394269717736181136e+00
0.000000000000000000e+00
4.852825635592212805e-01
0.000000000000000000e+00
8.885952824177023590e-01
0.000000000000000000e+00
4.649902257718229182e-01
1.042954806385087280e-01
0.000000000000000000e+00
1.143854552348113895e-01
1.952876704141370823e-02
3.295823850604123056e-02
2.441401399378937548e-02
7.019042750850240132e-03
0.000000000000000000e+00
0.000000000000000000e+00
0.000000000000000000e+00
0.000000000000000000e+00
0.000000000000000000e+00
0.000000000000000000e+00
0.000000000000000000e+00
0.000000000000000000e+00
0.000000000000000000e+00
0.000000000000000000e+00
0.000000000000000000e+00
0.000000000000000000e+00
0.000000000000000000e+00
0.000000000000000000e+00
0.000000000000000000e+00
0.000000000000000000e+00
1.487618036407947875e+00
1.923825776659504072e+01
2.648029813746722283e+01
8.767462589163507403e+00
1.160019202622100032e+01
0.000000000000000000e+00
0.000000000000000000e+00
1.405830553902068791e+00
2.772952782428174334e+00
0.000000000000000000e+00
0.000000000000000000e+00
1.307719656795440555e+00
0.000000000000000000e+00
0.000000000000000000e+00
0.000000000000000000e+00
2.250233972914781333e+00
0.000000000000000000e+00
0.000000000000000000e+00
0.000000000000000000e+00
8.001600123562556677e-01
0.000000000000000000e+00
0.000000000000000000e+00
0.000000000000000000e+00
3.858302793476471870e-01
0.000000000000000000e+00
0.000000000000000000e+00
0.000000000000000000e+00
0.000000000000000000e+00
6.582274177809292748e-02
3.812848507827046318e-02
5.858630112424112468e-02
2.471867887953092119e-02
7.324204198136813337e-03
8.239745837954629004e-03
0.000000000000000000e+00
0.000000000000000000e+00
0.000000000000000000e+00
0.000000000000000000e+00
0.000000000000000000e+00
0.000000000000000000e+00
0.000000000000000000e+00
0.000000000000000000e+00
0.000000000000000000e+00
0.000000000000000000e+00
0.000000000000000000e+00
0.000000000000000000e+00
0.000000000000000000e+00
0.000000000000000000e+00
0.000000000000000000e+00
0.000000000000000000e+00
1.494517789827305210e+00
7.438090182039739595e+00
1.035906187432040682e+01
1.176902139442987760e+01
1.461243764860584493e+00
2.900048006555250080e+00
1.437240467635767294e+00
0.000000000000000000e+00
0.000000000000000000e+00
1.386476391214087167e+00
0.000000000000000000e+00
0.000000000000000000e+00
2.615439313590881110e+00
0.000000000000000000e+00
0.000000000000000000e+00
1.182041580245927204e+00
1.125116986457390666e+00
1.058888938575228922e+00
0.000000000000000000e+00
0.000000000000000000e+00
0.000000000000000000e+00
0.000000000000000000e+00
0.000000000000000000e+00
4.852825635592212805e-01
3.858302793476471870e-01
0.000000000000000000e+00
0.000000000000000000e+00
0.000000000000000000e+00
3.128864419155261700e-01
0.000000000000000000e+00
7.625697015654092636e-02
3.905753408282741646e-02
8.239559626510307641e-03
2.197261259441044001e-02
4.272460804865363219e-03
0.000000000000000000e+00
0.000000000000000000e+00
0.000000000000000000e+00
0.000000000000000000e+00
0.000000000000000000e+00
0.000000000000000000e+00
0.000000000000000000e+00
0.000000000000000000e+00
0.000000000000000000e+00
0.000000000000000000e+00
0.000000000000000000e+00
0.000000000000000000e+00
0.000000000000000000e+00
0.000000000000000000e+00
0.000000000000000000e+00
0.000000000000000000e+00
0.000000000000000000e+00
1.046162452879113580e+01
1.190094429126358300e+01
8.879195892274633906e+00
8.826766045822408202e+00
1.461243764860584493e+00
4.350072009832874897e+00
0.000000000000000000e+00
0.000000000000000000e+00
0.000000000000000000e+00
0.000000000000000000e+00
1.364076919001420141e+00
0.000000000000000000e+00
0.000000000000000000e+00
0.000000000000000000e+00
2.461430894977935768e+00
0.000000000000000000e+00
0.000000000000000000e+00
0.000000000000000000e+00
9.825870786883099672e-01
0.000000000000000000e+00
1.600320024712511335e+00
0.000000000000000000e+00
0.000000000000000000e+00
0.000000000000000000e+00
0.000000000000000000e+00
0.000000000000000000e+00
0.000000000000000000e+00
1.549967419239409727e-01
4.171819225540349119e-01
0.000000000000000000e+00
0.000000000000000000e+00
5.858630112424112468e-02
4.119779813255153994e-02
1.220700699689468774e-02
4.882812348417558089e-03
0.000000000000000000e+00
0.000000000000000000e+00
0.000000000000000000e+00
0.000000000000000000e+00
0.000000000000000000e+00
0.000000000000000000e+00
0.000000000000000000e+00
0.000000000000000000e+00
0.000000000000000000e+00
0.000000000000000000e+00
0.000000000000000000e+00
0.000000000000000000e+00
0.000000000000000000e+00
0.000000000000000000e+00
0.000000000000000000e+00
0.000000000000000000e+00
1.506195209978576255e+00
9.004069619185658624e+00
7.472588949136525827e+00
5.950472145631791498e+00
2.959731964091544931e+00
2.942255348607469401e+00
1.461243764860584493e+00
0.000000000000000000e+00
1.437240467635767294e+00
2.845238559429585923e+00
0.000000000000000000e+00
1.386476391214087167e+00
0.000000000000000000e+00
0.000000000000000000e+00
0.000000000000000000e+00
0.000000000000000000e+00
0.000000000000000000e+00
1.182041580245927204e+00
0.000000000000000000e+00
0.000000000000000000e+00
0.000000000000000000e+00
0.000000000000000000e+00
1.600320024712511335e+00
6.971348588680905678e-01
0.000000000000000000e+00
4.852825635592212805e-01
7.716605586952943741e-01
2.961984274725674715e-01
0.000000000000000000e+00
0.000000000000000000e+00
1.042954806385087280e-01
6.582274177809292748e-02
3.812848507827046318e-02
0.000000000000000000e+00
4.943735775906184238e-02
7.324204198136813337e-03
5.187988120193655524e-03
0.000000000000000000e+00
0.000000000000000000e+00
0.000000000000000000e+00
0.000000000000000000e+00
0.000000000000000000e+00
0.000000000000000000e+00
0.000000000000000000e+00
0.000000000000000000e+00
0.000000000000000000e+00
0.000000000000000000e+00
0.000000000000000000e+00
0.000000000000000000e+00
0.000000000000000000e+00
0.000000000000000000e+00
0.000000000000000000e+00
0.000000000000000000e+00
4.533450005772662550e+00
1.204956167982861004e+01
1.500678269864276437e+00
2.989035579654610419e+00
2.975236072815895749e+00
4.439597946137316953e+00
0.000000000000000000e+00
1.461243764860584493e+00
1.450024003277625040e+00
0.000000000000000000e+00
2.845238559429585923e+00
0.000000000000000000e+00
0.000000000000000000e+00
0.000000000000000000e+00
0.000000000000000000e+00
1.307719656795440555e+00
0.000000000000000000e+00
0.000000000000000000e+00
0.000000000000000000e+00
0.000000000000000000e+00
0.000000000000000000e+00
0.000000000000000000e+00
8.960553845713439269e-01
8.001600123562556677e-01
0.000000000000000000e+00
5.906318823794730610e-01
4.852825635592212805e-01
3.858302793476471870e-01
0.000000000000000000e+00
2.189080473647392056e-01
3.099934838478819454e-01
2.085909612770174559e-01
0.000000000000000000e+00
0.000000000000000000e+00
1.952876704141370823e-02
8.239559626510307641e-03
1.708980979565256214e-02
4.882812348417558089e-03
0.000000000000000000e+00
0.000000000000000000e+00
0.000000000000000000e+00
0.000000000000000000e+00
0.000000000000000000e+00
0.000000000000000000e+00
0.000000000000000000e+00
0.000000000000000000e+00
0.000000000000000000e+00
0.000000000000000000e+00
0.000000000000000000e+00
0.000000000000000000e+00
0.000000000000000000e+00
0.000000000000000000e+00
0.000000000000000000e+00
0.000000000000000000e+00
0.000000000000000000e+00
4.533450005772662550e+00
1.054336646985003334e+01
3.001356539728552875e+00
1.494517789827305210e+00
1.487618036407947875e+00
1.479865982045772466e+00
1.471127674303734700e+00
0.000000000000000000e+00
0.000000000000000000e+00
1.437240467635767294e+00
0.000000000000000000e+00
1.405830553902068791e+00
0.000000000000000000e+00
1.364076919001420141e+00
1.338054815040071732e+00
0.000000000000000000e+00
0.000000000000000000e+00
0.000000000000000000e+00
0.000000000000000000e+00
0.000000000000000000e+00
0.000000000000000000e+00
0.000000000000000000e+00
0.000000000000000000e+00
0.000000000000000000e+00
0.000000000000000000e+00
0.000000000000000000e+00
0.000000000000000000e+00
0.000000000000000000e+00
5.923968549451349430e-01
0.000000000000000000e+00
0.000000000000000000e+00
1.042954806385087280e-01
0.000000000000000000e+00
3.812848507827046318e-02
1.952876704141370823e-02
2.471867887953092119e-02
9.765605597515750538e-03
1.220703087104389522e-03
0.000000000000000000e+00
0.000000000000000000e+00
0.000000000000000000e+00
0.000000000000000000e+00
0.000000000000000000e+00
0.000000000000000000e+00
0.000000000000000000e+00
0.000000000000000000e+00
0.000000000000000000e+00
0.000000000000000000e+00
0.000000000000000000e+00
0.000000000000000000e+00
0.000000000000000000e+00
0.000000000000000000e+00
0.000000000000000000e+00
0.000000000000000000e+00
3.039281991600626842e+00
4.546836305209025042e+00
7.555750009621103658e+00
3.012390419957152510e+00
0.000000000000000000e+00
1.494517789827305210e+00
1.487618036407947875e+00
0.000000000000000000e+00
0.000000000000000000e+00
0.000000000000000000e+00
1.450024003277625040e+00
0.000000000000000000e+00
0.000000000000000000e+00
0.000000000000000000e+00
0.000000000000000000e+00
0.000000000000000000e+00
0.000000000000000000e+00
0.000000000000000000e+00
0.000000000000000000e+00
0.000000000000000000e+00
0.000000000000000000e+00
0.000000000000000000e+00
0.000000000000000000e+00
0.000000000000000000e+00
0.000000000000000000e+00
8.001600123562556677e-01
0.000000000000000000e+00
0.000000000000000000e+00
0.000000000000000000e+00
0.000000000000000000e+00
2.961984274725674715e-01
0.000000000000000000e+00
0.000000000000000000e+00
1.042954806385087280e-01
6.582274177809292748e-02
1.143854552348113895e-01
1.952876704141370823e-02
3.295823850604123056e-02
2.441401399378937635e-03
2.441406174208779045e-03
0.000000000000000000e+00
0.000000000000000000e+00
0.000000000000000000e+00
0.000000000000000000e+00
0.000000000000000000e+00
0.000000000000000000e+00
0.000000000000000000e+00
0.000000000000000000e+00
0.000000000000000000e+00
0.000000000000000000e+00
0.000000000000000000e+00
0.000000000000000000e+00
0.000000000000000000e+00
0.000000000000000000e+00
0.000000000000000000e+00
0.000000000000000000e+00
0.000000000000000000e+00
3.039281991600626842e+00
3.031224203472683065e+00
3.022300003848441552e+00
1.506195209978576255e+00
0.000000000000000000e+00
0.000000000000000000e+00
0.000000000000000000e+00
0.000000000000000000e+00
0.000000000000000000e+00
0.000000000000000000e+00
1.450024003277625040e+00
0.000000000000000000e+00
0.000000000000000000e+00
0.000000000000000000e+00
1.386476391214087167e+00
0.000000000000000000e+00
0.000000000000000000e+00
1.307719656795440555e+00
0.000000000000000000e+00
0.000000000000000000e+00
1.182041580245927204e+00
0.000000000000000000e+00
0.000000000000000000e+00
0.000000000000000000e+00
0.000000000000000000e+00
8.001600123562556677e-01
0.000000000000000000e+00
0.000000000000000000e+00
0.000000000000000000e+00
0.000000000000000000e+00
0.000000000000000000e+00
0.000000000000000000e+00
0.000000000000000000e+00
1.042954806385087280e-01
6.582274177809292748e-02
3.812848507827046318e-02
0.000000000000000000e+00
8.239559626510307641e-03
4.882802798757875269e-03
1.220703087104389522e-03
0.000000000000000000e+00
0.000000000000000000e+00
0.000000000000000000e+00
0.000000000000000000e+00
0.000000000000000000e+00
0.000000000000000000e+00
0.000000000000000000e+00
0.000000000000000000e+00
0.000000000000000000e+00
0.000000000000000000e+00
0.000000000000000000e+00
0.000000000000000000e+00
0.000000000000000000e+00
0.000000000000000000e+00
0.000000000000000000e+00
0.000000000000000000e+00
0.000000000000000000e+00
3.046575624854821029e+00
6.078563983201253684e+00
0.000000000000000000e+00
3.022300003848441552e+00
0.000000000000000000e+00
0.000000000000000000e+00
0.000000000000000000e+00
0.000000000000000000e+00
0.000000000000000000e+00
0.000000000000000000e+00
0.000000000000000000e+00
0.000000000000000000e+00
0.000000000000000000e+00
0.000000000000000000e+00
0.000000000000000000e+00
0.000000000000000000e+00
0.000000000000000000e+00
0.000000000000000000e+00
0.000000000000000000e+00
0.000000000000000000e+00
1.230715447488967884e+00
0.000000000000000000e+00
0.000000000000000000e+00
0.000000000000000000e+00
0.000000000000000000e+00
8.960553845713439269e-01
0.000000000000000000e+00
0.000000000000000000e+00
0.000000000000000000e+00
0.000000000000000000e+00
0.000000000000000000e+00
0.000000000000000000e+00
0.000000000000000000e+00
0.000000000000000000e+00
1.042954806385087280e-01
0.000000000000000000e+00
0.000000000000000000e+00
1.952876704141370823e-02
8.239559626510307641e-03
7.324204198136813337e-03
1.220703087104389522e-03
0.000000000000000000e+00
0.000000000000000000e+00
0.000000000000000000e+00
0.000000000000000000e+00
0.000000000000000000e+00
0.000000000000000000e+00
0.000000000000000000e+00
0.000000000000000000e+00
0.000000000000000000e+00
0.000000000000000000e+00
0.000000000000000000e+00
0.000000000000000000e+00
0.000000000000000000e+00
0.000000000000000000e+00
0.000000000000000000e+00
0.000000000000000000e+00
1.529605657132143248e+00
4.579789941790400221e+00
9.139726874564463088e+00
1.519640995800313421e+00
1.515612101736341533e+00
1.511150001924220776e+00
3.012390419957152510e+00
1.500678269864276437e+00
1.494517789827305210e+00
0.000000000000000000e+00
0.000000000000000000e+00
0.000000000000000000e+00
0.000000000000000000e+00
0.000000000000000000e+00
0.000000000000000000e+00
0.000000000000000000e+00
1.405830553902068791e+00
0.000000000000000000e+00
0.000000000000000000e+00
0.000000000000000000e+00
0.000000000000000000e+00
1.272255159682329495e+00
0.000000000000000000e+00
1.182041580245927204e+00
0.000000000000000000e+00
1.058888938575228922e+00
0.000000000000000000e+00
0.000000000000000000e+00
0.000000000000000000e+00
6.971348588680905678e-01
0.000000000000000000e+00
4.852825635592212805e-01
0.000000000000000000e+00
0.000000000000000000e+00
0.000000000000000000e+00
0.000000000000000000e+00
0.000000000000000000e+00
0.000000000000000000e+00
0.000000000000000000e+00
1.952876704141370823e-02
0.000000000000000000e+00
4.882802798757875269e-03
9.155273153282920875e-04
0.000000000000000000e+00
0.000000000000000000e+00
0.000000000000000000e+00
0.000000000000000000e+00
0.000000000000000000e+00
0.000000000000000000e+00
0.000000000000000000e+00
0.000000000000000000e+00
0.000000000000000000e+00
0.000000000000000000e+00
0.000000000000000000e+00
0.000000000000000000e+00
0.000000000000000000e+00
0.000000000000000000e+00
0.000000000000000000e+00
0.000000000000000000e+00
3.064695931934130702e+00
6.118422628528572993e+00
6.106386589053867553e+00
0.000000000000000000e+00
1.519640995800313421e+00
0.000000000000000000e+00
0.000000000000000000e+00
0.000000000000000000e+00
0.000000000000000000e+00
0.000000000000000000e+00
0.000000000000000000e+00
0.000000000000000000e+00
0.000000000000000000e+00
0.000000000000000000e+00
0.000000000000000000e+00
0.000000000000000000e+00
1.422619279714792961e+00
0.000000000000000000e+00
0.000000000000000000e+00
0.000000000000000000e+00
1.338054815040071732e+00
0.000000000000000000e+00
0.000000000000000000e+00
0.000000000000000000e+00
0.000000000000000000e+00
0.000000000000000000e+00
0.000000000000000000e+00
0.000000000000000000e+00
0.000000000000000000e+00
0.000000000000000000e+00
0.000000000000000000e+00
0.000000000000000000e+00
0.000000000000000000e+00
0.000000000000000000e+00
0.000000000000000000e+00
0.000000000000000000e+00
0.000000000000000000e+00
0.000000000000000000e+00
6.582274177809292748e-02
0.000000000000000000e+00
0.000000000000000000e+00
1.647911925302061528e-02
2.441401399378937635e-03
1.831054630656584175e-03
0.000000000000000000e+00
0.000000000000000000e+00
0.000000000000000000e+00
0.000000000000000000e+00
0.000000000000000000e+00
0.000000000000000000e+00
0.000000000000000000e+00
0.000000000000000000e+00
0.000000000000000000e+00
0.000000000000000000e+00
0.000000000000000000e+00
0.000000000000000000e+00
0.000000000000000000e+00
0.000000000000000000e+00
0.000000000000000000e+00
0.000000000000000000e+00
0.000000000000000000e+00
1.072643576176945679e+01
1.529605657132143248e+00
0.000000000000000000e+00
3.046575624854821029e+00
0.000000000000000000e+00
0.000000000000000000e+00
0.000000000000000000e+00
1.506195209978576255e+00
0.000000000000000000e+00
1.494517789827305210e+00
0.000000000000000000e+00
0.000000000000000000e+00
0.000000000000000000e+00
0.000000000000000000e+00
0.000000000000000000e+00
0.000000000000000000e+00
0.000000000000000000e+00
0.000000000000000000e+00
0.000000000000000000e+00
0.000000000000000000e+00
0.000000000000000000e+00
0.000000000000000000e+00
0.000000000000000000e+00
0.000000000000000000e+00
0.000000000000000000e+00
0.000000000000000000e+00
0.000000000000000000e+00
0.000000000000000000e+00
0.000000000000000000e+00
0.000000000000000000e+00
0.000000000000000000e+00
0.000000000000000000e+00
0.000000000000000000e+00
0.000000000000000000e+00
0.000000000000000000e+00
2.189080473647392056e-01
0.000000000000000000e+00
0.000000000000000000e+00
6.582274177809292748e-02
0.000000000000000000e+00
0.000000000000000000e+00
0.000000000000000000e+00
2.441401399378937635e-03
6.103515435521947611e-04
0.000000000000000000e+00
0.000000000000000000e+00
0.000000000000000000e+00
0.000000000000000000e+00
0.000000000000000000e+00
0.000000000000000000e+00
0.000000000000000000e+00
0.000000000000000000e+00
0.000000000000000000e+00
0.000000000000000000e+00
0.000000000000000000e+00
0.000000000000000000e+00
0.000000000000000000e+00
0.000000000000000000e+00
0.000000000000000000e+00
0.000000000000000000e+00
1.537144204738476017e+00
6.139409671137752156e+00
7.661739829835326532e+00
1.529605657132143248e+00
0.000000000000000000e+00
0.000000000000000000e+00
0.000000000000000000e+00
0.000000000000000000e+00
1.511150001924220776e+00
0.000000000000000000e+00
0.000000000000000000e+00
0.000000000000000000e+00
1.487618036407947875e+00
0.000000000000000000e+00
0.000000000000000000e+00
0.000000000000000000e+00
1.450024003277625040e+00
0.000000000000000000e+00
0.000000000000000000e+00
0.000000000000000000e+00
0.000000000000000000e+00
0.000000000000000000e+00
0.000000000000000000e+00
0.000000000000000000e+00
0.000000000000000000e+00
1.230715447488967884e+00
0.000000000000000000e+00
1.125116986457390666e+00
0.000000000000000000e+00
0.000000000000000000e+00
0.000000000000000000e+00
0.000000000000000000e+00
0.000000000000000000e+00
0.000000000000000000e+00
0.000000000000000000e+00
0.000000000000000000e+00
0.000000000000000000e+00
0.000000000000000000e+00
0.000000000000000000e+00
0.000000000000000000e+00
0.000000000000000000e+00
0.000000000000000000e+00
1.952876704141370823e-02
0.000000000000000000e+00
2.441401399378937635e-03
6.103515435521947611e-04
0.000000000000000000e+00
0.000000000000000000e+00
0.000000000000000000e+00
0.000000000000000000e+00
0.000000000000000000e+00
0.000000000000000000e+00
0.000000000000000000e+00
0.000000000000000000e+00
0.000000000000000000e+00
0.000000000000000000e+00
0.000000000000000000e+00
0.000000000000000000e+00
0.000000000000000000e+00
0.000000000000000000e+00
0.000000000000000000e+00
0.000000000000000000e+00
0.000000000000000000e+00
1.537144204738476017e+00
0.000000000000000000e+00
0.000000000000000000e+00
3.059211314264286496e+00
1.526596647263466888e+00
0.000000000000000000e+00
0.000000000000000000e+00
0.000000000000000000e+00
0.000000000000000000e+00
0.000000000000000000e+00
0.000000000000000000e+00
0.000000000000000000e+00
0.000000000000000000e+00
0.000000000000000000e+00
0.000000000000000000e+00
0.000000000000000000e+00
0.000000000000000000e+00
0.000000000000000000e+00
0.000000000000000000e+00
0.000000000000000000e+00
0.000000000000000000e+00
0.000000000000000000e+00
0.000000000000000000e+00
0.000000000000000000e+00
0.000000000000000000e+00
0.000000000000000000e+00
0.000000000000000000e+00
0.000000000000000000e+00
0.000000000000000000e+00
0.000000000000000000e+00
0.000000000000000000e+00
0.000000000000000000e+00
0.000000000000000000e+00
0.000000000000000000e+00
0.000000000000000000e+00
0.000000000000000000e+00
0.000000000000000000e+00
0.000000000000000000e+00
0.000000000000000000e+00
0.000000000000000000e+00
0.000000000000000000e+00
3.812848507827046318e-02
0.000000000000000000e+00
0.000000000000000000e+00
2.441401399378937635e-03
3.051757717760973806e-04
0.000000000000000000e+00
0.000000000000000000e+00
0.000000000000000000e+00
0.000000000000000000e+00
0.000000000000000000e+00
0.000000000000000000e+00
0.000000000000000000e+00
0.000000000000000000e+00
0.000000000000000000e+00
0.000000000000000000e+00
0.000000000000000000e+00
0.000000000000000000e+00
0.000000000000000000e+00
0.000000000000000000e+00
0.000000000000000000e+00
0.000000000000000000e+00
0.000000000000000000e+00
3.078490785631989635e+00
6.148576818953904066e+00
0.000000000000000000e+00
0.000000000000000000e+00
1.529605657132143248e+00
0.000000000000000000e+00
0.000000000000000000e+00
0.000000000000000000e+00
0.000000000000000000e+00
0.000000000000000000e+00
0.000000000000000000e+00
0.000000000000000000e+00
1.494517789827305210e+00
0.000000000000000000e+00
0.000000000000000000e+00
0.000000000000000000e+00
0.000000000000000000e+00
0.000000000000000000e+00
0.000000000000000000e+00
0.000000000000000000e+00
0.000000000000000000e+00
1.386476391214087167e+00
0.000000000000000000e+00
0.000000000000000000e+00
0.000000000000000000e+00
0.000000000000000000e+00
0.000000000000000000e+00
0.000000000000000000e+00
0.000000000000000000e+00
0.000000000000000000e+00
0.000000000000000000e+00
0.000000000000000000e+00
8.001600123562556677e-01
0.000000000000000000e+00
0.000000000000000000e+00
0.000000000000000000e+00
0.000000000000000000e+00
0.000000000000000000e+00
0.000000000000000000e+00
1.549967419239409727e-01
0.000000000000000000e+00
0.000000000000000000e+00
0.000000000000000000e+00
0.000000000000000000e+00
8.239559626510307641e-03
0.000000000000000000e+00
3.051757717760973806e-04
0.000000000000000000e+00
