# pd_vector
0.000000000000000000e+00
0.000000000000000000e+00
0.000000000000000000e+00
0.000000000000000000e+00
0.000000000000000000e+00
0.000000000000000000e+00
0.000000000000000000e+00
0.000000000000000000e+00
0.000000000000000000e+00
0.000000000000000000e+00
0.000000000000000000e+00
0.000000000000000000e+00
0.000000000000000000e+00
5.798339663745850393e-03
0.000000000000000000e+00
0.000000000000000000e+00
0.000000000000000000e+00
0.000000000000000000e+00
0.000000000000000000e+00
3.051757717760973654e-02
0.000000000000000000e+00
0.000000000000000000e+00
0.000000000000000000e+00
0.000000000000000000e+00
0.000000000000000000e+00
0.000000000000000000e+00
7.037353297156805354e-01
0.000000000000000000e+00
0.000000000000000000e+00
0.000000000000000000e+00
0.000000000000000000e+00
0.000000000000000000e+00
0.000000000000000000e+00
0.000000000000000000e+00
1.921081483330532969e+00
0.000000000000000000e+00
0.000000000000000000e+00
0.000000000000000000e+00
0.000000000000000000e+00
0.000000000000000000e+00
0.000000000000000000e+00
0.000000000000000000e+00
4.882802798757875373e-01
7.588805916756213854e+00
0.000000000000000000e+00
0.000000000000000000e+00
0.000000000000000000e+00
0.000000000000000000e+00
0.000000000000000000e+00
0.000000000000000000e+00
0.000000000000000000e+00
0.000000000000000000e+00
2.685541539316831372e+00
1.123748744411123468e+01
0.000000000000000000e+00
0.000000000000000000e+00
0.000000000000000000e+00
0.000000000000000000e+00
0.000000000000000000e+00
0.000000000000000000e+00
0.000000000000000000e+00
0.000000000000000000e+00
6.591647701208246390e-01
5.629871626967830167e+00
1.189849816577826047e+01
0.000000000000000000e+00
0.000000000000000000e+00
0.000000000000000000e+00
0.000000000000000000e+00
0.000000000000000000e+00
0.000000000000000000e+00
0.000000000000000000e+00
0.000000000000000000e+00
1.757589033727233740e-01
2.356514053181947954e+00
8.122542455733725575e+00
1.171325647231016909e+01
0.000000000000000000e+00
0.000000000000000000e+00
0.000000000000000000e+00
0.000000000000000000e+00
0.000000000000000000e+00
0.000000000000000000e+00
0.000000000000000000e+00
0.000000000000000000e+00
0.000000000000000000e+00
7.225643805323072044e-01
5.767691738557215508e+00
1.160642225264746941e+01
1.119049037525771517e+01
0.000000000000000000e+00
0.000000000000000000e+00
0.000000000000000000e+00
0.000000000000000000e+00
0.000000000000000000e+00
0.000000000000000000e+00
0.000000000000000000e+00
0.000000000000000000e+00
0.000000000000000000e+00
1.525139403130818527e-01
2.831671221004987693e+00
1.057959456043923474e+01
1.439206124933883757e+01
1.024475065852358924e+01
0.000000000000000000e+00
0.000000000000000000e+00
0.000000000000000000e+00
0.000000000000000000e+00
0.000000000000000000e+00
0.000000000000000000e+00
0.000000000000000000e+00
0.000000000000000000e+00
0.000000000000000000e+00
0.000000000000000000e+00
1.563267888209088907e+00
9.178520509464442867e+00
1.815998941682871859e+01
1.585934349036557833e+01
9.145507528586087176e+00
0.000000000000000000e+00
0.000000000000000000e+00
0.000000000000000000e+00
0.000000000000000000e+00
0.000000000000000000e+00
0.000000000000000000e+00
0.000000000000000000e+00
0.000000000000000000e+00
0.000000000000000000e+00
0.000000000000000000e+00
7.898729013371150742e-01
6.024300642366733349e+00
1.984122731407632756e+01
2.376288996285572708e+01
1.627194032686061931e+01
7.986755123152244451e+00
0.000000000000000000e+00
0.000000000000000000e+00
0.000000000000000000e+00
0.000000000000000000e+00
0.000000000000000000e+00
0.000000000000000000e+00
0.000000000000000000e+00
0.000000000000000000e+00
0.000000000000000000e+00
0.000000000000000000e+00
1.042954806385087280e-01
4.673414666244597448e+00
1.681466191951727396e+01
2.929315056212056234e+01
2.606172709865210280e+01
1.476559566344381480e+01
6.587219033787062195e+00
0.000000000000000000e+00
0.000000000000000000e+00
0.000000000000000000e+00
0.000000000000000000e+00
0.000000000000000000e+00
0.000000000000000000e+00
0.000000000000000000e+00
0.000000000000000000e+00
0.000000000000000000e+00
0.000000000000000000e+00
1.549967419239409727e-01
3.337455380432279295e+00
1.349366206450904926e+01
2.996898927152058434e+01
3.519083820862750400e+01
2.583101942910981563e+01
1.346921152037359981e+01
5.521850414516705996e+00
0.000000000000000000e+00
0.000000000000000000e+00
0.000000000000000000e+00
0.000000000000000000e+00
0.000000000000000000e+00
0.000000000000000000e+00
0.000000000000000000e+00
0.000000000000000000e+00
0.000000000000000000e+00
0.000000000000000000e+00
0.000000000000000000e+00
1.084977193467586698e+00
1.272404863789806484e+01
3.001517025081037460e+01
4.255138934734983991e+01
3.698748477643756161e+01
2.326851638526510868e+01
1.137937192250522855e+01
4.470519880748050845e+00
0.000000000000000000e+00
0.000000000000000000e+00
0.000000000000000000e+00
0.000000000000000000e+00
0.000000000000000000e+00
0.000000000000000000e+00
0.000000000000000000e+00
0.000000000000000000e+00
0.000000000000000000e+00
0.000000000000000000e+00
0.000000000000000000e+00
1.313448284188435178e+00
9.299804515436457919e+00
2.742971140792779394e+01
4.726072859667072379e+01
4.464845602665471347e+01
3.448780259513660695e+01
1.948655851669687777e+01
9.431133605800836150e+00
3.618469125949186793e+00
0.000000000000000000e+00
0.000000000000000000e+00
0.000000000000000000e+00
0.000000000000000000e+00
0.000000000000000000e+00
0.000000000000000000e+00
0.000000000000000000e+00
0.000000000000000000e+00
0.000000000000000000e+00
0.000000000000000000e+00
0.000000000000000000e+00
0.000000000000000000e+00
5.253793136753740711e+00
2.774441680438543401e+01
4.839310301626805000e+01
5.667338067093800902e+01
4.339021601907178649e+01
2.939079439732763177e+01
1.572107976738166712e+01
7.773422055622537741e+00
2.932433990996519579e+00
0.000000000000000000e+00
0.000000000000000000e+00
0.000000000000000000e+00
0.000000000000000000e+00
0.000000000000000000e+00
0.000000000000000000e+00
0.000000000000000000e+00
0.000000000000000000e+00
0.000000000000000000e+00
0.000000000000000000e+00
0.000000000000000000e+00
0.000000000000000000e+00
4.739174839561079544e+00
2.495551739958026971e+01
4.913396718988929024e+01
6.528897087970646851e+01
5.956958130917409733e+01
4.007303781726225367e+01
2.462577523922268696e+01
1.397429312656148248e+01
6.293932807598901391e+00
2.353515551937262806e+00
0.000000000000000000e+00
0.000000000000000000e+00
0.000000000000000000e+00
0.000000000000000000e+00
0.000000000000000000e+00
0.000000000000000000e+00
0.000000000000000000e+00
0.000000000000000000e+00
0.000000000000000000e+00
0.000000000000000000e+00
0.000000000000000000e+00
0.000000000000000000e+00
3.086642234781177496e+00
1.925289778571688615e+01
4.881649456233684248e+01
6.742358273691432657e+01
6.789635789566918334e+01
4.857718343223258017e+01
3.343868141364319513e+01
2.007557251857329206e+01
1.057135500081272461e+01
4.753408524590791551e+00
1.849060001191374036e+00
0.000000000000000000e+00
0.000000000000000000e+00
0.000000000000000000e+00
0.000000000000000000e+00
0.000000000000000000e+00
0.000000000000000000e+00
0.000000000000000000e+00
0.000000000000000000e+00
0.000000000000000000e+00
0.000000000000000000e+00
0.000000000000000000e+00
5.906318823794730610e-01
3.882260508473770244e+00
1.080324782173412146e+01
4.620695468572052533e+01
6.611023030415124424e+01
6.835356318845796864e+01
6.090856069288909680e+01
4.094174538597380320e+01
2.489790075611061226e+01
1.615029034324913582e+01
8.453788176799575282e+00
3.791496373235490047e+00
1.437988236608970904e+00
0.000000000000000000e+00
0.000000000000000000e+00
0.000000000000000000e+00
0.000000000000000000e+00
0.000000000000000000e+00
0.000000000000000000e+00
0.000000000000000000e+00
0.000000000000000000e+00
0.000000000000000000e+00
0.000000000000000000e+00
0.000000000000000000e+00
0.000000000000000000e+00
5.906318823794730610e-01
1.261734665253975329e+01
3.935468849346001008e+01
7.908498013517551328e+01
8.012034533549454807e+01
7.160849476886072296e+01
5.027042166776120524e+01
3.337213008149311122e+01
2.139008012890973021e+01
1.298663008254011686e+01
6.459814747184081440e+00
3.181146023390755584e+00
1.144714319932141233e+00
0.000000000000000000e+00
0.000000000000000000e+00
0.000000000000000000e+00
0.000000000000000000e+00
0.000000000000000000e+00
0.000000000000000000e+00
0.000000000000000000e+00
0.000000000000000000e+00
0.000000000000000000e+00
0.000000000000000000e+00
0.000000000000000000e+00
0.000000000000000000e+00
1.394269717736181136e+00
8.859478235692096248e+00
3.639619226694159693e+01
6.674863832714297018e+01
8.797093295935253821e+01
8.427959823542460072e+01
5.827877496340180841e+01
3.858932783624823060e+01
2.698732412901809852e+01
1.631899161349975813e+01
9.998728725203818612e+00
5.223880803207535450e+00
2.395014772790737823e+00
9.280395219711121690e-01
0.000000000000000000e+00
0.000000000000000000e+00
0.000000000000000000e+00
0.000000000000000000e+00
0.000000000000000000e+00
0.000000000000000000e+00
0.000000000000000000e+00
0.000000000000000000e+00
0.000000000000000000e+00
0.000000000000000000e+00
0.000000000000000000e+00
0.000000000000000000e+00
0.000000000000000000e+00
3.485674294340452839e+00
2.835033035421470515e+01
7.570407991523852331e+01
8.874096424995885002e+01
9.122911566155077878e+01
6.808040273043388879e+01
4.432906819024712064e+01
3.222730351729919818e+01
1.961517704987169353e+01
1.273491401614233531e+01
6.796010930411970463e+00
3.880832584086355119e+00
1.840816655131718882e+00
7.385253676981556881e-01
0.000000000000000000e+00
0.000000000000000000e+00
0.000000000000000000e+00
0.000000000000000000e+00
0.000000000000000000e+00
0.000000000000000000e+00
0.000000000000000000e+00
0.000000000000000000e+00
0.000000000000000000e+00
0.000000000000000000e+00
0.000000000000000000e+00
0.000000000000000000e+00
0.000000000000000000e+00
3.200640049425022671e+00
1.812550633057035299e+01
5.729129259080888659e+01
8.783614400421905088e+01
8.488266145648238137e+01
7.108762259341619938e+01
5.604046012537323662e+01
3.564925064250642350e+01
2.096339160834025606e+01
1.579745802674230326e+01
1.002779157558513212e+01
5.116536964850391556e+00
3.246386492845061422e+00
1.518551670413699206e+00
5.673217597317650185e-01
0.000000000000000000e+00
0.000000000000000000e+00
0.000000000000000000e+00
0.000000000000000000e+00
0.000000000000000000e+00
0.000000000000000000e+00
0.000000000000000000e+00
0.000000000000000000e+00
0.000000000000000000e+00
0.000000000000000000e+00
0.000000000000000000e+00
0.000000000000000000e+00
0.000000000000000000e+00
8.960553845713439269e-01
1.120224017298757957e+01
5.228511441510678992e+01
9.272920553357727158e+01
7.764521016947540488e+01
7.407941363474826346e+01
5.627770121978782214e+01
4.246816118875940305e+01
2.495447544975449716e+01
1.689586786343841496e+01
1.276961190495002718e+01
8.006981866436797546e+00
4.804076692187772224e+00
2.892085428905117883e+00
1.323239558463384258e+00
4.873657075264274940e-01
0.000000000000000000e+00
0.000000000000000000e+00
0.000000000000000000e+00
0.000000000000000000e+00
0.000000000000000000e+00
0.000000000000000000e+00
0.000000000000000000e+00
0.000000000000000000e+00
0.000000000000000000e+00
0.000000000000000000e+00
0.000000000000000000e+00
0.000000000000000000e+00
0.000000000000000000e+00
0.000000000000000000e+00
6.272387691999407267e+00
4.400880067959406006e+01
9.411320594719222754e+01
9.686362871023358423e+01
8.249803580506761591e+01
7.253609251735767316e+01
4.265257355604971679e+01
2.495551739958026971e+01
2.479947870783055563e+01
1.564432209577630850e+01
8.886070140042544807e+00
5.833658216975380562e+00
3.534706834495881189e+00
1.895098714097370740e+00
9.179669261664805680e-01
3.863525270685392865e-01
0.000000000000000000e+00
0.000000000000000000e+00
0.000000000000000000e+00
0.000000000000000000e+00
0.000000000000000000e+00
0.000000000000000000e+00
0.000000000000000000e+00
0.000000000000000000e+00
0.000000000000000000e+00
0.000000000000000000e+00
0.000000000000000000e+00
0.000000000000000000e+00
0.000000000000000000e+00
1.058888938575228922e+00
6.878109550818169993e+00
3.763432615199644715e+01
8.161632126033808277e+01
9.829601510040076562e+01
7.737277659171097355e+01
6.696899377117253493e+01
4.629963352171765933e+01
3.287802544945498795e+01
2.101517254701496284e+01
1.673964812778562461e+01
8.865115854273241780e+00
5.924046760028363501e+00
4.994831545253430427e+00
2.616854783549436902e+00
1.524318530904406943e+00
7.299790184143023497e-01
3.002929594276798064e-01
0.000000000000000000e+00
0.000000000000000000e+00
0.000000000000000000e+00
0.000000000000000000e+00
0.000000000000000000e+00
0.000000000000000000e+00
0.000000000000000000e+00
0.000000000000000000e+00
0.000000000000000000e+00
0.000000000000000000e+00
0.000000000000000000e+00
0.000000000000000000e+00
0.000000000000000000e+00
0.000000000000000000e+00
4.235555754300915687e+00
1.768656741638957897e+01
7.168443076570751771e+01
1.072214416557382606e+02
6.762208131020479129e+01
6.024445200270625378e+01
4.949882148304057239e+01
2.623645899564001027e+01
2.043769149560715448e+01
1.576137941026122213e+01
1.394970677315468777e+01
6.779206241503067609e+00
5.265819342247434420e+00
3.660334567513964465e+00
2.519210948342368361e+00
1.343048219121180109e+00
6.103503498447344633e-01
2.389526293006842550e-01
0.000000000000000000e+00
0.000000000000000000e+00
0.000000000000000000e+00
0.000000000000000000e+00
0.000000000000000000e+00
0.000000000000000000e+00
0.000000000000000000e+00
0.000000000000000000e+00
0.000000000000000000e+00
0.000000000000000000e+00
0.000000000000000000e+00
0.000000000000000000e+00
0.000000000000000000e+00
0.000000000000000000e+00
2.250233972914781333e+00
1.588333407862843316e+01
6.386816011474014942e+01
8.064498461142095209e+01
9.121824140861315300e+01
7.459342989888568809e+01
4.725055059035784666e+01
3.736675739406003771e+01
2.855144067172589217e+01
1.688331036593634593e+01
1.619919550499070127e+01
8.834814289664635112e+00
5.631955954479471060e+00
4.015187248463668368e+00
3.317178201809530158e+00
1.933347937099957115e+00
1.038184512940298676e+00
4.565420616838613554e-01
1.739501899123755135e-01
0.000000000000000000e+00
0.000000000000000000e+00
0.000000000000000000e+00
0.000000000000000000e+00
0.000000000000000000e+00
0.000000000000000000e+00
0.000000000000000000e+00
0.000000000000000000e+00
0.000000000000000000e+00
0.000000000000000000e+00
0.000000000000000000e+00
0.000000000000000000e+00
0.000000000000000000e+00
0.000000000000000000e+00
0.000000000000000000e+00
2.475257370206259466e+01
6.353333631451373265e+01
7.467661798031156195e+01
7.795681845770691609e+01
6.161232095143168408e+01
5.089084469737061056e+01
4.016296800180416682e+01
2.620525843219795092e+01
1.504738089455823946e+01
1.392132609121067155e+01
8.318505799860089311e+00
7.439843612349166690e+00
4.380410186817366380e+00
3.554428056017018278e+00
2.058938194226604956e+00
1.367013692898959576e+00
8.486746415305617131e-01
4.101554350956615469e-01
1.550292920622574622e-01
0.000000000000000000e+00
0.000000000000000000e+00
0.000000000000000000e+00
0.000000000000000000e+00
0.000000000000000000e+00
0.000000000000000000e+00
0.000000000000000000e+00
0.000000000000000000e+00
0.000000000000000000e+00
0.000000000000000000e+00
0.000000000000000000e+00
0.000000000000000000e+00
0.000000000000000000e+00
0.000000000000000000e+00
2.461430894977935768e+00
2.127674844442669055e+01
5.963120028224170710e+01
9.318222659462014690e+01
8.941542416063620635e+01
6.451598768913676452e+01
4.880976075373159517e+01
2.927966407245980207e+01
2.008148400090208341e+01
1.504375947033586058e+01
1.350405977716765094e+01
6.812563831869051789e+00
6.786149468306915011e+00
4.959895741566111127e+00
3.546046341709296890e+00
2.567086929345624213e+00
1.906424253913523215e+00
1.035024653194926536e+00
5.850087334822318130e-01
3.344719917149144295e-01
1.202392540797823650e-01
0.000000000000000000e+00
0.000000000000000000e+00
0.000000000000000000e+00
0.000000000000000000e+00
0.000000000000000000e+00
0.000000000000000000e+00
0.000000000000000000e+00
0.000000000000000000e+00
0.000000000000000000e+00
0.000000000000000000e+00
0.000000000000000000e+00
0.000000000000000000e+00
0.000000000000000000e+00
0.000000000000000000e+00
0.000000000000000000e+00
6.153577237444839199e+00
4.018941372836152226e+01
7.425772110618778754e+01
6.882778100738987348e+01
6.092039887867521486e+01
4.928304615142391754e+01
2.800560043246894892e+01
1.812550633057035299e+01
1.653769270662524704e+01
1.213206408898053112e+01
9.259926704343532933e+00
7.404960686814186843e+00
3.940344852565305533e+00
3.564925064250642261e+00
3.233159899793770720e+00
1.974682253342787908e+00
9.913406120350320982e-01
9.764383520706854114e-01
5.108526968436390980e-01
2.783197595291989068e-01
1.037597624038731070e-01
0.000000000000000000e+00
0.000000000000000000e+00
0.000000000000000000e+00
0.000000000000000000e+00
0.000000000000000000e+00
0.000000000000000000e+00
0.000000000000000000e+00
0.000000000000000000e+00
0.000000000000000000e+00
0.000000000000000000e+00
0.000000000000000000e+00
0.000000000000000000e+00
0.000000000000000000e+00
0.000000000000000000e+00
0.000000000000000000e+00
5.089020638729317980e+00
2.953717073973523100e+01
6.855841165426377870e+01
6.413166822807126266e+01
5.506222480591190305e+01
3.635572191146746945e+01
3.225799384456838226e+01
2.240448034597515914e+01
1.951977604830653590e+01
1.122200576520998894e+01
1.067621639830286817e+01
6.173284469562354992e+00
7.404960686814186843e+00
3.502528757835827289e+00
3.409928322326701178e+00
2.190205093408683190e+00
1.513923060896137374e+00
9.913406120350320982e-01
8.006794486979620373e-01
4.119779813255153855e-01
1.708980979565256353e-01
8.819579804329213957e-02
0.000000000000000000e+00
0.000000000000000000e+00
0.000000000000000000e+00
0.000000000000000000e+00
0.000000000000000000e+00
0.000000000000000000e+00
0.000000000000000000e+00
0.000000000000000000e+00
0.000000000000000000e+00
0.000000000000000000e+00
0.000000000000000000e+00
0.000000000000000000e+00
0.000000000000000000e+00
0.000000000000000000e+00
0.000000000000000000e+00
2.615439313590881110e+00
3.053412383237590788e+01
6.153577237444839199e+01
6.855841165426377870e+01
5.175538137703996711e+01
3.494333497298255509e+01
2.259950280983112947e+01
1.433688615314150283e+01
1.760352027183762402e+01
1.324556231849372168e+01
7.087582588553676288e+00
5.823390762710655366e+00
6.559114748910002568e+00
4.146777984615944490e+00
4.815977042024262467e+00
2.014957645011232756e+00
1.564432209577630850e+00
1.250632093783765608e+00
7.244412164871387727e-01
4.101041078696878728e-01
3.872593024459844435e-01
1.391598797645994534e-01
6.561279093186093980e-02
0.000000000000000000e+00
0.000000000000000000e+00
0.000000000000000000e+00
0.000000000000000000e+00
0.000000000000000000e+00
0.000000000000000000e+00
0.000000000000000000e+00
0.000000000000000000e+00
0.000000000000000000e+00
0.000000000000000000e+00
0.000000000000000000e+00
0.000000000000000000e+00
0.000000000000000000e+00
0.000000000000000000e+00
0.000000000000000000e+00
5.352219260160286929e+00
2.876983244949969176e+01
5.852373734538715411e+01
5.045933334704768214e+01
4.964574637032894344e+01
3.937909452600867155e+01
2.753111240295595152e+01
2.161691573114281795e+01
9.856609230284783862e+00
1.360272021005634713e+01
9.062753165285176493e+00
3.543791294276838144e+00
5.338108199151434086e+00
4.629963352171766466e+00
2.369587419780539772e+00
2.189080473647392111e+00
1.704964161163350589e+00
1.355841248300613477e+00
1.053163868449486840e+00
7.244412164871387727e-01
5.077479430767564139e-01
2.554263484218195490e-01
1.611324923590098934e-01
5.737304509390631080e-02
0.000000000000000000e+00
0.000000000000000000e+00
0.000000000000000000e+00
0.000000000000000000e+00
0.000000000000000000e+00
0.000000000000000000e+00
0.000000000000000000e+00
0.000000000000000000e+00
0.000000000000000000e+00
0.000000000000000000e+00
0.000000000000000000e+00
0.000000000000000000e+00
0.000000000000000000e+00
0.000000000000000000e+00
0.000000000000000000e+00
5.456307676005680563e+00
2.140887704064114772e+01
5.492422558540850019e+01
4.707344090824619087e+01
3.199860163471316454e+01
2.718695634565632702e+01
1.800187178331825066e+01
1.270666726290274795e+01
1.375621910163633999e+01
9.856609230284783862e+00
1.360272021005634713e+01
6.971348588680905678e+00
6.496950706174203560e+00
9.705651271184425610e-01
4.629963352171766466e+00
2.073388992307972245e+00
1.751264378917913644e+00
1.704964161163350589e+00
1.460136728939122275e+00
5.265819342247434198e-01
4.575418209392455582e-01
2.538739715383782070e-01
1.647911925302061598e-01
1.293942741670836838e-01
3.723144415668388357e-02
0.000000000000000000e+00
0.000000000000000000e+00
0.000000000000000000e+00
0.000000000000000000e+00
0.000000000000000000e+00
0.000000000000000000e+00
0.000000000000000000e+00
0.000000000000000000e+00
0.000000000000000000e+00
0.000000000000000000e+00
0.000000000000000000e+00
0.000000000000000000e+00
0.000000000000000000e+00
0.000000000000000000e+00
0.000000000000000000e+00
0.000000000000000000e+00
6.820384595007100259e+00
5.352219260160286751e+01
3.530843073347689653e+01
2.417284803396426085e+01
2.830645529224626245e+01
2.245879002467261643e+01
1.800187178331825066e+01
9.530000447177060963e+00
8.843283708194789483e+00
2.688166153714031559e+00
4.800960074137534228e+00
2.788539435472362271e+00
4.725055059035784488e+00
3.396977944914548964e+00
2.700811955433530365e+00
3.554381129670809436e+00
1.094540236823696056e+00
1.239973935391527782e+00
5.214774031925436537e-01
5.924046760028363057e-01
4.194133358609750672e-01
3.124602726626193316e-01
1.895098714097370740e-01
7.812484478012600431e-02
3.295898335181851602e-02
0.000000000000000000e+00
0.000000000000000000e+00
0.000000000000000000e+00
0.000000000000000000e+00
0.000000000000000000e+00
0.000000000000000000e+00
0.000000000000000000e+00
0.000000000000000000e+00
0.000000000000000000e+00
0.000000000000000000e+00
0.000000000000000000e+00
0.000000000000000000e+00
0.000000000000000000e+00
0.000000000000000000e+00
0.000000000000000000e+00
1.405830553902068791e+00
1.386476391214087123e+01
4.365046140804544450e+01
3.880358963616208001e+01
2.876983244949969176e+01
2.035608255491727192e+01
1.599930081735658227e+01
1.300245738270519880e+01
1.125116986457390666e+00
6.353333631451373975e+00
2.947761236064930124e+00
4.480276922856719857e+00
4.000800061781278671e+00
5.577078870944724542e+00
2.953159411897365416e+00
2.426412817796106403e+00
2.700811955433530365e+00
2.073388992307972245e+00
1.094540236823696056e+00
6.199869676957638909e-01
8.343638451080698237e-01
1.316454835561858550e-01
5.337987910957864290e-01
2.734027385797919152e-01
1.153538347711443035e-01
8.300764757888387524e-02
2.716064368807266649e-02
0.000000000000000000e+00
0.000000000000000000e+00
0.000000000000000000e+00
0.000000000000000000e+00
0.000000000000000000e+00
0.000000000000000000e+00
0.000000000000000000e+00
0.000000000000000000e+00
0.000000000000000000e+00
0.000000000000000000e+00
0.000000000000000000e+00
0.000000000000000000e+00
0.000000000000000000e+00
0.000000000000000000e+00
0.000000000000000000e+00
0.000000000000000000e+00
9.840813877314481317e+00
2.495657504185356856e+01
3.955823065104118541e+01
2.943720593088157855e+01
2.353895382231792865e+01
7.633530958093976970e+00
1.353786992237864695e+01
9.456332641967417629e+00
2.250233972914781333e+00
2.117777877150457844e+00
2.947761236064930124e+00
8.960553845713439269e-01
4.000800061781278671e+00
1.394269717736181136e+00
1.771895647138419072e+00
2.426412817796106403e+00
0.000000000000000000e+00
8.885952824177023590e-01
1.532356331553174522e+00
7.749837096197048636e-01
7.300683644695611374e-01
2.632909671123717099e-01
2.668993955478932145e-01
1.952876704141370823e-01
9.887471551812368475e-02
5.859363358509450670e-02
1.708984321946145288e-02
0.000000000000000000e+00
0.000000000000000000e+00
0.000000000000000000e+00
0.000000000000000000e+00
0.000000000000000000e+00
0.000000000000000000e+00
0.000000000000000000e+00
0.000000000000000000e+00
0.000000000000000000e+00
0.000000000000000000e+00
0.000000000000000000e+00
0.000000000000000000e+00
0.000000000000000000e+00
0.000000000000000000e+00
0.000000000000000000e+00
0.000000000000000000e+00
9.958334958003550952e+00
2.108745830853103342e+01
3.604838617156626412e+01
2.455338454202556164e+01
2.408498667072129251e+01
9.154037597568084550e+00
1.145029643714096501e+01
3.692146342466903874e+00
4.728166320983708815e+00
3.375350959372171999e+00
5.294444692876144387e+00
0.000000000000000000e+00
2.688166153714031559e+00
1.600320024712511335e+00
2.091404576604271703e+00
3.543791294276838144e+00
1.941130254236885122e+00
1.543321117390588748e+00
5.923968549451349430e-01
6.567241420942175889e-01
7.749837096197048636e-01
4.171819225540349119e-01
3.949364506685575371e-01
1.143854552348113895e-01
7.811506816565483291e-02
8.239559626510307988e-02
2.685541539316831441e-02
2.258300711143120670e-02
0.000000000000000000e+00
0.000000000000000000e+00
0.000000000000000000e+00
0.000000000000000000e+00
0.000000000000000000e+00
0.000000000000000000e+00
0.000000000000000000e+00
0.000000000000000000e+00
0.000000000000000000e+00
0.000000000000000000e+00
0.000000000000000000e+00
0.000000000000000000e+00
0.000000000000000000e+00
0.000000000000000000e+00
0.000000000000000000e+00
2.900048006555250080e+00
1.006068327345037083e+01
1.849405063629230739e+01
3.233410273974758553e+01
2.357009865063948340e+01
1.364076919001420052e+01
9.366383705280501459e+00
3.923158970386321442e+00
6.361275798411647031e+00
3.692146342466903874e+00
2.364083160491854407e+00
4.500467945829562666e+00
2.117777877150457844e+00
9.825870786883099672e-01
1.792110769142687854e+00
8.001600123562556677e-01
2.091404576604271703e+00
5.906318823794730610e-01
1.941130254236885122e+00
7.716605586952943741e-01
8.885952824177023590e-01
2.189080473647392056e-01
4.649902257718229182e-01
3.128864419155261700e-01
1.316454835561858550e-01
1.906424253913523159e-01
1.952876704141370823e-01
8.239559626510307988e-02
2.685541539316831441e-02
1.556396436058096570e-02
0.000000000000000000e+00
0.000000000000000000e+00
0.000000000000000000e+00
0.000000000000000000e+00
0.000000000000000000e+00
0.000000000000000000e+00
0.000000000000000000e+00
0.000000000000000000e+00
0.000000000000000000e+00
0.000000000000000000e+00
0.000000000000000000e+00
0.000000000000000000e+00
0.000000000000000000e+00
0.000000000000000000e+00
0.000000000000000000e+00
0.000000000000000000e+00
7.250120016388125421e+00
2.299584748217227670e+01
3.556548199286982737e+01
2.249328886243310066e+01
1.109181112971269734e+01
8.184461514008521732e+00
4.014164445120215419e+00
5.230878627181762219e+00
1.272255159682329495e+00
3.692146342466903874e+00
1.182041580245927204e+00
1.125116986457390666e+00
1.058888938575228922e+00
1.965174157376619934e+00
2.688166153714031559e+00
8.001600123562556677e-01
0.000000000000000000e+00
1.181263764758946122e+00
0.000000000000000000e+00
7.716605586952943741e-01
8.885952824177023590e-01
2.189080473647392056e-01
3.099934838478819454e-01
2.085909612770174559e-01
6.582274177809292748e-02
1.143854552348113895e-01
9.764383520706854114e-02
7.415603663859277050e-02
2.929681679254725335e-02
1.068115201216340848e-02
0.000000000000000000e+00
0.000000000000000000e+00
0.000000000000000000e+00
0.000000000000000000e+00
0.000000000000000000e+00
0.000000000000000000e+00
0.000000000000000000e+00
0.000000000000000000e+00
0.000000000000000000e+00
0.000000000000000000e+00
0.000000000000000000e+00
0.000000000000000000e+00
0.000000000000000000e+00
0.000000000000000000e+00
0.000000000000000000e+00
0.000000000000000000e+00
0.000000000000000000e+00
1.885031204260912574e+01
2.299584748217227670e+01
1.422619279714792917e+01
7.029152769510344179e+00
0.000000000000000000e+00
5.456307676005680563e+00
9.366383705280501459e+00
0.000000000000000000e+00
1.272255159682329495e+00
2.461430894977935768e+00
1.182041580245927204e+00
2.250233972914781333e+00
2.117777877150457844e+00
9.825870786883099672e-01
0.000000000000000000e+00
0.000000000000000000e+00
6.971348588680905678e-01
0.000000000000000000e+00
0.000000000000000000e+00
3.858302793476471870e-01
5.923968549451349430e-01
6.567241420942175889e-01
3.099934838478819454e-01
0.000000000000000000e+00
1.974682253342787686e-01
1.525139403130818527e-01
5.858630112424112468e-02
3.295823850604123056e-02
2.685541539316831441e-02
6.408691207298045263e-03
0.000000000000000000e+00
0.000000000000000000e+00
0.000000000000000000e+00
0.000000000000000000e+00
0.000000000000000000e+00
0.000000000000000000e+00
0.000000000000000000e+00
0.000000000000000000e+00
0.000000000000000000e+00
0.000000000000000000e+00
0.000000000000000000e+00
0.000000000000000000e+00
0.000000000000000000e+00
0.000000000000000000e+00
0.000000000000000000e+00
0.000000000000000000e+00
5.884510697214938801e+00
1.461243764860584449e+01
2.320038405244200064e+01
2.155860701453650918e+01
1.280357351743313643e+01
8.434983323412412304e+00
9.705334738498610392e+00
5.456307676005680563e+00
5.352219260160286929e+00
1.307719656795440555e+00
2.544510319364658990e+00
1.230715447488967884e+00
0.000000000000000000e+00
0.000000000000000000e+00
1.058888938575228922e+00
1.965174157376619934e+00
8.960553845713439269e-01
1.600320024712511335e+00
6.971348588680905678e-01
1.181263764758946122e+00
9.705651271184425610e-01
0.000000000000000000e+00
0.000000000000000000e+00
4.378160947294784111e-01
0.000000000000000000e+00
2.085909612770174559e-01
1.974682253342787686e-01
7.625697015654092636e-02
1.952876704141370823e-02
1.647911925302061528e-02
1.708980979565256214e-02
6.713866979074142698e-03
0.000000000000000000e+00
0.000000000000000000e+00
0.000000000000000000e+00
0.000000000000000000e+00
0.000000000000000000e+00
0.000000000000000000e+00
0.000000000000000000e+00
0.000000000000000000e+00
0.000000000000000000e+00
0.000000000000000000e+00
0.000000000000000000e+00
0.000000000000000000e+00
0.000000000000000000e+00
0.000000000000000000e+00
0.000000000000000000e+00
0.000000000000000000e+00
5.919463928183089863e+00
1.765353209164481640e+01
1.899616894318759819e+01
1.305021602949862469e+01
8.623442805814603318e+00
2.845238559429585923e+00
0.000000000000000000e+00
1.386476391214087167e+00
1.364076919001420141e+00
1.338054815040071732e+00
0.000000000000000000e+00
1.272255159682329495e+00
0.000000000000000000e+00
0.000000000000000000e+00
1.125116986457390666e+00
0.000000000000000000e+00
0.000000000000000000e+00
8.960553845713439269e-01
8.001600123562556677e-01
6.971348588680905678e-01
0.000000000000000000e+00
4.852825635592212805e-01
3.858302793476471870e-01
2.961984274725674715e-01
4.378160947294784111e-01
1.549967419239409727e-01
2.085909612770174559e-01
0.000000000000000000e+00
1.143854552348113895e-01
5.858630112424112468e-02
6.591647701208246113e-02
7.324204198136813337e-03
6.713866979074142698e-03
0.000000000000000000e+00
0.000000000000000000e+00
0.000000000000000000e+00
0.000000000000000000e+00
0.000000000000000000e+00
0.000000000000000000e+00
0.000000000000000000e+00
0.000000000000000000e+00
0.000000000000000000e+00
0.000000000000000000e+00
0.000000000000000000e+00
0.000000000000000000e+00
0.000000000000000000e+00
0.000000000000000000e+00
0.000000000000000000e+00
0.000000000000000000e+00
1.487618036407947875e+00
1.775839178454926781e+01
2.942255348607469401e+01
1.022870635402409079e+01
7.250120016388125421e+00
5.748961870543069175e+00
0.000000000000000000e+00
1.405830553902068791e+00
0.000000000000000000e+00
1.364076919001420141e+00
0.000000000000000000e+00
0.000000000000000000e+00
0.000000000000000000e+00
0.000000000000000000e+00
1.182041580245927204e+00
0.000000000000000000e+00
0.000000000000000000e+00
0.000000000000000000e+00
8.960553845713439269e-01
0.000000000000000000e+00
6.971348588680905678e-01
1.181263764758946122e+00
4.852825635592212805e-01
0.000000000000000000e+00
0.000000000000000000e+00
0.000000000000000000e+00
4.649902257718229182e-01
1.042954806385087280e-01
6.582274177809292748e-02
7.625697015654092636e-02
5.858630112424112468e-02
0.000000000000000000e+00
9.765605597515750538e-03
4.577636576641460654e-03
0.000000000000000000e+00
0.000000000000000000e+00
0.000000000000000000e+00
0.000000000000000000e+00
0.000000000000000000e+00
0.000000000000000000e+00
0.000000000000000000e+00
0.000000000000000000e+00
0.000000000000000000e+00
0.000000000000000000e+00
0.000000000000000000e+00
0.000000000000000000e+00
0.000000000000000000e+00
0.000000000000000000e+00
0.000000000000000000e+00
0.000000000000000000e+00
2.989035579654610419e+00
1.041332625485563490e+01
7.399329910228862772e+00
4.413383022911204101e+00
5.844975059442337972e+00
2.900048006555250080e+00
2.874480935271534587e+00
0.000000000000000000e+00
0.000000000000000000e+00
0.000000000000000000e+00
1.364076919001420141e+00
0.000000000000000000e+00
2.615439313590881110e+00
1.272255159682329495e+00
0.000000000000000000e+00
1.182041580245927204e+00
1.125116986457390666e+00
0.000000000000000000e+00
0.000000000000000000e+00
8.960553845713439269e-01
0.000000000000000000e+00
0.000000000000000000e+00
5.906318823794730610e-01
0.000000000000000000e+00
0.000000000000000000e+00
5.923968549451349430e-01
0.000000000000000000e+00
1.549967419239409727e-01
1.042954806385087280e-01
0.000000000000000000e+00
0.000000000000000000e+00
3.905753408282741646e-02
4.119779813255153994e-02
2.441401399378937635e-03
3.662109261313168350e-03
0.000000000000000000e+00
0.000000000000000000e+00
0.000000000000000000e+00
0.000000000000000000e+00
0.000000000000000000e+00
0.000000000000000000e+00
0.000000000000000000e+00
0.000000000000000000e+00
0.000000000000000000e+00
0.000000000000000000e+00
0.000000000000000000e+00
0.000000000000000000e+00
0.000000000000000000e+00
0.000000000000000000e+00
0.000000000000000000e+00
0.000000000000000000e+00
3.001356539728552875e+00
1.942873126775496928e+01
1.636379840048742551e+01
7.399329910228862772e+00
1.471127674303734700e+00
1.461243764860584493e+00
1.450024003277625040e+00
4.311721402907301659e+00
5.690477118859171846e+00
1.405830553902068791e+00
1.386476391214087167e+00
1.364076919001420141e+00
0.000000000000000000e+00
0.000000000000000000e+00
0.000000000000000000e+00
0.000000000000000000e+00
0.000000000000000000e+00
1.125116986457390666e+00
0.000000000000000000e+00
0.000000000000000000e+00
0.000000000000000000e+00
8.001600123562556677e-01
0.000000000000000000e+00
0.000000000000000000e+00
0.000000000000000000e+00
3.858302793476471870e-01
0.000000000000000000e+00
0.000000000000000000e+00
0.000000000000000000e+00
0.000000000000000000e+00
0.000000000000000000e+00
3.812848507827046318e-02
0.000000000000000000e+00
8.239559626510307641e-03
4.882802798757875269e-03
4.577636576641460654e-03
0.000000000000000000e+00
0.000000000000000000e+00
0.000000000000000000e+00
0.000000000000000000e+00
0.000000000000000000e+00
0.000000000000000000e+00
0.000000000000000000e+00
0.000000000000000000e+00
0.000000000000000000e+00
0.000000000000000000e+00
0.000000000000000000e+00
0.000000000000000000e+00
0.000000000000000000e+00
0.000000000000000000e+00
0.000000000000000000e+00
0.000000000000000000e+00
1.506195209978576255e+00
4.502034809592829312e+00
4.483553369481915851e+00
7.438090182039739595e+00
2.959731964091544931e+00
2.942255348607469401e+00
0.000000000000000000e+00
0.000000000000000000e+00
1.437240467635767294e+00
0.000000000000000000e+00
0.000000000000000000e+00
0.000000000000000000e+00
0.000000000000000000e+00
0.000000000000000000e+00
1.307719656795440555e+00
0.000000000000000000e+00
0.000000000000000000e+00
0.000000000000000000e+00
0.000000000000000000e+00
1.058888938575228922e+00
0.000000000000000000e+00
0.000000000000000000e+00
0.000000000000000000e+00
0.000000000000000000e+00
5.906318823794730610e-01
4.852825635592212805e-01
3.858302793476471870e-01
0.000000000000000000e+00
0.000000000000000000e+00
1.549967419239409727e-01
1.042954806385087280e-01
6.582274177809292748e-02
0.000000000000000000e+00
0.000000000000000000e+00
2.471867887953092119e-02
1.220700699689468774e-02
2.136230402432681610e-03
0.000000000000000000e+00
0.000000000000000000e+00
0.000000000000000000e+00
0.000000000000000000e+00
0.000000000000000000e+00
0.000000000000000000e+00
0.000000000000000000e+00
0.000000000000000000e+00
0.000000000000000000e+00
0.000000000000000000e+00
0.000000000000000000e+00
0.000000000000000000e+00
0.000000000000000000e+00
0.000000000000000000e+00
0.000000000000000000e+00
0.000000000000000000e+00
3.022300003848441552e+00
4.518585629935728321e+00
1.050474788904993417e+01
7.472588949136525827e+00
4.462854109223843402e+00
1.479865982045772466e+00
0.000000000000000000e+00
2.922487529721168986e+00
1.450024003277625040e+00
1.437240467635767294e+00
0.000000000000000000e+00
1.405830553902068791e+00
0.000000000000000000e+00
0.000000000000000000e+00
0.000000000000000000e+00
0.000000000000000000e+00
1.272255159682329495e+00
0.000000000000000000e+00
1.182041580245927204e+00
0.000000000000000000e+00
0.000000000000000000e+00
0.000000000000000000e+00
0.000000000000000000e+00
0.000000000000000000e+00
0.000000000000000000e+00
5.906318823794730610e-01
0.000000000000000000e+00
0.000000000000000000e+00
0.000000000000000000e+00
0.000000000000000000e+00
0.000000000000000000e+00
1.042954806385087280e-01
0.000000000000000000e+00
3.812848507827046318e-02
0.000000000000000000e+00
3.295823850604123056e-02
1.220700699689468774e-02
2.746581945984876479e-03
0.000000000000000000e+00
0.000000000000000000e+00
0.000000000000000000e+00
0.000000000000000000e+00
0.000000000000000000e+00
0.000000000000000000e+00
0.000000000000000000e+00
0.000000000000000000e+00
0.000000000000000000e+00
0.000000000000000000e+00
0.000000000000000000e+00
0.000000000000000000e+00
0.000000000000000000e+00
0.000000000000000000e+00
0.000000000000000000e+00
0.000000000000000000e+00
0.000000000000000000e+00
7.555750009621103658e+00
9.037171259871456641e+00
4.502034809592829312e+00
2.989035579654610419e+00
1.487618036407947875e+00
0.000000000000000000e+00
1.471127674303734700e+00
1.461243764860584493e+00
0.000000000000000000e+00
1.437240467635767294e+00
0.000000000000000000e+00
0.000000000000000000e+00
0.000000000000000000e+00
0.000000000000000000e+00
0.000000000000000000e+00
0.000000000000000000e+00
0.000000000000000000e+00
0.000000000000000000e+00
0.000000000000000000e+00
0.000000000000000000e+00
0.000000000000000000e+00
0.000000000000000000e+00
0.000000000000000000e+00
8.001600123562556677e-01
0.000000000000000000e+00
5.906318823794730610e-01
4.852825635592212805e-01
0.000000000000000000e+00
0.000000000000000000e+00
0.000000000000000000e+00
0.000000000000000000e+00
1.042954806385087280e-01
0.000000000000000000e+00
0.000000000000000000e+00
0.000000000000000000e+00
8.239559626510307641e-03
7.324204198136813337e-03
1.525878858880486957e-03
0.000000000000000000e+00
0.000000000000000000e+00
0.000000000000000000e+00
0.000000000000000000e+00
0.000000000000000000e+00
0.000000000000000000e+00
0.000000000000000000e+00
0.000000000000000000e+00
0.000000000000000000e+00
0.000000000000000000e+00
0.000000000000000000e+00
0.000000000000000000e+00
0.000000000000000000e+00
0.000000000000000000e+00
0.000000000000000000e+00
0.000000000000000000e+00
0.000000000000000000e+00
9.093672610418050084e+00
6.044600007696883104e+00
7.530976049892881719e+00
1.500678269864276437e+00
1.494517789827305210e+00
2.975236072815895749e+00
0.000000000000000000e+00
0.000000000000000000e+00
0.000000000000000000e+00
0.000000000000000000e+00
0.000000000000000000e+00
1.422619279714792961e+00
0.000000000000000000e+00
0.000000000000000000e+00
0.000000000000000000e+00
0.000000000000000000e+00
0.000000000000000000e+00
0.000000000000000000e+00
0.000000000000000000e+00
0.000000000000000000e+00
0.000000000000000000e+00
0.000000000000000000e+00
9.825870786883099672e-01
0.000000000000000000e+00
8.001600123562556677e-01
0.000000000000000000e+00
0.000000000000000000e+00
0.000000000000000000e+00
0.000000000000000000e+00
0.000000000000000000e+00
2.189080473647392056e-01
0.000000000000000000e+00
0.000000000000000000e+00
0.000000000000000000e+00
0.000000000000000000e+00
1.952876704141370823e-02
1.647911925302061528e-02
9.765605597515750538e-03
2.136230402432681610e-03
0.000000000000000000e+00
0.000000000000000000e+00
0.000000000000000000e+00
0.000000000000000000e+00
0.000000000000000000e+00
0.000000000000000000e+00
0.000000000000000000e+00
0.000000000000000000e+00
0.000000000000000000e+00
0.000000000000000000e+00
0.000000000000000000e+00
0.000000000000000000e+00
0.000000000000000000e+00
0.000000000000000000e+00
0.000000000000000000e+00
0.000000000000000000e+00
0.000000000000000000e+00
6.078563983201253684e+00
7.578060508681707219e+00
0.000000000000000000e+00
1.506195209978576255e+00
0.000000000000000000e+00
1.494517789827305210e+00
0.000000000000000000e+00
0.000000000000000000e+00
0.000000000000000000e+00
0.000000000000000000e+00
0.000000000000000000e+00
0.000000000000000000e+00
1.422619279714792961e+00
0.000000000000000000e+00
0.000000000000000000e+00
0.000000000000000000e+00
0.000000000000000000e+00
0.000000000000000000e+00
0.000000000000000000e+00
1.230715447488967884e+00
0.000000000000000000e+00
0.000000000000000000e+00
0.000000000000000000e+00
0.000000000000000000e+00
0.000000000000000000e+00
0.000000000000000000e+00
0.000000000000000000e+00
0.000000000000000000e+00
0.000000000000000000e+00
0.000000000000000000e+00
0.000000000000000000e+00
0.000000000000000000e+00
0.000000000000000000e+00
0.000000000000000000e+00
6.582274177809292748e-02
0.000000000000000000e+00
0.000000000000000000e+00
0.000000000000000000e+00
1.220700699689468774e-02
1.831054630656584175e-03
0.000000000000000000e+00
0.000000000000000000e+00
0.000000000000000000e+00
0.000000000000000000e+00
0.000000000000000000e+00
0.000000000000000000e+00
0.000000000000000000e+00
0.000000000000000000e+00
0.000000000000000000e+00
0.000000000000000000e+00
0.000000000000000000e+00
0.000000000000000000e+00
0.000000000000000000e+00
0.000000000000000000e+00
0.000000000000000000e+00
0.000000000000000000e+00
0.000000000000000000e+00
3.046575624854821029e+00
6.078563983201253684e+00
3.031224203472683065e+00
0.000000000000000000e+00
0.000000000000000000e+00
1.500678269864276437e+00
1.494517789827305210e+00
0.000000000000000000e+00
0.000000000000000000e+00
0.000000000000000000e+00
1.461243764860584493e+00
0.000000000000000000e+00
0.000000000000000000e+00
0.000000000000000000e+00
0.000000000000000000e+00
0.000000000000000000e+00
0.000000000000000000e+00
0.000000000000000000e+00
0.000000000000000000e+00
0.000000000000000000e+00
1.230715447488967884e+00
0.000000000000000000e+00
0.000000000000000000e+00
0.000000000000000000e+00
0.000000000000000000e+00
0.000000000000000000e+00
0.000000000000000000e+00
0.000000000000000000e+00
5.906318823794730610e-01
0.000000000000000000e+00
0.000000000000000000e+00
0.000000000000000000e+00
0.000000000000000000e+00
1.549967419239409727e-01
0.000000000000000000e+00
0.000000000000000000e+00
3.812848507827046318e-02
1.952876704141370823e-02
1.647911925302061528e-02
7.324204198136813337e-03
6.103515435521947611e-04
0.000000000000000000e+00
0.000000000000000000e+00
0.000000000000000000e+00
0.000000000000000000e+00
0.000000000000000000e+00
0.000000000000000000e+00
0.000000000000000000e+00
0.000000000000000000e+00
0.000000000000000000e+00
0.000000000000000000e+00
0.000000000000000000e+00
0.000000000000000000e+00
0.000000000000000000e+00
0.000000000000000000e+00
0.000000000000000000e+00
0.000000000000000000e+00
1.529605657132143248e+00
7.632983236317334885e+00
3.046575624854821029e+00
0.000000000000000000e+00
0.000000000000000000e+00
0.000000000000000000e+00
0.000000000000000000e+00
0.000000000000000000e+00
0.000000000000000000e+00
0.000000000000000000e+00
0.000000000000000000e+00
0.000000000000000000e+00
0.000000000000000000e+00
0.000000000000000000e+00
0.000000000000000000e+00
0.000000000000000000e+00
0.000000000000000000e+00
0.000000000000000000e+00
0.000000000000000000e+00
0.000000000000000000e+00
0.000000000000000000e+00
0.000000000000000000e+00
1.230715447488967884e+00
0.000000000000000000e+00
0.000000000000000000e+00
0.000000000000000000e+00
0.000000000000000000e+00
0.000000000000000000e+00
0.000000000000000000e+00
0.000000000000000000e+00
0.000000000000000000e+00
4.852825635592212805e-01
0.000000000000000000e+00
0.000000000000000000e+00
0.000000000000000000e+00
0.000000000000000000e+00
0.000000000000000000e+00
0.000000000000000000e+00
0.000000000000000000e+00
1.952876704141370823e-02
8.239559626510307641e-03
0.000000000000000000e+00
3.051757717760973806e-04
0.000000000000000000e+00
0.000000000000000000e+00
0.000000000000000000e+00
0.000000000000000000e+00
0.000000000000000000e+00
0.000000000000000000e+00
0.000000000000000000e+00
0.000000000000000000e+00
0.000000000000000000e+00
0.000000000000000000e+00
0.000000000000000000e+00
0.000000000000000000e+00
0.000000000000000000e+00
0.000000000000000000e+00
0.000000000000000000e+00
0.000000000000000000e+00
0.000000000000000000e+00
4.588816971396429523e+00
6.106386589053867553e+00
1.523287812427410515e+00
0.000000000000000000e+00
0.000000000000000000e+00
0.000000000000000000e+00
0.000000000000000000e+00
0.000000000000000000e+00
0.000000000000000000e+00
0.000000000000000000e+00
0.000000000000000000e+00
0.000000000000000000e+00
0.000000000000000000e+00
0.000000000000000000e+00
0.000000000000000000e+00
0.000000000000000000e+00
0.000000000000000000e+00
0.000000000000000000e+00
1.364076919001420141e+00
0.000000000000000000e+00
0.000000000000000000e+00
0.000000000000000000e+00
1.230715447488967884e+00
0.000000000000000000e+00
0.000000000000000000e+00
0.000000000000000000e+00
0.000000000000000000e+00
0.000000000000000000e+00
0.000000000000000000e+00
0.000000000000000000e+00
0.000000000000000000e+00
0.000000000000000000e+00
0.000000000000000000e+00
0.000000000000000000e+00
0.000000000000000000e+00
0.000000000000000000e+00
0.000000000000000000e+00
0.000000000000000000e+00
0.000000000000000000e+00
0.000000000000000000e+00
0.000000000000000000e+00
2.441401399378937635e-03
6.103515435521947611e-04
0.000000000000000000e+00
0.000000000000000000e+00
0.000000000000000000e+00
0.000000000000000000e+00
0.000000000000000000e+00
0.000000000000000000e+00
0.000000000000000000e+00
0.000000000000000000e+00
0.000000000000000000e+00
0.000000000000000000e+00
0.000000000000000000e+00
0.000000000000000000e+00
0.000000000000000000e+00
0.000000000000000000e+00
0.000000000000000000e+00
0.000000000000000000e+00
1.534852417784438039e+00
4.597043897901196274e+00
6.118422628528572993e+00
1.526596647263466888e+00
1.523287812427410515e+00
1.519640995800313421e+00
0.000000000000000000e+00
0.000000000000000000e+00
0.000000000000000000e+00
0.000000000000000000e+00
0.000000000000000000e+00
0.000000000000000000e+00
0.000000000000000000e+00
0.000000000000000000e+00
0.000000000000000000e+00
0.000000000000000000e+00
0.000000000000000000e+00
0.000000000000000000e+00
0.000000000000000000e+00
0.000000000000000000e+00
0.000000000000000000e+00
0.000000000000000000e+00
0.000000000000000000e+00
0.000000000000000000e+00
0.000000000000000000e+00
0.000000000000000000e+00
0.000000000000000000e+00
0.000000000000000000e+00
0.000000000000000000e+00
0.000000000000000000e+00
0.000000000000000000e+00
0.000000000000000000e+00
0.000000000000000000e+00
0.000000000000000000e+00
0.000000000000000000e+00
0.000000000000000000e+00
0.000000000000000000e+00
0.000000000000000000e+00
0.000000000000000000e+00
6.582274177809292748e-02
0.000000000000000000e+00
0.000000000000000000e+00
0.000000000000000000e+00
0.000000000000000000e+00
6.103515435521947611e-04
0.000000000000000000e+00
0.000000000000000000e+00
0.000000000000000000e+00
0.000000000000000000e+00
0.000000000000000000e+00
0.000000000000000000e+00
0.000000000000000000e+00
0.000000000000000000e+00
0.000000000000000000e+00
0.000000000000000000e+00
0.000000000000000000e+00
0.000000000000000000e+00
0.000000000000000000e+00
0.000000000000000000e+00
0.000000000000000000e+00
0.000000000000000000e+00
0.000000000000000000e+00
4.604557253353314117e+00
1.532347965967065351e+00
0.000000000000000000e+00
1.526596647263466888e+00
0.000000000000000000e+00
0.000000000000000000e+00
0.000000000000000000e+00
0.000000000000000000e+00
0.000000000000000000e+00
0.000000000000000000e+00
0.000000000000000000e+00
0.000000000000000000e+00
0.000000000000000000e+00
0.000000000000000000e+00
0.000000000000000000e+00
0.000000000000000000e+00
0.000000000000000000e+00
0.000000000000000000e+00
0.000000000000000000e+00
0.000000000000000000e+00
0.000000000000000000e+00
0.000000000000000000e+00
0.000000000000000000e+00
1.272255159682329495e+00
0.000000000000000000e+00
0.000000000000000000e+00
0.000000000000000000e+00
0.000000000000000000e+00
0.000000000000000000e+00
0.000000000000000000e+00
0.000000000000000000e+00
0.000000000000000000e+00
0.000000000000000000e+00
0.000000000000000000e+00
0.000000000000000000e+00
0.000000000000000000e+00
0.000000000000000000e+00
0.000000000000000000e+00
0.000000000000000000e+00
0.000000000000000000e+00
3.812848507827046318e-02
0.000000000000000000e+00
0.000000000000000000e+00
7.324204198136813337e-03
6.103515435521947611e-04
0.000000000000000000e+00
0.000000000000000000e+00
0.000000000000000000e+00
0.000000000000000000e+00
0.000000000000000000e+00
0.000000000000000000e+00
0.000000000000000000e+00
0.000000000000000000e+00
0.000000000000000000e+00
0.000000000000000000e+00
0.000000000000000000e+00
0.000000000000000000e+00
0.000000000000000000e+00
0.000000000000000000e+00
0.000000000000000000e+00
0.000000000000000000e+00
0.000000000000000000e+00
0.000000000000000000e+00
4.604557253353314117e+00
1.532347965967065351e+00
1.529605657132143248e+00
0.000000000000000000e+00
0.000000000000000000e+00
1.519640995800313421e+00
0.000000000000000000e+00
0.000000000000000000e+00
0.000000000000000000e+00
0.000000000000000000e+00
0.000000000000000000e+00
0.000000000000000000e+00
0.000000000000000000e+00
0.000000000000000000e+00
0.000000000000000000e+00
0.000000000000000000e+00
0.000000000000000000e+00
0.000000000000000000e+00
0.000000000000000000e+00
0.000000000000000000e+00
0.000000000000000000e+00
0.000000000000000000e+00
0.000000000000000000e+00
0.000000000000000000e+00
0.000000000000000000e+00
0.000000000000000000e+00
0.000000000000000000e+00
0.000000000000000000e+00
0.000000000000000000e+00
0.000000000000000000e+00
0.000000000000000000e+00
0.000000000000000000e+00
0.000000000000000000e+00
0.000000000000000000e+00
0.000000000000000000e+00
0.000000000000000000e+00
0.000000000000000000e+00
0.000000000000000000e+00
0.000000000000000000e+00
0.000000000000000000e+00
0.000000000000000000e+00
0.000000000000000000e+00
0.000000000000000000e+00
2.441401399378937635e-03
3.051757717760973806e-04
0.000000000000000000e+00
0.000000000000000000e+00
0.000000000000000000e+00
0.000000000000000000e+00
0.000000000000000000e+00
0.000000000000000000e+00
0.000000000000000000e+00
0.000000000000000000e+00
0.000000000000000000e+00
0.000000000000000000e+00
0.000000000000000000e+00
0.000000000000000000e+00
0.000000000000000000e+00
0.000000000000000000e+00
0.000000000000000000e+00
0.000000000000000000e+00
0.000000000000000000e+00
1.539245392815994817e+00
3.074288409476952033e+00
1.534852417784438039e+00
0.000000000000000000e+00
0.000000000000000000e+00
0.000000000000000000e+00
0.000000000000000000e+00
1.519640995800313421e+00
0.000000000000000000e+00
0.000000000000000000e+00
0.000000000000000000e+00
0.000000000000000000e+00
0.000000000000000000e+00
0.000000000000000000e+00
0.000000000000000000e+00
0.000000000000000000e+00
0.000000000000000000e+00
0.000000000000000000e+00
0.000000000000000000e+00
0.000000000000000000e+00
0.000000000000000000e+00
0.000000000000000000e+00
0.000000000000000000e+00
0.000000000000000000e+00
0.000000000000000000e+00
0.000000000000000000e+00
0.000000000000000000e+00
0.000000000000000000e+00
0.000000000000000000e+00
0.000000000000000000e+00
0.000000000000000000e+00
0.000000000000000000e+00
0.000000000000000000e+00
0.000000000000000000e+00
0.000000000000000000e+00
0.000000000000000000e+00
0.000000000000000000e+00
0.000000000000000000e+00
0.000000000000000000e+00
1.549967419239409727e-01
0.000000000000000000e+00
0.000000000000000000e+00
0.000000000000000000e+00
0.000000000000000000e+00
0.000000000000000000e+00
0.000000000000000000e+00
9.155273153282920875e-04
0.000000000000000000e+00
