# pd_vector
0.000000000000000000e+00
0.000000000000000000e+00
0.000000000000000000e+00
0.000000000000000000e+00
0.000000000000000000e+00
0.000000000000000000e+00
0.000000000000000000e+00
0.000000000000000000e+00
0.000000000000000000e+00
0.000000000000000000e+00
0.000000000000000000e+00
0.000000000000000000e+00
0.000000000000000000e+00
6.408691207298045263e-03
0.000000000000000000e+00
0.000000000000000000e+00
0.000000000000000000e+00
0.000000000000000000e+00
0.000000000000000000e+00
1.525878858880486827e-02
0.000000000000000000e+00
0.000000000000000000e+00
0.000000000000000000e+00
0.000000000000000000e+00
0.000000000000000000e+00
0.000000000000000000e+00
7.199096456198137428e-01
0.000000000000000000e+00
0.000000000000000000e+00
0.000000000000000000e+00
0.000000000000000000e+00
0.000000000000000000e+00
0.000000000000000000e+00
0.000000000000000000e+00
1.670532174702357153e+00
0.000000000000000000e+00
0.000000000000000000e+00
0.000000000000000000e+00
0.000000000000000000e+00
0.000000000000000000e+00
0.000000000000000000e+00
0.000000000000000000e+00
4.467764560863455858e-01
7.272643817196176919e+00
0.000000000000000000e+00
0.000000000000000000e+00
0.000000000000000000e+00
0.000000000000000000e+00
0.000000000000000000e+00
0.000000000000000000e+00
0.000000000000000000e+00
3.295823850604123056e-02
3.256829466771502979e+00
1.160247766715544593e+01
0.000000000000000000e+00
0.000000000000000000e+00
0.000000000000000000e+00
0.000000000000000000e+00
0.000000000000000000e+00
0.000000000000000000e+00
0.000000000000000000e+00
0.000000000000000000e+00
5.273318160966596890e-01
5.488270345803852202e+00
1.175262414686928558e+01
0.000000000000000000e+00
0.000000000000000000e+00
0.000000000000000000e+00
0.000000000000000000e+00
0.000000000000000000e+00
0.000000000000000000e+00
0.000000000000000000e+00
0.000000000000000000e+00
1.367013692898959576e-01
2.315316255049396421e+00
8.603498531411375438e+00
1.167022668848973943e+01
0.000000000000000000e+00
0.000000000000000000e+00
0.000000000000000000e+00
0.000000000000000000e+00
0.000000000000000000e+00
0.000000000000000000e+00
0.000000000000000000e+00
0.000000000000000000e+00
3.812848507827046318e-02
6.249205453252386633e-01
5.174443445448472900e+00
1.141843434489529052e+01
1.113738979096867432e+01
0.000000000000000000e+00
0.000000000000000000e+00
0.000000000000000000e+00
0.000000000000000000e+00
0.000000000000000000e+00
0.000000000000000000e+00
0.000000000000000000e+00
0.000000000000000000e+00
0.000000000000000000e+00
2.287709104696227791e-01
3.358947931123157815e+00
1.128819668831912182e+01
1.501217720478108753e+01
1.036224333065738712e+01
0.000000000000000000e+00
0.000000000000000000e+00
0.000000000000000000e+00
0.000000000000000000e+00
0.000000000000000000e+00
0.000000000000000000e+00
0.000000000000000000e+00
0.000000000000000000e+00
0.000000000000000000e+00
6.582274177809292748e-02
1.677653343443900269e+00
9.276164344671510520e+00
1.886859154470860389e+01
1.604977279951713598e+01
9.079894737654225167e+00
0.000000000000000000e+00
0.000000000000000000e+00
0.000000000000000000e+00
0.000000000000000000e+00
0.000000000000000000e+00
0.000000000000000000e+00
0.000000000000000000e+00
0.000000000000000000e+00
0.000000000000000000e+00
0.000000000000000000e+00
4.607591924466504785e-01
7.168155194714847411e+00
1.886478896200564037e+01
2.335091198153021352e+01
1.609127662330657671e+01
7.789611574584885290e+00
0.000000000000000000e+00
0.000000000000000000e+00
0.000000000000000000e+00
0.000000000000000000e+00
0.000000000000000000e+00
0.000000000000000000e+00
0.000000000000000000e+00
0.000000000000000000e+00
0.000000000000000000e+00
0.000000000000000000e+00
5.214774031925436537e-01
4.739237408022690445e+00
1.906424253913523259e+01
2.917597795987207832e+01
2.742125443702630250e+01
1.479000967743760420e+01
6.568908487480496383e+00
0.000000000000000000e+00
0.000000000000000000e+00
0.000000000000000000e+00
0.000000000000000000e+00
0.000000000000000000e+00
0.000000000000000000e+00
0.000000000000000000e+00
0.000000000000000000e+00
0.000000000000000000e+00
0.000000000000000000e+00
0.000000000000000000e+00
2.190205093408683190e+00
1.645568544452323323e+01
3.214231292098200043e+01
3.534706834495881367e+01
2.547671836516987298e+01
1.322995418323446337e+01
5.360412431247150167e+00
0.000000000000000000e+00
0.000000000000000000e+00
0.000000000000000000e+00
0.000000000000000000e+00
0.000000000000000000e+00
0.000000000000000000e+00
0.000000000000000000e+00
0.000000000000000000e+00
0.000000000000000000e+00
0.000000000000000000e+00
0.000000000000000000e+00
1.704964161163350589e+00
1.157679835087446918e+01
3.041010670147893080e+01
4.323770207875870852e+01
3.597198889028405233e+01
2.340034933928927430e+01
1.092527126222074507e+01
4.389953476999160387e+00
0.000000000000000000e+00
0.000000000000000000e+00
0.000000000000000000e+00
0.000000000000000000e+00
0.000000000000000000e+00
0.000000000000000000e+00
0.000000000000000000e+00
0.000000000000000000e+00
0.000000000000000000e+00
0.000000000000000000e+00
0.000000000000000000e+00
4.378160947294784111e-01
7.594840354273107330e+00
2.753400688856630296e+01
4.581262827755267608e+01
4.491535542220260879e+01
3.292550123182351030e+01
1.923113216827505667e+01
9.113751423881573999e+00
3.512573133142880888e+00
0.000000000000000000e+00
0.000000000000000000e+00
0.000000000000000000e+00
0.000000000000000000e+00
0.000000000000000000e+00
0.000000000000000000e+00
0.000000000000000000e+00
0.000000000000000000e+00
0.000000000000000000e+00
0.000000000000000000e+00
0.000000000000000000e+00
0.000000000000000000e+00
5.472701184118480278e+00
2.882939399785302115e+01
5.277351320308541460e+01
5.594933051137898872e+01
4.506786936251568676e+01
2.798472317034584478e+01
1.597650611580348645e+01
7.587875549269738507e+00
2.828674228592646500e+00
0.000000000000000000e+00
0.000000000000000000e+00
0.000000000000000000e+00
0.000000000000000000e+00
0.000000000000000000e+00
0.000000000000000000e+00
0.000000000000000000e+00
0.000000000000000000e+00
0.000000000000000000e+00
0.000000000000000000e+00
0.000000000000000000e+00
0.000000000000000000e+00
3.258182702198242353e+00
1.663701159972017862e+01
5.161391506067234047e+01
6.622763020545303903e+01
6.049109969406740106e+01
3.786158568272256986e+01
2.495776427892671734e+01
1.262300534781379113e+01
6.064441076057280888e+00
2.271423269329492900e+00
0.000000000000000000e+00
0.000000000000000000e+00
0.000000000000000000e+00
0.000000000000000000e+00
0.000000000000000000e+00
0.000000000000000000e+00
0.000000000000000000e+00
0.000000000000000000e+00
0.000000000000000000e+00
0.000000000000000000e+00
0.000000000000000000e+00
0.000000000000000000e+00
3.086642234781177496e+00
1.984529464066202209e+01
4.837867846760736512e+01
7.098850780116497106e+01
6.737488049247663469e+01
5.180249777935913613e+01
3.248546928668643119e+01
1.941159443916522775e+01
1.070318795483689023e+01
4.670400877011907426e+00
1.814880314752451040e+00
0.000000000000000000e+00
0.000000000000000000e+00
0.000000000000000000e+00
0.000000000000000000e+00
0.000000000000000000e+00
0.000000000000000000e+00
0.000000000000000000e+00
0.000000000000000000e+00
0.000000000000000000e+00
0.000000000000000000e+00
0.000000000000000000e+00
0.000000000000000000e+00
9.705651271184425610e-01
1.851985340868706587e+01
4.206017670110458084e+01
7.026948320408128268e+01
7.610340028465502371e+01
5.955271944458848310e+01
3.955946780863384760e+01
2.474538681579753074e+01
1.572065746833803601e+01
8.371392580534472216e+00
3.747551148046669223e+00
1.437683060837194660e+00
0.000000000000000000e+00
0.000000000000000000e+00
0.000000000000000000e+00
0.000000000000000000e+00
0.000000000000000000e+00
0.000000000000000000e+00
0.000000000000000000e+00
0.000000000000000000e+00
0.000000000000000000e+00
0.000000000000000000e+00
0.000000000000000000e+00
0.000000000000000000e+00
1.181263764758946122e+00
9.705651271184425610e+00
3.935468849346001008e+01
7.790018642528524140e+01
8.077706947758876765e+01
6.385865767266368209e+01
4.901887590009910411e+01
3.482023040061115893e+01
1.975055527054410121e+01
1.257652597467042810e+01
6.229107077641792500e+00
2.946771489050377557e+00
1.167297327043572475e+00
0.000000000000000000e+00
0.000000000000000000e+00
0.000000000000000000e+00
0.000000000000000000e+00
0.000000000000000000e+00
0.000000000000000000e+00
0.000000000000000000e+00
0.000000000000000000e+00
0.000000000000000000e+00
0.000000000000000000e+00
0.000000000000000000e+00
0.000000000000000000e+00
0.000000000000000000e+00
8.859478235692096248e+00
3.348449688558626747e+01
7.948103754561532241e+01
8.619374239451713038e+01
7.574218438819976029e+01
5.781378473762998027e+01
3.619053178156252670e+01
2.586833751879052201e+01
1.574706433732570154e+01
9.100405441298788034e+00
5.363953316858210307e+00
2.346186744803159030e+00
9.033202844572482126e-01
0.000000000000000000e+00
0.000000000000000000e+00
0.000000000000000000e+00
0.000000000000000000e+00
0.000000000000000000e+00
0.000000000000000000e+00
0.000000000000000000e+00
0.000000000000000000e+00
0.000000000000000000e+00
0.000000000000000000e+00
0.000000000000000000e+00
0.000000000000000000e+00
0.000000000000000000e+00
2.788539435472362271e+00
2.303464341279945060e+01
6.988068915252786439e+01
9.375675788147826495e+01
8.204696440990119299e+01
5.801063255165588828e+01
4.665401931910623290e+01
2.920273457878244372e+01
2.093163188543354991e+01
1.239175765043790101e+01
7.733391748399828458e+00
4.235133648026297770e+00
1.867672070524887262e+00
6.890868926704278863e-01
0.000000000000000000e+00
0.000000000000000000e+00
0.000000000000000000e+00
0.000000000000000000e+00
0.000000000000000000e+00
0.000000000000000000e+00
0.000000000000000000e+00
0.000000000000000000e+00
0.000000000000000000e+00
0.000000000000000000e+00
0.000000000000000000e+00
0.000000000000000000e+00
8.960553845713439269e-01
5.601120086493789785e+00
1.812550633057035299e+01
5.256623753177310476e+01
8.104218811438995829e+01
8.642598257387297167e+01
7.345721001319672894e+01
4.181143704666519056e+01
3.502926367481065739e+01
2.503091535324209360e+01
1.395442125695570112e+01
1.037094794128956643e+01
6.014860248755422134e+00
2.883845869278607754e+00
1.479489248023636128e+00
5.670165839599888846e-01
0.000000000000000000e+00
0.000000000000000000e+00
0.000000000000000000e+00
0.000000000000000000e+00
0.000000000000000000e+00
0.000000000000000000e+00
0.000000000000000000e+00
0.000000000000000000e+00
0.000000000000000000e+00
0.000000000000000000e+00
0.000000000000000000e+00
0.000000000000000000e+00
0.000000000000000000e+00
2.688166153714031559e+00
1.440288022241260180e+01
5.507365385057915574e+01
1.033605794164077878e+02
1.077327291101471189e+02
8.063852838365826869e+01
6.012828077693119866e+01
4.224925314139466792e+01
2.665943961091784686e+01
1.804311815046201062e+01
1.138733432761007691e+01
6.939384284245224244e+00
4.745490391063531099e+00
2.842648071146056221e+00
1.210935094091952990e+00
4.360961778680431666e-01
0.000000000000000000e+00
0.000000000000000000e+00
0.000000000000000000e+00
0.000000000000000000e+00
0.000000000000000000e+00
0.000000000000000000e+00
0.000000000000000000e+00
0.000000000000000000e+00
0.000000000000000000e+00
0.000000000000000000e+00
0.000000000000000000e+00
0.000000000000000000e+00
0.000000000000000000e+00
9.825870786883099672e-01
1.075266461485612624e+01
3.520704054367524805e+01
8.226191334643468167e+01
8.800415047454148976e+01
7.521879735167929937e+01
6.057535385758060897e+01
3.761720028901606838e+01
3.064712663106348955e+01
1.828961554702503634e+01
1.324552604109060816e+01
8.359488205817802609e+00
5.490501851270947142e+00
3.339419164081744107e+00
2.101087704760128627e+00
9.204083275658594410e-01
3.598022349240188045e-01
0.000000000000000000e+00
0.000000000000000000e+00
0.000000000000000000e+00
0.000000000000000000e+00
0.000000000000000000e+00
0.000000000000000000e+00
0.000000000000000000e+00
0.000000000000000000e+00
0.000000000000000000e+00
0.000000000000000000e+00
0.000000000000000000e+00
0.000000000000000000e+00
0.000000000000000000e+00
1.058888938575228922e+00
6.878109550818169993e+00
2.060927384514091187e+01
6.561312101321296097e+01
9.481034080606031011e+01
8.564162294502359885e+01
5.677805993642888893e+01
4.745712435976060561e+01
2.636166004505850324e+01
1.882609207336757251e+01
1.379471003123074624e+01
1.105532094768192586e+01
6.713919661365478575e+00
4.461032754157644220e+00
3.066016425501952192e+00
1.516078971277896592e+00
7.250962156155444926e-01
2.719116126525027433e-01
0.000000000000000000e+00
0.000000000000000000e+00
0.000000000000000000e+00
0.000000000000000000e+00
0.000000000000000000e+00
0.000000000000000000e+00
0.000000000000000000e+00
0.000000000000000000e+00
0.000000000000000000e+00
0.000000000000000000e+00
0.000000000000000000e+00
0.000000000000000000e+00
0.000000000000000000e+00
2.250233972914781333e+00
4.235555754300915687e+00
3.537313483277915793e+01
7.168443076570751771e+01
7.361472113677551476e+01
7.389629504001760552e+01
6.378824329698309015e+01
5.532221224575122420e+01
2.353564704020647724e+01
1.836430250329918223e+01
1.663701159972017862e+01
1.270973283776315910e+01
8.552229412357716498e+00
4.541769182688412343e+00
3.355306686887800538e+00
2.011463005265611947e+00
1.252413063229566692e+00
5.639637232565345437e-01
2.206420829941184159e-01
0.000000000000000000e+00
0.000000000000000000e+00
0.000000000000000000e+00
0.000000000000000000e+00
0.000000000000000000e+00
0.000000000000000000e+00
0.000000000000000000e+00
0.000000000000000000e+00
0.000000000000000000e+00
0.000000000000000000e+00
0.000000000000000000e+00
0.000000000000000000e+00
0.000000000000000000e+00
0.000000000000000000e+00
4.500467945829562666e+00
2.435444558723026631e+01
5.993781179998691044e+01
7.347654153485019890e+01
7.521504116148803121e+01
6.553067673360051515e+01
3.780044047228627591e+01
2.863167124999405644e+01
2.237815620216353807e+01
1.629091351099120999e+01
1.072649432087222188e+01
1.069477519275192634e+01
7.196388164057101910e+00
3.422782572460832284e+00
2.402094559931039264e+00
1.718531499644406324e+00
9.805075955547266631e-01
4.614248644826192125e-01
1.959228454802545150e-01
0.000000000000000000e+00
0.000000000000000000e+00
0.000000000000000000e+00
0.000000000000000000e+00
0.000000000000000000e+00
0.000000000000000000e+00
0.000000000000000000e+00
0.000000000000000000e+00
0.000000000000000000e+00
0.000000000000000000e+00
0.000000000000000000e+00
0.000000000000000000e+00
0.000000000000000000e+00
1.230715447488967884e+00
1.182041580245927204e+00
2.700280767497737600e+01
5.718000268306236222e+01
6.878109550818169282e+01
9.677398153370513967e+01
5.761152088965040718e+01
4.810230526189825184e+01
3.839107235466575219e+01
2.474941074152028619e+01
1.581904145325353461e+01
1.273653238132040144e+01
1.072649432087222188e+01
6.509863160805521076e+00
3.441750861070787870e+00
2.764555154679902760e+00
1.868295768835252613e+00
1.562301363313096658e+00
7.333208067594173540e-01
4.541006602844824269e-01
1.449584915936462659e-01
0.000000000000000000e+00
0.000000000000000000e+00
0.000000000000000000e+00
0.000000000000000000e+00
0.000000000000000000e+00
0.000000000000000000e+00
0.000000000000000000e+00
0.000000000000000000e+00
0.000000000000000000e+00
0.000000000000000000e+00
0.000000000000000000e+00
0.000000000000000000e+00
0.000000000000000000e+00
0.000000000000000000e+00
0.000000000000000000e+00
8.274291061721489982e+00
4.950514740412518933e+01
7.729889251599171018e+01
5.895522472129859892e+01
5.376332307428063473e+01
4.400880067959406006e+01
2.927966407245980207e+01
1.890022023614313795e+01
2.232299792372418068e+01
1.350405977716765094e+01
9.478349679122159088e+00
7.442873610401132822e+00
3.719921806174583345e+00
2.815977977239735530e+00
2.435441445789438220e+00
1.601396373287359509e+00
1.035024653194926536e+00
6.509252104943142880e-01
3.100579777211250887e-01
1.068115201216340848e-01
0.000000000000000000e+00
0.000000000000000000e+00
0.000000000000000000e+00
0.000000000000000000e+00
0.000000000000000000e+00
0.000000000000000000e+00
0.000000000000000000e+00
0.000000000000000000e+00
0.000000000000000000e+00
0.000000000000000000e+00
0.000000000000000000e+00
0.000000000000000000e+00
0.000000000000000000e+00
0.000000000000000000e+00
2.544510319364658990e+00
7.384292684933807749e+00
4.609962162959116228e+01
6.413166822807126266e+01
6.671000313023942851e+01
6.092039887867521486e+01
4.480276922856719324e+01
3.840768059310027382e+01
2.439972006038317076e+01
1.653769270662524704e+01
1.213206408898053112e+01
8.874096424995885357e+00
6.516365404396484706e+00
4.378160947294784222e+00
4.804898999642170487e+00
2.607387015962718380e+00
2.369618704011345223e+00
1.143854552348113840e+00
7.030356134908934962e-01
4.943735775906184515e-01
2.294917315416201420e-01
9.643554388124676857e-02
0.000000000000000000e+00
0.000000000000000000e+00
0.000000000000000000e+00
0.000000000000000000e+00
0.000000000000000000e+00
0.000000000000000000e+00
0.000000000000000000e+00
0.000000000000000000e+00
0.000000000000000000e+00
0.000000000000000000e+00
0.000000000000000000e+00
0.000000000000000000e+00
0.000000000000000000e+00
0.000000000000000000e+00
0.000000000000000000e+00
1.145029643714096501e+01
3.815217887215800374e+01
6.974045323450970102e+01
6.863213617390083243e+01
4.659111329731007345e+01
3.733830899015578098e+01
2.867377230628300566e+01
1.680336025948136935e+01
1.673123661283417363e+01
1.240326952996893439e+01
9.220368707625205218e+00
5.401623910867060729e+00
6.220166976923916735e+00
8.756321894589568222e-01
1.704964161163350589e+00
1.981614132131665817e+00
1.645568544452323145e+00
1.143854552348113840e+00
7.030356134908934962e-01
3.048637061808813775e-01
1.879879077521781905e-01
8.483886455375506952e-02
0.000000000000000000e+00
0.000000000000000000e+00
0.000000000000000000e+00
0.000000000000000000e+00
0.000000000000000000e+00
0.000000000000000000e+00
0.000000000000000000e+00
0.000000000000000000e+00
0.000000000000000000e+00
0.000000000000000000e+00
0.000000000000000000e+00
0.000000000000000000e+00
0.000000000000000000e+00
0.000000000000000000e+00
1.338054815040071732e+00
5.230878627181762219e+00
3.307863415174056598e+01
7.138149595436013328e+01
4.373553846909930343e+01
4.275444548538084177e+01
3.600222391155778467e+01
2.456467696720774896e+01
1.612899692228419113e+01
1.040208016063132312e+01
9.759888024153267949e+00
7.678214470933149904e+00
6.793955889829097927e+00
4.244133072824118891e+00
4.442976412088512461e+00
3.502528757835827289e+00
3.254931580402760538e+00
1.460136728939122275e+00
1.118986610227579837e+00
1.105726067269843460e+00
6.444493123666523715e-01
2.883845869278607865e-01
1.489254853621151953e-01
6.530761516008483369e-02
0.000000000000000000e+00
0.000000000000000000e+00
0.000000000000000000e+00
0.000000000000000000e+00
0.000000000000000000e+00
0.000000000000000000e+00
0.000000000000000000e+00
0.000000000000000000e+00
0.000000000000000000e+00
0.000000000000000000e+00
0.000000000000000000e+00
0.000000000000000000e+00
0.000000000000000000e+00
0.000000000000000000e+00
0.000000000000000000e+00
5.352219260160286929e+00
2.746211279270425010e+01
5.597922702602249956e+01
5.169004879453665069e+01
4.255349688885338111e+01
2.362745671560520577e+01
1.694222301720366275e+01
1.277363202294803024e+01
1.881716307599822358e+01
8.801760135918812011e+00
8.365618306417086814e+00
7.678214470933149904e+00
4.367543072032991525e+00
2.700811955433530365e+00
3.258182702198242353e+00
1.313448284188435178e+00
1.859960903087291673e+00
1.147250287023596105e+00
6.582274177809293025e-01
8.388266717219501345e-01
4.686904089939289975e-01
3.295823850604123195e-01
1.074216615726732577e-01
4.425048690753412284e-02
0.000000000000000000e+00
0.000000000000000000e+00
0.000000000000000000e+00
0.000000000000000000e+00
0.000000000000000000e+00
0.000000000000000000e+00
0.000000000000000000e+00
0.000000000000000000e+00
0.000000000000000000e+00
0.000000000000000000e+00
0.000000000000000000e+00
0.000000000000000000e+00
0.000000000000000000e+00
0.000000000000000000e+00
0.000000000000000000e+00
1.364076919001420141e+00
2.542304148576136313e+01
3.269299141988601320e+01
5.979599250506948493e+01
3.076788618722419599e+01
3.073308108639410818e+01
2.925304164789215733e+01
1.482444514005320535e+01
1.179104494425972049e+01
6.272387691999407267e+00
8.801760135918812011e+00
6.971348588680905678e+00
4.134423176656311760e+00
6.793955889829097927e+00
3.086642234781177496e+00
2.369587419780539772e+00
2.626896568376870356e+00
6.199869676957638909e-01
5.214774031925436537e-01
9.215183848933009569e-01
3.431563657044341964e-01
3.319890397040330399e-01
1.812703117832267785e-01
1.074216615726732577e-01
4.058837764622095362e-02
0.000000000000000000e+00
0.000000000000000000e+00
0.000000000000000000e+00
0.000000000000000000e+00
0.000000000000000000e+00
0.000000000000000000e+00
0.000000000000000000e+00
0.000000000000000000e+00
0.000000000000000000e+00
0.000000000000000000e+00
0.000000000000000000e+00
0.000000000000000000e+00
0.000000000000000000e+00
0.000000000000000000e+00
0.000000000000000000e+00
1.386476391214087167e+00
1.091261535201136113e+01
4.683191852640251085e+01
3.923158970386321442e+01
3.689539963078755846e+01
2.215287805480142325e+01
1.536654054319705409e+01
1.350140383748868800e+01
7.412222570026602675e+00
7.860696629506479738e+00
9.856609230284783862e+00
8.801760135918812011e+00
6.274213729812815110e+00
5.906318823794730832e+00
2.911695381355327683e+00
1.543321117390588748e+00
2.073388992307972245e+00
2.407988521012131233e+00
7.749837096197048636e-01
9.386593257465785101e-01
6.582274177809293025e-01
2.668993955478932145e-01
2.538739715383782070e-01
1.730307521567164553e-01
1.147458657708100710e-01
3.509521375425119633e-02
0.000000000000000000e+00
0.000000000000000000e+00
0.000000000000000000e+00
0.000000000000000000e+00
0.000000000000000000e+00
0.000000000000000000e+00
0.000000000000000000e+00
0.000000000000000000e+00
0.000000000000000000e+00
0.000000000000000000e+00
0.000000000000000000e+00
0.000000000000000000e+00
0.000000000000000000e+00
0.000000000000000000e+00
1.422619279714792961e+00
2.811661107804137583e+00
1.802419308578313206e+01
3.683007681303834602e+01
2.943720593088157855e+01
2.615439313590881198e+01
2.035608255491727192e+01
1.230715447488967840e+01
4.728166320983708815e+00
3.375350959372171999e+00
7.412222570026602675e+00
4.912935393441549614e+00
8.960553845713439269e-01
4.000800061781278671e+00
4.879944012076633975e+00
2.953159411897365416e+00
2.426412817796106403e+00
1.543321117390588748e+00
2.369587419780539772e+00
1.094540236823696056e+00
9.299804515436458363e-01
7.300683644695611374e-01
1.974682253342787686e-01
5.719272761740569200e-01
2.734027385797919152e-01
1.400725136506752178e-01
6.591783778323132004e-02
2.746581945984876566e-02
0.000000000000000000e+00
0.000000000000000000e+00
0.000000000000000000e+00
0.000000000000000000e+00
0.000000000000000000e+00
0.000000000000000000e+00
0.000000000000000000e+00
0.000000000000000000e+00
0.000000000000000000e+00
0.000000000000000000e+00
0.000000000000000000e+00
0.000000000000000000e+00
0.000000000000000000e+00
0.000000000000000000e+00
0.000000000000000000e+00
2.845238559429585923e+00
9.840813877314481317e+00
3.327543338913809379e+01
3.683007681303834602e+01
3.345137037600179042e+01
1.438491622474984588e+01
1.781157223555261382e+01
4.922861789955871537e+00
7.092249481475563222e+00
4.500467945829562666e+00
6.353333631451373975e+00
1.965174157376619934e+00
1.792110769142687854e+00
1.600320024712511335e+00
4.182809153208543407e+00
2.362527529517892244e+00
1.941130254236885122e+00
1.157490838042941617e+00
1.777190564835404718e+00
4.378160947294784111e-01
4.649902257718229182e-01
7.300683644695611374e-01
5.265819342247434198e-01
1.906424253913523159e-01
2.343452044969644987e-01
4.943735775906184238e-02
4.394522518882088002e-02
2.532958905741608188e-02
0.000000000000000000e+00
0.000000000000000000e+00
0.000000000000000000e+00
0.000000000000000000e+00
0.000000000000000000e+00
0.000000000000000000e+00
0.000000000000000000e+00
0.000000000000000000e+00
0.000000000000000000e+00
0.000000000000000000e+00
0.000000000000000000e+00
0.000000000000000000e+00
0.000000000000000000e+00
0.000000000000000000e+00
0.000000000000000000e+00
0.000000000000000000e+00
1.707143135657751642e+01
1.827579720072689540e+01
3.466190978035218251e+01
2.046115378502130255e+01
1.739471259552093230e+01
9.154037597568084550e+00
8.905786117776306909e+00
6.153577237444839199e+00
1.063837422221334528e+01
6.750701918744343999e+00
3.176666815725686988e+00
3.930348314753239869e+00
1.792110769142687854e+00
4.000800061781278671e+00
2.788539435472362271e+00
1.771895647138419072e+00
1.455847690677663842e+00
1.157490838042941617e+00
8.885952824177023590e-01
2.189080473647392056e-01
6.199869676957638909e-01
4.171819225540349119e-01
1.974682253342787686e-01
3.812848507827046318e-01
7.811506816565483291e-02
5.767691738557215175e-02
3.906242239006300215e-02
1.739501899123755205e-02
0.000000000000000000e+00
0.000000000000000000e+00
0.000000000000000000e+00
0.000000000000000000e+00
0.000000000000000000e+00
0.000000000000000000e+00
0.000000000000000000e+00
0.000000000000000000e+00
0.000000000000000000e+00
0.000000000000000000e+00
0.000000000000000000e+00
0.000000000000000000e+00
0.000000000000000000e+00
0.000000000000000000e+00
0.000000000000000000e+00
1.450024003277625040e+00
7.186202338178836690e+00
2.418452775515148190e+01
2.952244163194344395e+01
1.247828752092678428e+01
1.091261535201136113e+01
9.366383705280501459e+00
6.538598283977202996e+00
3.816765479046988485e+00
7.384292684933807749e+00
3.546124740737781611e+00
4.500467945829562666e+00
3.176666815725686988e+00
2.947761236064930124e+00
2.688166153714031559e+00
1.600320024712511335e+00
0.000000000000000000e+00
5.906318823794730610e-01
4.852825635592212805e-01
1.157490838042941617e+00
8.885952824177023590e-01
6.567241420942175889e-01
3.099934838478819454e-01
6.257728838310523400e-01
1.316454835561858550e-01
2.668993955478932145e-01
1.171726022484822494e-01
5.767691738557215175e-02
3.173821819192618882e-02
1.586914013235706314e-02
0.000000000000000000e+00
0.000000000000000000e+00
0.000000000000000000e+00
0.000000000000000000e+00
0.000000000000000000e+00
0.000000000000000000e+00
0.000000000000000000e+00
0.000000000000000000e+00
0.000000000000000000e+00
0.000000000000000000e+00
0.000000000000000000e+00
0.000000000000000000e+00
0.000000000000000000e+00
0.000000000000000000e+00
0.000000000000000000e+00
0.000000000000000000e+00
2.900048006555250080e+00
3.018204982035111428e+01
2.560714703486627286e+01
1.405830553902068836e+01
9.705334738498610392e+00
1.091261535201136113e+01
1.338054815040071732e+00
1.307719656795440555e+00
3.816765479046988485e+00
2.461430894977935768e+00
3.546124740737781611e+00
2.250233972914781333e+00
2.117777877150457844e+00
1.965174157376619934e+00
0.000000000000000000e+00
1.600320024712511335e+00
2.788539435472362271e+00
5.906318823794730610e-01
4.852825635592212805e-01
3.858302793476471870e-01
2.961984274725674715e-01
4.378160947294784111e-01
0.000000000000000000e+00
6.257728838310523400e-01
1.974682253342787686e-01
2.287709104696227791e-01
5.858630112424112468e-02
9.063515589161338926e-02
3.173821819192618882e-02
9.765624696835116178e-03
0.000000000000000000e+00
0.000000000000000000e+00
0.000000000000000000e+00
0.000000000000000000e+00
0.000000000000000000e+00
0.000000000000000000e+00
0.000000000000000000e+00
0.000000000000000000e+00
0.000000000000000000e+00
0.000000000000000000e+00
0.000000000000000000e+00
0.000000000000000000e+00
0.000000000000000000e+00
0.000000000000000000e+00
0.000000000000000000e+00
0.000000000000000000e+00
4.383731294581753701e+00
1.450024003277625084e+01
1.437240467635767338e+01
9.958334958003550952e+00
9.840813877314481317e+00
4.159429173642261723e+00
8.184461514008521732e+00
1.338054815040071732e+00
2.615439313590881110e+00
0.000000000000000000e+00
0.000000000000000000e+00
2.364083160491854407e+00
2.250233972914781333e+00
1.058888938575228922e+00
9.825870786883099672e-01
2.688166153714031559e+00
1.600320024712511335e+00
0.000000000000000000e+00
0.000000000000000000e+00
4.852825635592212805e-01
7.716605586952943741e-01
2.961984274725674715e-01
0.000000000000000000e+00
4.649902257718229182e-01
4.171819225540349119e-01
6.582274177809292748e-02
1.906424253913523159e-01
3.905753408282741646e-02
5.767691738557215175e-02
1.464840839627362667e-02
1.068115201216340848e-02
0.000000000000000000e+00
0.000000000000000000e+00
0.000000000000000000e+00
0.000000000000000000e+00
0.000000000000000000e+00
0.000000000000000000e+00
0.000000000000000000e+00
0.000000000000000000e+00
0.000000000000000000e+00
0.000000000000000000e+00
0.000000000000000000e+00
0.000000000000000000e+00
0.000000000000000000e+00
0.000000000000000000e+00
0.000000000000000000e+00
0.000000000000000000e+00
1.176902139442987760e+01
2.337990023776935189e+01
1.595026403605387522e+01
1.149792374108613835e+01
7.113096398573964585e+00
4.217491661706206152e+00
1.386476391214087167e+00
2.728153838002840281e+00
1.338054815040071732e+00
3.923158970386321442e+00
1.272255159682329495e+00
0.000000000000000000e+00
1.182041580245927204e+00
0.000000000000000000e+00
1.058888938575228922e+00
9.825870786883099672e-01
8.960553845713439269e-01
0.000000000000000000e+00
6.971348588680905678e-01
0.000000000000000000e+00
4.852825635592212805e-01
3.858302793476471870e-01
0.000000000000000000e+00
4.378160947294784111e-01
3.099934838478819454e-01
3.128864419155261700e-01
1.974682253342787686e-01
0.000000000000000000e+00
3.905753408282741646e-02
1.647911925302061528e-02
1.708980979565256214e-02
1.129150355571560335e-02
0.000000000000000000e+00
0.000000000000000000e+00
0.000000000000000000e+00
0.000000000000000000e+00
0.000000000000000000e+00
0.000000000000000000e+00
0.000000000000000000e+00
0.000000000000000000e+00
0.000000000000000000e+00
0.000000000000000000e+00
0.000000000000000000e+00
0.000000000000000000e+00
0.000000000000000000e+00
0.000000000000000000e+00
0.000000000000000000e+00
0.000000000000000000e+00
2.959731964091544931e+00
1.618240441734108259e+01
1.753492517832701481e+01
7.250120016388125421e+00
1.437240467635767294e+00
4.267857839144379106e+00
2.811661107804137583e+00
1.386476391214087167e+00
5.456307676005680563e+00
1.338054815040071732e+00
3.923158970386321442e+00
0.000000000000000000e+00
2.461430894977935768e+00
0.000000000000000000e+00
0.000000000000000000e+00
0.000000000000000000e+00
0.000000000000000000e+00
0.000000000000000000e+00
0.000000000000000000e+00
6.971348588680905678e-01
1.181263764758946122e+00
0.000000000000000000e+00
3.858302793476471870e-01
0.000000000000000000e+00
4.378160947294784111e-01
1.549967419239409727e-01
1.042954806385087280e-01
1.316454835561858550e-01
1.143854552348113895e-01
1.171726022484822494e-01
5.767691738557215175e-02
2.929681679254725335e-02
7.629394294402434135e-03
0.000000000000000000e+00
0.000000000000000000e+00
0.000000000000000000e+00
0.000000000000000000e+00
0.000000000000000000e+00
0.000000000000000000e+00
0.000000000000000000e+00
0.000000000000000000e+00
0.000000000000000000e+00
0.000000000000000000e+00
0.000000000000000000e+00
0.000000000000000000e+00
0.000000000000000000e+00
0.000000000000000000e+00
0.000000000000000000e+00
0.000000000000000000e+00
1.487618036407947875e+00
1.183892785636617973e+01
2.500917046316348902e+01
1.315119388374526110e+01
4.350072009832874897e+00
2.874480935271534587e+00
4.267857839144379106e+00
2.811661107804137583e+00
5.545905564856348668e+00
1.364076919001420141e+00
0.000000000000000000e+00
1.307719656795440555e+00
3.816765479046988485e+00
0.000000000000000000e+00
0.000000000000000000e+00
0.000000000000000000e+00
1.058888938575228922e+00
9.825870786883099672e-01
0.000000000000000000e+00
0.000000000000000000e+00
0.000000000000000000e+00
0.000000000000000000e+00
0.000000000000000000e+00
3.858302793476471870e-01
5.923968549451349430e-01
2.189080473647392056e-01
1.549967419239409727e-01
3.128864419155261700e-01
6.582274177809292748e-02
7.625697015654092636e-02
9.764383520706854114e-02
2.471867887953092119e-02
2.685541539316831441e-02
4.577636576641460654e-03
0.000000000000000000e+00
0.000000000000000000e+00
0.000000000000000000e+00
0.000000000000000000e+00
0.000000000000000000e+00
0.000000000000000000e+00
0.000000000000000000e+00
0.000000000000000000e+00
0.000000000000000000e+00
0.000000000000000000e+00
0.000000000000000000e+00
0.000000000000000000e+00
0.000000000000000000e+00
0.000000000000000000e+00
0.000000000000000000e+00
0.000000000000000000e+00
1.494517789827305210e+00
1.190094429126358300e+01
1.183892785636617973e+01
7.355638371518673502e+00
2.922487529721168986e+00
4.350072009832874897e+00
2.874480935271534587e+00
2.845238559429585923e+00
2.811661107804137583e+00
2.772952782428174334e+00
0.000000000000000000e+00
1.338054815040071732e+00
1.307719656795440555e+00
0.000000000000000000e+00
1.230715447488967884e+00
0.000000000000000000e+00
0.000000000000000000e+00
0.000000000000000000e+00
0.000000000000000000e+00
0.000000000000000000e+00
8.001600123562556677e-01
0.000000000000000000e+00
0.000000000000000000e+00
4.852825635592212805e-01
7.716605586952943741e-01
2.961984274725674715e-01
0.000000000000000000e+00
4.649902257718229182e-01
2.085909612770174559e-01
0.000000000000000000e+00
1.525139403130818527e-01
3.905753408282741646e-02
4.943735775906184238e-02
1.464840839627362667e-02
4.577636576641460654e-03
0.000000000000000000e+00
0.000000000000000000e+00
0.000000000000000000e+00
0.000000000000000000e+00
0.000000000000000000e+00
0.000000000000000000e+00
0.000000000000000000e+00
0.000000000000000000e+00
0.000000000000000000e+00
0.000000000000000000e+00
0.000000000000000000e+00
0.000000000000000000e+00
0.000000000000000000e+00
0.000000000000000000e+00
0.000000000000000000e+00
0.000000000000000000e+00
0.000000000000000000e+00
1.643969568810035753e+01
1.338856232767153109e+01
7.399329910228862772e+00
2.942255348607469401e+00
1.461243764860584493e+00
1.450024003277625040e+00
1.437240467635767294e+00
0.000000000000000000e+00
2.811661107804137583e+00
1.386476391214087167e+00
0.000000000000000000e+00
1.338054815040071732e+00
1.307719656795440555e+00
2.544510319364658990e+00
1.230715447488967884e+00
1.182041580245927204e+00
1.125116986457390666e+00
0.000000000000000000e+00
9.825870786883099672e-01
8.960553845713439269e-01
0.000000000000000000e+00
0.000000000000000000e+00
0.000000000000000000e+00
4.852825635592212805e-01
0.000000000000000000e+00
2.961984274725674715e-01
0.000000000000000000e+00
1.549967419239409727e-01
0.000000000000000000e+00
0.000000000000000000e+00
0.000000000000000000e+00
3.905753408282741646e-02
3.295823850604123056e-02
4.882802798757875269e-03
4.882812348417558089e-03
0.000000000000000000e+00
0.000000000000000000e+00
0.000000000000000000e+00
0.000000000000000000e+00
0.000000000000000000e+00
0.000000000000000000e+00
0.000000000000000000e+00
0.000000000000000000e+00
0.000000000000000000e+00
0.000000000000000000e+00
0.000000000000000000e+00
0.000000000000000000e+00
0.000000000000000000e+00
0.000000000000000000e+00
0.000000000000000000e+00
0.000000000000000000e+00
0.000000000000000000e+00
9.004069619185658624e+00
8.967106738963831702e+00
1.338856232767153109e+01
2.959731964091544931e+00
0.000000000000000000e+00
0.000000000000000000e+00
0.000000000000000000e+00
4.311721402907301659e+00
0.000000000000000000e+00
0.000000000000000000e+00
0.000000000000000000e+00
1.364076919001420141e+00
0.000000000000000000e+00
0.000000000000000000e+00
1.272255159682329495e+00
0.000000000000000000e+00
0.000000000000000000e+00
0.000000000000000000e+00
0.000000000000000000e+00
0.000000000000000000e+00
8.960553845713439269e-01
0.000000000000000000e+00
6.971348588680905678e-01
5.906318823794730610e-01
0.000000000000000000e+00
3.858302793476471870e-01
2.961984274725674715e-01
2.189080473647392056e-01
0.000000000000000000e+00
1.042954806385087280e-01
6.582274177809292748e-02
0.000000000000000000e+00
0.000000000000000000e+00
0.000000000000000000e+00
4.882802798757875269e-03
1.220703087104389522e-03
0.000000000000000000e+00
0.000000000000000000e+00
0.000000000000000000e+00
0.000000000000000000e+00
0.000000000000000000e+00
0.000000000000000000e+00
0.000000000000000000e+00
0.000000000000000000e+00
0.000000000000000000e+00
0.000000000000000000e+00
0.000000000000000000e+00
0.000000000000000000e+00
0.000000000000000000e+00
0.000000000000000000e+00
0.000000000000000000e+00
0.000000000000000000e+00
6.044600007696883104e+00
7.530976049892881719e+00
1.200542615891421150e+01
8.967106738963831702e+00
0.000000000000000000e+00
4.439597946137316953e+00
0.000000000000000000e+00
0.000000000000000000e+00
1.450024003277625040e+00
1.437240467635767294e+00
0.000000000000000000e+00
0.000000000000000000e+00
1.386476391214087167e+00
0.000000000000000000e+00
0.000000000000000000e+00
0.000000000000000000e+00
0.000000000000000000e+00
0.000000000000000000e+00
0.000000000000000000e+00
0.000000000000000000e+00
0.000000000000000000e+00
9.825870786883099672e-01
0.000000000000000000e+00
0.000000000000000000e+00
0.000000000000000000e+00
5.906318823794730610e-01
0.000000000000000000e+00
3.858302793476471870e-01
0.000000000000000000e+00
0.000000000000000000e+00
0.000000000000000000e+00
1.042954806385087280e-01
0.000000000000000000e+00
0.000000000000000000e+00
1.952876704141370823e-02
8.239559626510307641e-03
4.882802798757875269e-03
3.356933489537071349e-03
0.000000000000000000e+00
0.000000000000000000e+00
0.000000000000000000e+00
0.000000000000000000e+00
0.000000000000000000e+00
0.000000000000000000e+00
0.000000000000000000e+00
0.000000000000000000e+00
0.000000000000000000e+00
0.000000000000000000e+00
0.000000000000000000e+00
0.000000000000000000e+00
0.000000000000000000e+00
0.000000000000000000e+00
0.000000000000000000e+00
0.000000000000000000e+00
0.000000000000000000e+00
7.555750009621103658e+00
4.518585629935728321e+00
3.001356539728552875e+00
0.000000000000000000e+00
2.975236072815895749e+00
0.000000000000000000e+00
0.000000000000000000e+00
0.000000000000000000e+00
1.450024003277625040e+00
0.000000000000000000e+00
0.000000000000000000e+00
0.000000000000000000e+00
0.000000000000000000e+00
0.000000000000000000e+00
0.000000000000000000e+00
0.000000000000000000e+00
1.272255159682329495e+00
1.230715447488967884e+00
0.000000000000000000e+00
0.000000000000000000e+00
0.000000000000000000e+00
9.825870786883099672e-01
0.000000000000000000e+00
0.000000000000000000e+00
0.000000000000000000e+00
0.000000000000000000e+00
0.000000000000000000e+00
3.858302793476471870e-01
0.000000000000000000e+00
0.000000000000000000e+00
0.000000000000000000e+00
0.000000000000000000e+00
0.000000000000000000e+00
1.143854552348113895e-01
1.952876704141370823e-02
0.000000000000000000e+00
0.000000000000000000e+00
2.441406174208779045e-03
0.000000000000000000e+00
0.000000000000000000e+00
0.000000000000000000e+00
0.000000000000000000e+00
0.000000000000000000e+00
0.000000000000000000e+00
0.000000000000000000e+00
0.000000000000000000e+00
0.000000000000000000e+00
0.000000000000000000e+00
0.000000000000000000e+00
0.000000000000000000e+00
0.000000000000000000e+00
0.000000000000000000e+00
0.000000000000000000e+00
0.000000000000000000e+00
0.000000000000000000e+00
4.546836305209025042e+00
9.066900011545325100e+00
4.518585629935728321e+00
3.001356539728552875e+00
0.000000000000000000e+00
1.487618036407947875e+00
0.000000000000000000e+00
0.000000000000000000e+00
0.000000000000000000e+00
1.450024003277625040e+00
1.437240467635767294e+00
0.000000000000000000e+00
0.000000000000000000e+00
0.000000000000000000e+00
0.000000000000000000e+00
0.000000000000000000e+00
0.000000000000000000e+00
0.000000000000000000e+00
0.000000000000000000e+00
1.182041580245927204e+00
0.000000000000000000e+00
0.000000000000000000e+00
0.000000000000000000e+00
0.000000000000000000e+00
0.000000000000000000e+00
6.971348588680905678e-01
0.000000000000000000e+00
0.000000000000000000e+00
0.000000000000000000e+00
0.000000000000000000e+00
0.000000000000000000e+00
1.549967419239409727e-01
0.000000000000000000e+00
6.582274177809292748e-02
3.812848507827046318e-02
1.952876704141370823e-02
8.239559626510307641e-03
7.324204198136813337e-03
3.051757717760973914e-03
0.000000000000000000e+00
0.000000000000000000e+00
0.000000000000000000e+00
0.000000000000000000e+00
0.000000000000000000e+00
0.000000000000000000e+00
0.000000000000000000e+00
0.000000000000000000e+00
0.000000000000000000e+00
0.000000000000000000e+00
0.000000000000000000e+00
0.000000000000000000e+00
0.000000000000000000e+00
0.000000000000000000e+00
0.000000000000000000e+00
0.000000000000000000e+00
0.000000000000000000e+00
4.558922987400940485e+00
3.031224203472683065e+00
3.022300003848441552e+00
3.012390419957152510e+00
0.000000000000000000e+00
1.494517789827305210e+00
1.487618036407947875e+00
0.000000000000000000e+00
1.471127674303734700e+00
0.000000000000000000e+00
0.000000000000000000e+00
0.000000000000000000e+00
0.000000000000000000e+00
0.000000000000000000e+00
1.386476391214087167e+00
1.364076919001420141e+00
0.000000000000000000e+00
0.000000000000000000e+00
0.000000000000000000e+00
0.000000000000000000e+00
0.000000000000000000e+00
0.000000000000000000e+00
0.000000000000000000e+00
0.000000000000000000e+00
0.000000000000000000e+00
0.000000000000000000e+00
6.971348588680905678e-01
0.000000000000000000e+00
0.000000000000000000e+00
0.000000000000000000e+00
0.000000000000000000e+00
0.000000000000000000e+00
1.549967419239409727e-01
0.000000000000000000e+00
0.000000000000000000e+00
0.000000000000000000e+00
0.000000000000000000e+00
8.239559626510307641e-03
9.765605597515750538e-03
2.136230402432681610e-03
0.000000000000000000e+00
0.000000000000000000e+00
0.000000000000000000e+00
0.000000000000000000e+00
0.000000000000000000e+00
0.000000000000000000e+00
0.000000000000000000e+00
0.000000000000000000e+00
0.000000000000000000e+00
0.000000000000000000e+00
0.000000000000000000e+00
0.000000000000000000e+00
0.000000000000000000e+00
0.000000000000000000e+00
0.000000000000000000e+00
0.000000000000000000e+00
1.526596647263466888e+00
1.218630249941928412e+01
7.598204979001566883e+00
3.031224203472683065e+00
3.022300003848441552e+00
1.506195209978576255e+00
0.000000000000000000e+00
0.000000000000000000e+00
0.000000000000000000e+00
0.000000000000000000e+00
0.000000000000000000e+00
0.000000000000000000e+00
1.450024003277625040e+00
0.000000000000000000e+00
0.000000000000000000e+00
0.000000000000000000e+00
0.000000000000000000e+00
0.000000000000000000e+00
0.000000000000000000e+00
0.000000000000000000e+00
0.000000000000000000e+00
0.000000000000000000e+00
0.000000000000000000e+00
0.000000000000000000e+00
1.058888938575228922e+00
9.825870786883099672e-01
1.792110769142687854e+00
0.000000000000000000e+00
0.000000000000000000e+00
0.000000000000000000e+00
0.000000000000000000e+00
0.000000000000000000e+00
0.000000000000000000e+00
0.000000000000000000e+00
0.000000000000000000e+00
0.000000000000000000e+00
0.000000000000000000e+00
0.000000000000000000e+00
3.905753408282741646e-02
0.000000000000000000e+00
9.765605597515750538e-03
1.831054630656584175e-03
0.000000000000000000e+00
0.000000000000000000e+00
0.000000000000000000e+00
0.000000000000000000e+00
0.000000000000000000e+00
0.000000000000000000e+00
0.000000000000000000e+00
0.000000000000000000e+00
0.000000000000000000e+00
0.000000000000000000e+00
0.000000000000000000e+00
0.000000000000000000e+00
0.000000000000000000e+00
0.000000000000000000e+00
0.000000000000000000e+00
0.000000000000000000e+00
0.000000000000000000e+00
3.053193294526933776e+00
1.218630249941928412e+01
1.519640995800313421e+00
0.000000000000000000e+00
0.000000000000000000e+00
0.000000000000000000e+00
0.000000000000000000e+00
0.000000000000000000e+00
0.000000000000000000e+00
0.000000000000000000e+00
0.000000000000000000e+00
0.000000000000000000e+00
0.000000000000000000e+00
1.437240467635767294e+00
0.000000000000000000e+00
0.000000000000000000e+00
0.000000000000000000e+00
0.000000000000000000e+00
0.000000000000000000e+00
0.000000000000000000e+00
0.000000000000000000e+00
0.000000000000000000e+00
0.000000000000000000e+00
0.000000000000000000e+00
0.000000000000000000e+00
0.000000000000000000e+00
0.000000000000000000e+00
0.000000000000000000e+00
0.000000000000000000e+00
0.000000000000000000e+00
4.852825635592212805e-01
0.000000000000000000e+00
2.961984274725674715e-01
2.189080473647392056e-01
0.000000000000000000e+00
0.000000000000000000e+00
6.582274177809292748e-02
0.000000000000000000e+00
0.000000000000000000e+00
8.239559626510307641e-03
4.882802798757875269e-03
1.525878858880486957e-03
0.000000000000000000e+00
0.000000000000000000e+00
0.000000000000000000e+00
0.000000000000000000e+00
0.000000000000000000e+00
0.000000000000000000e+00
0.000000000000000000e+00
0.000000000000000000e+00
0.000000000000000000e+00
0.000000000000000000e+00
0.000000000000000000e+00
0.000000000000000000e+00
0.000000000000000000e+00
0.000000000000000000e+00
0.000000000000000000e+00
0.000000000000000000e+00
1.532347965967065351e+00
6.118422628528572993e+00
1.526596647263466888e+00
3.046575624854821029e+00
1.519640995800313421e+00
1.515612101736341533e+00
0.000000000000000000e+00
0.000000000000000000e+00
0.000000000000000000e+00
0.000000000000000000e+00
0.000000000000000000e+00
1.479865982045772466e+00
0.000000000000000000e+00
0.000000000000000000e+00
0.000000000000000000e+00
1.437240467635767294e+00
0.000000000000000000e+00
0.000000000000000000e+00
0.000000000000000000e+00
0.000000000000000000e+00
0.000000000000000000e+00
0.000000000000000000e+00
0.000000000000000000e+00
0.000000000000000000e+00
0.000000000000000000e+00
0.000000000000000000e+00
0.000000000000000000e+00
0.000000000000000000e+00
0.000000000000000000e+00
0.000000000000000000e+00
0.000000000000000000e+00
0.000000000000000000e+00
0.000000000000000000e+00
0.000000000000000000e+00
0.000000000000000000e+00
0.000000000000000000e+00
1.549967419239409727e-01
1.042954806385087280e-01
6.582274177809292748e-02
0.000000000000000000e+00
0.000000000000000000e+00
0.000000000000000000e+00
2.441401399378937635e-03
9.155273153282920875e-04
0.000000000000000000e+00
0.000000000000000000e+00
0.000000000000000000e+00
0.000000000000000000e+00
0.000000000000000000e+00
0.000000000000000000e+00
0.000000000000000000e+00
0.000000000000000000e+00
0.000000000000000000e+00
0.000000000000000000e+00
0.000000000000000000e+00
0.000000000000000000e+00
0.000000000000000000e+00
0.000000000000000000e+00
0.000000000000000000e+00
0.000000000000000000e+00
0.000000000000000000e+00
1.532347965967065351e+00
1.070723959992500340e+01
1.526596647263466888e+00
4.569863437282231544e+00
0.000000000000000000e+00
0.000000000000000000e+00
0.000000000000000000e+00
0.000000000000000000e+00
0.000000000000000000e+00
0.000000000000000000e+00
0.000000000000000000e+00
0.000000000000000000e+00
0.000000000000000000e+00
0.000000000000000000e+00
1.450024003277625040e+00
0.000000000000000000e+00
0.000000000000000000e+00
0.000000000000000000e+00
0.000000000000000000e+00
0.000000000000000000e+00
1.338054815040071732e+00
0.000000000000000000e+00
0.000000000000000000e+00
0.000000000000000000e+00
1.182041580245927204e+00
0.000000000000000000e+00
0.000000000000000000e+00
9.825870786883099672e-01
0.000000000000000000e+00
0.000000000000000000e+00
0.000000000000000000e+00
0.000000000000000000e+00
0.000000000000000000e+00
0.000000000000000000e+00
0.000000000000000000e+00
0.000000000000000000e+00
1.549967419239409727e-01
0.000000000000000000e+00
0.000000000000000000e+00
0.000000000000000000e+00
0.000000000000000000e+00
0.000000000000000000e+00
9.765605597515750538e-03
1.525878858880486957e-03
0.000000000000000000e+00
0.000000000000000000e+00
0.000000000000000000e+00
0.000000000000000000e+00
0.000000000000000000e+00
0.000000000000000000e+00
0.000000000000000000e+00
0.000000000000000000e+00
0.000000000000000000e+00
0.000000000000000000e+00
0.000000000000000000e+00
0.000000000000000000e+00
0.000000000000000000e+00
0.000000000000000000e+00
0.000000000000000000e+00
0.000000000000000000e+00
3.074288409476952033e+00
4.604557253353314117e+00
3.064695931934130702e+00
3.059211314264286496e+00
0.000000000000000000e+00
0.000000000000000000e+00
0.000000000000000000e+00
0.000000000000000000e+00
0.000000000000000000e+00
1.506195209978576255e+00
0.000000000000000000e+00
0.000000000000000000e+00
0.000000000000000000e+00
0.000000000000000000e+00
0.000000000000000000e+00
0.000000000000000000e+00
0.000000000000000000e+00
0.000000000000000000e+00
0.000000000000000000e+00
0.000000000000000000e+00
0.000000000000000000e+00
0.000000000000000000e+00
0.000000000000000000e+00
0.000000000000000000e+00
0.000000000000000000e+00
0.000000000000000000e+00
0.000000000000000000e+00
0.000000000000000000e+00
0.000000000000000000e+00
0.000000000000000000e+00
0.000000000000000000e+00
0.000000000000000000e+00
0.000000000000000000e+00
0.000000000000000000e+00
0.000000000000000000e+00
0.000000000000000000e+00
0.000000000000000000e+00
0.000000000000000000e+00
0.000000000000000000e+00
0.000000000000000000e+00
0.000000000000000000e+00
0.000000000000000000e+00
1.952876704141370823e-02
1.647911925302061528e-02
0.000000000000000000e+00
3.051757717760973806e-04
0.000000000000000000e+00
0.000000000000000000e+00
0.000000000000000000e+00
0.000000000000000000e+00
0.000000000000000000e+00
0.000000000000000000e+00
0.000000000000000000e+00
0.000000000000000000e+00
0.000000000000000000e+00
0.000000000000000000e+00
0.000000000000000000e+00
0.000000000000000000e+00
0.000000000000000000e+00
0.000000000000000000e+00
0.000000000000000000e+00
0.000000000000000000e+00
0.000000000000000000e+00
7.685721023692380527e+00
0.000000000000000000e+00
0.000000000000000000e+00
0.000000000000000000e+00
1.526596647263466888e+00
0.000000000000000000e+00
1.519640995800313421e+00
1.515612101736341533e+00
0.000000000000000000e+00
0.000000000000000000e+00
0.000000000000000000e+00
0.000000000000000000e+00
0.000000000000000000e+00
0.000000000000000000e+00
0.000000000000000000e+00
0.000000000000000000e+00
0.000000000000000000e+00
0.000000000000000000e+00
0.000000000000000000e+00
0.000000000000000000e+00
0.000000000000000000e+00
0.000000000000000000e+00
0.000000000000000000e+00
0.000000000000000000e+00
0.000000000000000000e+00
0.000000000000000000e+00
0.000000000000000000e+00
0.000000000000000000e+00
0.000000000000000000e+00
0.000000000000000000e+00
0.000000000000000000e+00
8.001600123562556677e-01
0.000000000000000000e+00
0.000000000000000000e+00
0.000000000000000000e+00
0.000000000000000000e+00
2.961984274725674715e-01
0.000000000000000000e+00
0.000000000000000000e+00
0.000000000000000000e+00
0.000000000000000000e+00
0.000000000000000000e+00
0.000000000000000000e+00
0.000000000000000000e+00
0.000000000000000000e+00
1.220703087104389522e-03
0.000000000000000000e+00
0.000000000000000000e+00
0.000000000000000000e+00
0.000000000000000000e+00
0.000000000000000000e+00
0.000000000000000000e+00
0.000000000000000000e+00
0.000000000000000000e+00
0.000000000000000000e+00
0.000000000000000000e+00
0.000000000000000000e+00
0.000000000000000000e+00
0.000000000000000000e+00
0.000000000000000000e+00
0.000000000000000000e+00
0.000000000000000000e+00
0.000000000000000000e+00
0.000000000000000000e+00
1.537144204738476017e+00
1.534852417784438039e+00
0.000000000000000000e+00
0.000000000000000000e+00
0.000000000000000000e+00
0.000000000000000000e+00
0.000000000000000000e+00
0.000000000000000000e+00
0.000000000000000000e+00
0.000000000000000000e+00
0.000000000000000000e+00
0.000000000000000000e+00
0.000000000000000000e+00
0.000000000000000000e+00
0.000000000000000000e+00
0.000000000000000000e+00
0.000000000000000000e+00
0.000000000000000000e+00
0.000000000000000000e+00
0.000000000000000000e+00
0.000000000000000000e+00
0.000000000000000000e+00
0.000000000000000000e+00
0.000000000000000000e+00
0.000000000000000000e+00
0.000000000000000000e+00
0.000000000000000000e+00
0.000000000000000000e+00
0.000000000000000000e+00
0.000000000000000000e+00
0.000000000000000000e+00
0.000000000000000000e+00
0.000000000000000000e+00
0.000000000000000000e+00
0.000000000000000000e+00
0.000000000000000000e+00
0.000000000000000000e+00
0.000000000000000000e+00
0.000000000000000000e+00
0.000000000000000000e+00
0.000000000000000000e+00
0.000000000000000000e+00
0.000000000000000000e+00
0.000000000000000000e+00
0.000000000000000000e+00
0.000000000000000000e+00
0.000000000000000000e+00
