# pd_vector
0.000000000000000000e+00
0.000000000000000000e+00
0.000000000000000000e+00
0.000000000000000000e+00
0.000000000000000000e+00
0.000000000000000000e+00
0.000000000000000000e+00
0.000000000000000000e+00
0.000000000000000000e+00
0.000000000000000000e+00
0.000000000000000000e+00
0.000000000000000000e+00
0.000000000000000000e+00
7.324218522626336700e-03
0.000000000000000000e+00
0.000000000000000000e+00
0.000000000000000000e+00
0.000000000000000000e+00
0.000000000000000000e+00
1.800537053478974692e-02
0.000000000000000000e+00
0.000000000000000000e+00
0.000000000000000000e+00
0.000000000000000000e+00
0.000000000000000000e+00
0.000000000000000000e+00
6.860351349526668807e-01
0.000000000000000000e+00
0.000000000000000000e+00
0.000000000000000000e+00
0.000000000000000000e+00
0.000000000000000000e+00
0.000000000000000000e+00
0.000000000000000000e+00
1.740112250667307237e+00
0.000000000000000000e+00
0.000000000000000000e+00
0.000000000000000000e+00
0.000000000000000000e+00
0.000000000000000000e+00
0.000000000000000000e+00
0.000000000000000000e+00
5.126942938695768781e-01
7.063598413529549980e+00
0.000000000000000000e+00
0.000000000000000000e+00
0.000000000000000000e+00
0.000000000000000000e+00
0.000000000000000000e+00
0.000000000000000000e+00
0.000000000000000000e+00
0.000000000000000000e+00
2.800287405087641623e+00
1.088897671274293089e+01
0.000000000000000000e+00
0.000000000000000000e+00
0.000000000000000000e+00
0.000000000000000000e+00
0.000000000000000000e+00
0.000000000000000000e+00
0.000000000000000000e+00
0.000000000000000000e+00
4.861340179641081560e-01
5.102528924701979385e+00
1.148040735844500659e+01
0.000000000000000000e+00
0.000000000000000000e+00
0.000000000000000000e+00
0.000000000000000000e+00
0.000000000000000000e+00
0.000000000000000000e+00
0.000000000000000000e+00
0.000000000000000000e+00
5.858630112424112468e-02
2.348274493555437825e+00
7.985823977368505133e+00
1.142211878603577269e+01
0.000000000000000000e+00
0.000000000000000000e+00
0.000000000000000000e+00
0.000000000000000000e+00
0.000000000000000000e+00
0.000000000000000000e+00
0.000000000000000000e+00
0.000000000000000000e+00
0.000000000000000000e+00
6.053917782838249551e-01
5.050850051050818301e+00
1.120603242314932402e+01
1.092773403575849578e+01
0.000000000000000000e+00
0.000000000000000000e+00
0.000000000000000000e+00
0.000000000000000000e+00
0.000000000000000000e+00
0.000000000000000000e+00
0.000000000000000000e+00
0.000000000000000000e+00
0.000000000000000000e+00
2.287709104696227791e-01
3.437062999288812648e+00
1.117284285354797646e+01
1.425045996817485872e+01
9.992675471036532642e+00
0.000000000000000000e+00
0.000000000000000000e+00
0.000000000000000000e+00
0.000000000000000000e+00
0.000000000000000000e+00
0.000000000000000000e+00
0.000000000000000000e+00
0.000000000000000000e+00
0.000000000000000000e+00
6.582274177809292748e-02
1.715781828522170871e+00
9.158991742423030047e+00
1.751730376596091432e+01
1.579586705398172697e+01
8.898620329219223635e+00
0.000000000000000000e+00
0.000000000000000000e+00
0.000000000000000000e+00
0.000000000000000000e+00
0.000000000000000000e+00
0.000000000000000000e+00
0.000000000000000000e+00
0.000000000000000000e+00
0.000000000000000000e+00
0.000000000000000000e+00
5.265819342247434198e-01
7.015641254401765003e+00
1.923583553579250349e+01
2.326027682563859855e+01
1.542233263987674974e+01
7.705993413118235047e+00
0.000000000000000000e+00
0.000000000000000000e+00
0.000000000000000000e+00
0.000000000000000000e+00
0.000000000000000000e+00
0.000000000000000000e+00
0.000000000000000000e+00
0.000000000000000000e+00
0.000000000000000000e+00
0.000000000000000000e+00
4.171819225540349119e-01
4.673414666244597448e+00
1.612834918810840534e+01
2.689111221602667712e+01
2.583101942910981563e+01
1.480465808583387854e+01
6.448058881857161140e+00
0.000000000000000000e+00
0.000000000000000000e+00
0.000000000000000000e+00
0.000000000000000000e+00
0.000000000000000000e+00
0.000000000000000000e+00
0.000000000000000000e+00
0.000000000000000000e+00
0.000000000000000000e+00
0.000000000000000000e+00
0.000000000000000000e+00
2.398796054685700785e+00
1.606074899385467347e+01
3.042653109245982890e+01
3.505413683933760893e+01
2.515537553973597085e+01
1.307370449367421017e+01
5.314025713937184037e+00
0.000000000000000000e+00
0.000000000000000000e+00
0.000000000000000000e+00
0.000000000000000000e+00
0.000000000000000000e+00
0.000000000000000000e+00
0.000000000000000000e+00
0.000000000000000000e+00
0.000000000000000000e+00
0.000000000000000000e+00
2.189080473647392056e-01
1.549967419239409727e+00
1.095102546704341684e+01
3.159491605348460652e+01
4.358085844446313928e+01
3.501507930525477974e+01
2.256815381701173351e+01
1.106687254338472393e+01
4.340515001971432696e+00
0.000000000000000000e+00
0.000000000000000000e+00
0.000000000000000000e+00
0.000000000000000000e+00
0.000000000000000000e+00
0.000000000000000000e+00
0.000000000000000000e+00
0.000000000000000000e+00
0.000000000000000000e+00
0.000000000000000000e+00
0.000000000000000000e+00
6.567241420942175889e-01
9.609797999284340975e+00
3.087146226899858448e+01
4.482528715088128024e+01
4.518225481775049701e+01
3.302314506703058328e+01
1.900042449873276951e+01
9.191876268661699712e+00
3.467712294691794650e+00
0.000000000000000000e+00
0.000000000000000000e+00
0.000000000000000000e+00
0.000000000000000000e+00
0.000000000000000000e+00
0.000000000000000000e+00
0.000000000000000000e+00
0.000000000000000000e+00
0.000000000000000000e+00
0.000000000000000000e+00
0.000000000000000000e+00
2.961984274725674715e-01
6.129425326212698089e+00
2.278452106281932288e+01
4.828880753562954453e+01
5.588350776960089661e+01
4.201759055625404926e+01
2.870728755087814932e+01
1.628136982198436655e+01
7.185044318372213468e+00
2.833251865169287953e+00
0.000000000000000000e+00
0.000000000000000000e+00
0.000000000000000000e+00
0.000000000000000000e+00
0.000000000000000000e+00
0.000000000000000000e+00
0.000000000000000000e+00
0.000000000000000000e+00
0.000000000000000000e+00
0.000000000000000000e+00
0.000000000000000000e+00
0.000000000000000000e+00
3.554381129670809436e+00
2.254752887856813715e+01
4.293409751293165044e+01
6.205581097991269246e+01
5.581768502782280450e+01
3.854789841413143847e+01
2.550456975608630472e+01
1.305970200801883685e+01
5.781238513729324069e+00
2.198486259875005455e+00
0.000000000000000000e+00
0.000000000000000000e+00
0.000000000000000000e+00
0.000000000000000000e+00
0.000000000000000000e+00
0.000000000000000000e+00
0.000000000000000000e+00
0.000000000000000000e+00
0.000000000000000000e+00
0.000000000000000000e+00
0.000000000000000000e+00
4.852825635592212805e-01
3.472472514128824628e+00
2.280727891538769470e+01
4.421942556767731958e+01
6.308367396304397801e+01
6.257728838310523400e+01
4.864300617401067228e+01
2.993086078644231307e+01
1.976311224591067273e+01
1.017585613874022954e+01
4.624014250423708283e+00
1.778259222139319418e+00
0.000000000000000000e+00
0.000000000000000000e+00
0.000000000000000000e+00
0.000000000000000000e+00
0.000000000000000000e+00
0.000000000000000000e+00
0.000000000000000000e+00
0.000000000000000000e+00
0.000000000000000000e+00
0.000000000000000000e+00
0.000000000000000000e+00
0.000000000000000000e+00
9.705651271184425610e-01
1.234656893912470998e+01
5.035373267033646982e+01
7.070729929881076714e+01
7.176349151078467514e+01
5.986560588650400661e+01
4.100756812775189530e+01
2.550795651736293834e+01
1.505667938892996816e+01
7.868779443317343691e+00
3.749992549446048429e+00
1.400146440908734746e+00
0.000000000000000000e+00
0.000000000000000000e+00
0.000000000000000000e+00
0.000000000000000000e+00
0.000000000000000000e+00
0.000000000000000000e+00
0.000000000000000000e+00
0.000000000000000000e+00
0.000000000000000000e+00
0.000000000000000000e+00
0.000000000000000000e+00
0.000000000000000000e+00
1.771895647138419072e+00
9.220368707625205218e+00
3.549638569998354143e+01
5.894348706704092677e+01
7.902580509867085823e+01
7.594840354273107152e+01
5.204344483861585502e+01
3.271390266371218303e+01
1.822541586741328246e+01
1.347484925857545868e+01
6.187909279509240967e+00
3.049310347824293110e+00
1.134033167919977769e+00
0.000000000000000000e+00
0.000000000000000000e+00
0.000000000000000000e+00
0.000000000000000000e+00
0.000000000000000000e+00
0.000000000000000000e+00
0.000000000000000000e+00
0.000000000000000000e+00
0.000000000000000000e+00
0.000000000000000000e+00
0.000000000000000000e+00
0.000000000000000000e+00
2.091404576604271703e+00
1.181263764758946166e+01
3.542562713982315614e+01
6.713446860649061421e+01
9.093291723407821792e+01
8.581195456697777502e+01
5.424885967337934289e+01
4.213537417795752305e+01
2.619745122768098611e+01
1.521326554622991445e+01
9.569095850292717031e+00
4.820142381508530249e+00
2.221675273434833287e+00
8.679198949312209033e-01
0.000000000000000000e+00
0.000000000000000000e+00
0.000000000000000000e+00
0.000000000000000000e+00
0.000000000000000000e+00
0.000000000000000000e+00
0.000000000000000000e+00
0.000000000000000000e+00
0.000000000000000000e+00
0.000000000000000000e+00
0.000000000000000000e+00
0.000000000000000000e+00
0.000000000000000000e+00
4.879944012076633975e+00
2.775969847183523243e+01
6.842484146185020677e+01
9.337092760213062093e+01
8.500894868462685849e+01
5.910517278847958522e+01
4.649902257718229492e+01
3.170582611410665308e+01
1.875948140675648546e+01
1.143854552348113884e+01
7.167057504198830920e+00
4.259852326905829045e+00
1.936031309707497483e+00
6.936645292470693391e-01
0.000000000000000000e+00
0.000000000000000000e+00
0.000000000000000000e+00
0.000000000000000000e+00
0.000000000000000000e+00
0.000000000000000000e+00
0.000000000000000000e+00
0.000000000000000000e+00
0.000000000000000000e+00
0.000000000000000000e+00
0.000000000000000000e+00
0.000000000000000000e+00
0.000000000000000000e+00
3.200640049425022671e+00
2.021691090717462558e+01
5.315686941415257394e+01
9.317425220337048586e+01
9.182760648474003062e+01
6.960663045605335242e+01
4.662741408868944859e+01
3.518426041673460247e+01
2.555239275643463870e+01
1.513923060896137329e+01
1.044720491144610719e+01
5.800043811299871344e+00
2.958001905917200247e+00
1.447751029831710001e+00
5.438232253050054865e-01
0.000000000000000000e+00
0.000000000000000000e+00
0.000000000000000000e+00
0.000000000000000000e+00
0.000000000000000000e+00
0.000000000000000000e+00
0.000000000000000000e+00
0.000000000000000000e+00
0.000000000000000000e+00
0.000000000000000000e+00
0.000000000000000000e+00
0.000000000000000000e+00
9.825870786883099672e-01
3.584221538285375708e+00
1.680336025948136935e+01
5.228511441510678992e+01
8.209783165074675537e+01
1.091885768008247908e+02
7.407941363474826346e+01
5.894348706704092677e+01
4.181143704666519056e+01
2.464448196590661411e+01
2.075480064706323802e+01
1.204556174539100510e+01
7.130026709636577031e+00
4.511145186566566601e+00
2.364753612808458083e+00
1.115720439516174389e+00
4.455566267931021507e-01
0.000000000000000000e+00
0.000000000000000000e+00
0.000000000000000000e+00
0.000000000000000000e+00
0.000000000000000000e+00
0.000000000000000000e+00
0.000000000000000000e+00
0.000000000000000000e+00
0.000000000000000000e+00
0.000000000000000000e+00
0.000000000000000000e+00
0.000000000000000000e+00
0.000000000000000000e+00
2.947761236064930124e+00
1.612899692228419113e+01
4.240848065488155072e+01
9.411320594719222754e+01
1.009980518868898969e+02
7.618936247879774726e+01
5.748871162279942837e+01
3.435901758681782781e+01
2.911477029951031525e+01
2.154454712742779421e+01
1.491425373130674892e+01
7.767083529814965637e+00
4.651675179548996120e+00
3.046487658460538483e+00
1.944536071856432624e+00
9.423809401602699642e-01
3.759765508281519564e-01
0.000000000000000000e+00
0.000000000000000000e+00
0.000000000000000000e+00
0.000000000000000000e+00
0.000000000000000000e+00
0.000000000000000000e+00
0.000000000000000000e+00
0.000000000000000000e+00
0.000000000000000000e+00
0.000000000000000000e+00
0.000000000000000000e+00
0.000000000000000000e+00
0.000000000000000000e+00
1.058888938575228922e+00
9.825870786883099228e+00
3.136193845999703811e+01
6.881376106263799386e+01
8.783899221737941332e+01
8.327909541550570793e+01
5.726334249998811288e+01
4.745712435976060561e+01
2.813885060989391107e+01
2.189080473647392111e+01
1.658465138586168308e+01
9.386593257465785101e+00
6.582274177809292581e+00
3.736591537670505225e+00
2.304394510886817571e+00
1.318329540241649278e+00
6.835923918261025412e-01
2.694702064782940054e-01
0.000000000000000000e+00
0.000000000000000000e+00
0.000000000000000000e+00
0.000000000000000000e+00
0.000000000000000000e+00
0.000000000000000000e+00
0.000000000000000000e+00
0.000000000000000000e+00
0.000000000000000000e+00
0.000000000000000000e+00
0.000000000000000000e+00
0.000000000000000000e+00
0.000000000000000000e+00
0.000000000000000000e+00
3.176666815725686988e+00
3.046019943933760743e+01
6.720415384285080052e+01
9.521904147039442989e+01
9.411320594719222754e+01
6.024445200270625378e+01
4.513127841100757820e+01
3.395306458259295113e+01
2.784265218242134310e+01
1.729373574181439821e+01
9.919791483132222254e+00
6.987797202780084760e+00
4.410123699132226349e+00
3.736591537670505225e+00
1.952876704141370823e+00
1.046424072566809027e+00
5.810535330521872099e-01
2.117919856126115885e-01
0.000000000000000000e+00
0.000000000000000000e+00
0.000000000000000000e+00
0.000000000000000000e+00
0.000000000000000000e+00
0.000000000000000000e+00
0.000000000000000000e+00
0.000000000000000000e+00
0.000000000000000000e+00
0.000000000000000000e+00
0.000000000000000000e+00
0.000000000000000000e+00
0.000000000000000000e+00
0.000000000000000000e+00
6.750701918744343999e+00
1.800111195577889234e+01
6.190298595736352638e+01
8.333315076513498809e+01
7.201440111206301253e+01
5.228511441510678992e+01
4.075359988418364310e+01
3.202864919490860274e+01
2.546479843694471512e+01
1.244033395384783347e+01
1.247775869979013486e+01
9.299804515436457919e+00
5.944842396394997230e+00
4.146832732019854362e+00
2.249580619617957300e+00
1.523243829230269242e+00
7.992372837714998290e-01
4.492178574857245144e-01
1.809692326632257597e-01
0.000000000000000000e+00
0.000000000000000000e+00
0.000000000000000000e+00
0.000000000000000000e+00
0.000000000000000000e+00
0.000000000000000000e+00
0.000000000000000000e+00
0.000000000000000000e+00
0.000000000000000000e+00
0.000000000000000000e+00
0.000000000000000000e+00
0.000000000000000000e+00
0.000000000000000000e+00
0.000000000000000000e+00
1.182041580245927204e+00
1.800187178331825066e+01
6.459222525308896934e+01
9.039801123932451787e+01
8.064498461142095209e+01
4.960992076608785339e+01
3.625101266114070597e+01
3.189412164849154507e+01
2.571997586863872698e+01
1.697653229129647556e+01
1.125554024395756336e+01
1.006977017877800407e+01
5.889876193109756741e+00
3.546046341709296890e+00
3.225314347126553294e+00
2.325837589774498060e+00
1.191254789526236202e+00
6.426856508678040480e-01
3.466789987118091276e-01
1.367187457556916230e-01
0.000000000000000000e+00
0.000000000000000000e+00
0.000000000000000000e+00
0.000000000000000000e+00
0.000000000000000000e+00
0.000000000000000000e+00
0.000000000000000000e+00
0.000000000000000000e+00
0.000000000000000000e+00
0.000000000000000000e+00
0.000000000000000000e+00
0.000000000000000000e+00
0.000000000000000000e+00
0.000000000000000000e+00
3.692146342466903874e+00
1.182041580245927292e+01
5.063026439058258177e+01
8.047555933171739184e+01
7.271144382293493891e+01
5.376332307428063473e+01
4.160832064252529250e+01
3.206820350793216789e+01
1.653769270662524704e+01
1.504375947033586058e+01
1.196073865977706241e+01
8.293555969231888980e+00
6.129425326212698089e+00
5.579882709261875462e+00
3.441750861070787870e+00
2.764555154679902760e+00
1.563267888209088907e+00
1.035024653194926536e+00
6.509252104943142880e-01
2.661127525323042087e-01
1.095581020676189565e-01
0.000000000000000000e+00
0.000000000000000000e+00
0.000000000000000000e+00
0.000000000000000000e+00
0.000000000000000000e+00
0.000000000000000000e+00
0.000000000000000000e+00
0.000000000000000000e+00
0.000000000000000000e+00
0.000000000000000000e+00
0.000000000000000000e+00
0.000000000000000000e+00
0.000000000000000000e+00
0.000000000000000000e+00
2.544510319364658990e+00
9.845723579911743073e+00
5.555595427155857635e+01
6.300655124161387732e+01
6.353333631451373265e+01
5.207711517048042538e+01
4.032249230571047605e+01
1.840368028419387869e+01
2.509685491925126044e+01
1.535642894186629981e+01
6.793955889829097927e+00
6.173284469562354992e+00
8.293555969231888980e+00
5.472701184118480278e+00
3.254931580402760538e+00
3.233159899793770720e+00
1.053163868449486840e+00
9.913406120350320982e-01
8.983232839050305785e-01
4.449362198315566230e-01
2.099605203465886305e-01
9.307861039170969852e-02
0.000000000000000000e+00
0.000000000000000000e+00
0.000000000000000000e+00
0.000000000000000000e+00
0.000000000000000000e+00
0.000000000000000000e+00
0.000000000000000000e+00
0.000000000000000000e+00
0.000000000000000000e+00
0.000000000000000000e+00
0.000000000000000000e+00
0.000000000000000000e+00
0.000000000000000000e+00
0.000000000000000000e+00
2.615439313590881110e+00
1.017804127745863596e+01
4.307504066211387794e+01
6.383024533328006811e+01
5.288049836349735955e+01
4.235555754300915510e+01
4.225124438359733148e+01
2.419349538342628492e+01
1.600320024712511469e+01
1.254842745962563022e+01
1.122200576520998894e+01
6.793955889829097927e+00
8.874096424995885357e+00
6.812563831869051789e+00
3.064712663106349044e+00
2.479947870783055563e+00
1.773023170854648445e+00
1.184809352005672611e+00
1.029469097113302478e+00
5.272767101181701221e-01
3.625406235664535570e-01
1.879879077521781905e-01
7.629394294402434828e-02
0.000000000000000000e+00
0.000000000000000000e+00
0.000000000000000000e+00
0.000000000000000000e+00
0.000000000000000000e+00
0.000000000000000000e+00
0.000000000000000000e+00
0.000000000000000000e+00
0.000000000000000000e+00
0.000000000000000000e+00
0.000000000000000000e+00
0.000000000000000000e+00
0.000000000000000000e+00
0.000000000000000000e+00
0.000000000000000000e+00
5.230878627181762219e+00
3.307863415174056598e+01
6.030505692695942344e+01
4.373553846909930343e+01
4.725491343121041155e+01
3.812000178870824385e+01
2.456467696720774896e+01
1.523294153771284698e+01
1.360272021005634713e+01
1.324556231849372168e+01
5.906318823794730832e+00
2.911695381355327683e+00
3.086642234781177496e+00
3.554381129670809436e+00
3.283620710471088167e+00
2.634944612706996647e+00
1.668727690216139647e+00
1.448100319118044377e+00
7.625697015654092636e-01
5.077479430767564139e-01
2.636659080483298445e-01
1.538082881608730801e-01
6.652831824718923037e-02
0.000000000000000000e+00
0.000000000000000000e+00
0.000000000000000000e+00
0.000000000000000000e+00
0.000000000000000000e+00
0.000000000000000000e+00
0.000000000000000000e+00
0.000000000000000000e+00
0.000000000000000000e+00
0.000000000000000000e+00
0.000000000000000000e+00
0.000000000000000000e+00
0.000000000000000000e+00
0.000000000000000000e+00
1.364076919001420141e+00
2.676109630080143464e+00
1.830807519513616910e+01
4.580118574856386005e+01
5.169004879453665069e+01
3.546124740737781877e+01
1.912698876977564311e+01
1.800111195577889234e+01
1.768656741638957897e+01
2.060927384514091187e+01
8.001600123562557343e+00
9.062753165285176493e+00
6.496950706174203560e+00
3.882260508473770244e+00
5.787454190214707417e+00
2.665785847253107299e+00
1.970172426282652767e+00
6.199869676957638909e-01
1.564432209577630850e+00
9.873411266713939538e-01
7.244412164871387727e-01
5.663342442009975386e-01
2.307076695422886070e-01
1.171872671701890134e-01
5.310058428904094324e-02
0.000000000000000000e+00
0.000000000000000000e+00
0.000000000000000000e+00
0.000000000000000000e+00
0.000000000000000000e+00
0.000000000000000000e+00
0.000000000000000000e+00
0.000000000000000000e+00
0.000000000000000000e+00
0.000000000000000000e+00
0.000000000000000000e+00
0.000000000000000000e+00
0.000000000000000000e+00
0.000000000000000000e+00
0.000000000000000000e+00
2.728153838002840281e+00
2.542304148576136313e+01
6.146282386938570852e+01
4.834569606792852170e+01
2.707573984475729389e+01
2.127674844442669055e+01
1.800187178331825066e+01
1.270666726290274795e+01
1.080845786557140897e+01
8.064498461142095564e+00
8.801760135918812011e+00
4.182809153208543407e+00
1.771895647138419072e+00
7.279238453388319208e+00
4.244133072824118891e+00
2.073388992307972245e+00
1.532356331553174522e+00
1.549967419239409727e+00
9.386593257465785101e-01
5.924046760028363057e-01
3.050278806261637055e-01
3.515178067454467481e-01
1.647911925302061598e-01
1.098630629720522001e-01
4.272460804865363393e-02
0.000000000000000000e+00
0.000000000000000000e+00
0.000000000000000000e+00
0.000000000000000000e+00
0.000000000000000000e+00
0.000000000000000000e+00
0.000000000000000000e+00
0.000000000000000000e+00
0.000000000000000000e+00
0.000000000000000000e+00
0.000000000000000000e+00
0.000000000000000000e+00
0.000000000000000000e+00
0.000000000000000000e+00
0.000000000000000000e+00
1.386476391214087167e+00
1.636892302801704346e+01
5.218413778656280044e+01
3.661615039027233820e+01
2.926186867269357705e+01
1.599930081735658227e+01
1.773062370368890939e+01
1.462652082394607866e+01
8.471111508601831375e+00
5.895522472129860247e+00
9.856609230284783862e+00
6.401280098850045341e+00
3.485674294340452839e+00
4.725055059035784488e+00
4.367543072032991525e+00
1.157490838042941617e+00
2.665785847253107299e+00
1.751264378917913644e+00
9.299804515436458363e-01
1.042954806385087307e+00
4.607591924466504785e-01
2.287709104696227791e-01
2.148164374555507905e-01
1.565516329036958365e-01
7.812484478012600431e-02
2.960204986228144597e-02
0.000000000000000000e+00
0.000000000000000000e+00
0.000000000000000000e+00
0.000000000000000000e+00
0.000000000000000000e+00
0.000000000000000000e+00
0.000000000000000000e+00
0.000000000000000000e+00
0.000000000000000000e+00
0.000000000000000000e+00
0.000000000000000000e+00
0.000000000000000000e+00
0.000000000000000000e+00
0.000000000000000000e+00
0.000000000000000000e+00
1.405830553902068791e+00
1.247828752092678428e+01
1.909707686601988286e+01
2.408498667072129251e+01
2.092351450872704888e+01
2.290059287428193002e+01
6.153577237444839199e+00
3.546124740737781611e+00
7.875818905201734665e+00
5.294444692876144387e+00
6.878109550818169993e+00
3.584221538285375708e+00
3.200640049425022671e+00
1.394269717736181136e+00
2.953159411897365416e+00
2.911695381355327683e+00
2.700811955433530365e+00
0.000000000000000000e+00
8.756321894589568222e-01
1.704964161163350589e+00
7.300683644695611374e-01
2.632909671123717099e-01
1.906424253913523159e-01
3.710465737868604563e-01
5.767691738557215175e-02
5.859363358509450670e-02
2.624511637274437592e-02
0.000000000000000000e+00
0.000000000000000000e+00
0.000000000000000000e+00
0.000000000000000000e+00
0.000000000000000000e+00
0.000000000000000000e+00
0.000000000000000000e+00
0.000000000000000000e+00
0.000000000000000000e+00
0.000000000000000000e+00
0.000000000000000000e+00
0.000000000000000000e+00
0.000000000000000000e+00
0.000000000000000000e+00
0.000000000000000000e+00
2.845238559429585923e+00
1.686996664682482461e+01
4.020781534520853029e+01
3.410192297503550662e+01
3.077526074592164917e+01
2.223123416552249054e+01
7.633530958093976970e+00
1.107643902740071162e+01
5.910207901229636462e+00
4.500467945829562666e+00
6.353333631451373975e+00
1.965174157376619934e+00
4.480276922856719857e+00
3.200640049425022671e+00
2.091404576604271703e+00
0.000000000000000000e+00
1.941130254236885122e+00
7.716605586952943741e-01
1.184793709890269886e+00
6.567241420942175889e-01
1.239973935391527782e+00
8.343638451080698237e-01
7.240501595590221884e-01
5.337987910957864290e-01
1.757589033727233740e-01
9.063515589161338926e-02
7.568344338074706190e-02
2.105712825255071780e-02
0.000000000000000000e+00
0.000000000000000000e+00
0.000000000000000000e+00
0.000000000000000000e+00
0.000000000000000000e+00
0.000000000000000000e+00
0.000000000000000000e+00
0.000000000000000000e+00
0.000000000000000000e+00
0.000000000000000000e+00
0.000000000000000000e+00
0.000000000000000000e+00
0.000000000000000000e+00
0.000000000000000000e+00
0.000000000000000000e+00
0.000000000000000000e+00
4.267857839144379106e+00
4.076908606315999606e+01
1.941066947699722078e+01
2.318930762302414195e+01
1.070443852032057386e+01
9.154037597568084550e+00
5.089020638729317980e+00
3.692146342466903874e+00
5.910207901229636462e+00
5.625584932286953332e+00
7.412222570026602675e+00
1.965174157376619934e+00
0.000000000000000000e+00
1.600320024712511335e+00
1.394269717736181136e+00
1.771895647138419072e+00
1.455847690677663842e+00
1.929151396738235880e+00
2.961984274725674715e-01
1.094540236823696056e+00
7.749837096197048636e-01
2.085909612770174559e-01
2.632909671123717099e-01
1.906424253913523159e-01
1.367013692898959576e-01
1.235933943976546129e-01
4.394522518882088002e-02
1.861572207834194179e-02
0.000000000000000000e+00
0.000000000000000000e+00
0.000000000000000000e+00
0.000000000000000000e+00
0.000000000000000000e+00
0.000000000000000000e+00
0.000000000000000000e+00
0.000000000000000000e+00
0.000000000000000000e+00
0.000000000000000000e+00
0.000000000000000000e+00
0.000000000000000000e+00
0.000000000000000000e+00
0.000000000000000000e+00
0.000000000000000000e+00
0.000000000000000000e+00
2.874480935271534587e+00
1.280357351743313643e+01
3.655159440145379079e+01
1.802419308578313206e+01
1.364076919001420052e+01
6.690274075200358439e+00
3.923158970386321442e+00
2.544510319364658990e+00
2.461430894977935768e+00
2.364083160491854407e+00
3.375350959372171999e+00
3.176666815725686988e+00
1.965174157376619934e+00
8.960553845713439269e-01
3.200640049425022671e+00
0.000000000000000000e+00
0.000000000000000000e+00
9.705651271184425610e-01
1.157490838042941617e+00
0.000000000000000000e+00
4.378160947294784111e-01
4.649902257718229182e-01
4.171819225540349119e-01
1.974682253342787686e-01
1.906424253913523159e-01
1.171726022484822494e-01
5.767691738557215175e-02
2.685541539316831441e-02
1.708984321946145288e-02
0.000000000000000000e+00
0.000000000000000000e+00
0.000000000000000000e+00
0.000000000000000000e+00
0.000000000000000000e+00
0.000000000000000000e+00
0.000000000000000000e+00
0.000000000000000000e+00
0.000000000000000000e+00
0.000000000000000000e+00
0.000000000000000000e+00
0.000000000000000000e+00
0.000000000000000000e+00
0.000000000000000000e+00
0.000000000000000000e+00
0.000000000000000000e+00
8.700144019665749795e+00
2.730756888507957925e+01
3.414286271315503285e+01
1.686996664682482461e+01
1.247828752092678428e+01
6.820384595007100259e+00
4.014164445120215419e+00
2.615439313590881110e+00
5.089020638729317980e+00
2.461430894977935768e+00
1.182041580245927204e+00
1.125116986457390666e+00
1.058888938575228922e+00
1.965174157376619934e+00
0.000000000000000000e+00
1.600320024712511335e+00
0.000000000000000000e+00
5.906318823794730610e-01
1.941130254236885122e+00
1.157490838042941617e+00
5.923968549451349430e-01
6.567241420942175889e-01
1.549967419239409727e-01
2.085909612770174559e-01
6.582274177809292748e-02
1.906424253913523159e-01
1.952876704141370823e-02
8.239559626510307988e-02
3.173821819192618882e-02
1.190185509926779822e-02
0.000000000000000000e+00
0.000000000000000000e+00
0.000000000000000000e+00
0.000000000000000000e+00
0.000000000000000000e+00
0.000000000000000000e+00
0.000000000000000000e+00
0.000000000000000000e+00
0.000000000000000000e+00
0.000000000000000000e+00
0.000000000000000000e+00
0.000000000000000000e+00
0.000000000000000000e+00
0.000000000000000000e+00
0.000000000000000000e+00
1.471127674303734700e+00
7.306218824302922243e+00
2.320038405244200064e+01
2.874480935271534676e+01
1.422619279714792917e+01
4.217491661706206152e+00
2.772952782428174334e+00
8.184461514008521732e+00
0.000000000000000000e+00
6.538598283977202996e+00
1.272255159682329495e+00
1.230715447488967884e+00
3.546124740737781611e+00
3.375350959372171999e+00
4.235555754300915687e+00
2.947761236064930124e+00
8.960553845713439269e-01
8.001600123562556677e-01
1.394269717736181136e+00
2.362527529517892244e+00
4.852825635592212805e-01
0.000000000000000000e+00
2.961984274725674715e-01
6.567241420942175889e-01
1.549967419239409727e-01
2.085909612770174559e-01
0.000000000000000000e+00
7.625697015654092636e-02
5.858630112424112468e-02
9.887471551812368475e-02
1.953121119503150108e-02
8.239745837954629004e-03
0.000000000000000000e+00
0.000000000000000000e+00
0.000000000000000000e+00
0.000000000000000000e+00
0.000000000000000000e+00
0.000000000000000000e+00
0.000000000000000000e+00
0.000000000000000000e+00
0.000000000000000000e+00
0.000000000000000000e+00
0.000000000000000000e+00
0.000000000000000000e+00
0.000000000000000000e+00
0.000000000000000000e+00
0.000000000000000000e+00
0.000000000000000000e+00
5.884510697214938801e+00
1.607368141346642787e+01
1.305021602949862469e+01
7.186202338178836690e+00
1.280357351743313643e+01
5.623322215608275165e+00
2.772952782428174334e+00
2.728153838002840281e+00
2.676109630080143464e+00
2.615439313590881110e+00
2.544510319364658990e+00
2.461430894977935768e+00
0.000000000000000000e+00
0.000000000000000000e+00
5.294444692876144387e+00
0.000000000000000000e+00
8.960553845713439269e-01
1.600320024712511335e+00
1.394269717736181136e+00
1.181263764758946122e+00
4.852825635592212805e-01
3.858302793476471870e-01
0.000000000000000000e+00
4.378160947294784111e-01
3.099934838478819454e-01
3.128864419155261700e-01
6.582274177809292748e-02
0.000000000000000000e+00
9.764383520706854114e-02
4.943735775906184238e-02
9.765605597515750538e-03
9.765624696835116178e-03
0.000000000000000000e+00
0.000000000000000000e+00
0.000000000000000000e+00
0.000000000000000000e+00
0.000000000000000000e+00
0.000000000000000000e+00
0.000000000000000000e+00
0.000000000000000000e+00
0.000000000000000000e+00
0.000000000000000000e+00
0.000000000000000000e+00
0.000000000000000000e+00
0.000000000000000000e+00
0.000000000000000000e+00
0.000000000000000000e+00
2.975236072815895749e+00
1.479865982045772466e+00
2.059578744025228758e+01
1.315119388374526110e+01
7.250120016388125421e+00
2.874480935271534587e+00
2.845238559429585923e+00
1.405830553902068791e+00
4.159429173642261723e+00
1.364076919001420141e+00
1.338054815040071732e+00
1.307719656795440555e+00
0.000000000000000000e+00
1.230715447488967884e+00
1.182041580245927204e+00
0.000000000000000000e+00
2.117777877150457844e+00
9.825870786883099672e-01
0.000000000000000000e+00
0.000000000000000000e+00
6.971348588680905678e-01
5.906318823794730610e-01
4.852825635592212805e-01
0.000000000000000000e+00
2.961984274725674715e-01
0.000000000000000000e+00
3.099934838478819454e-01
1.042954806385087280e-01
0.000000000000000000e+00
7.625697015654092636e-02
5.858630112424112468e-02
8.239559626510307988e-02
1.464840839627362667e-02
5.187988120193655524e-03
0.000000000000000000e+00
0.000000000000000000e+00
0.000000000000000000e+00
0.000000000000000000e+00
0.000000000000000000e+00
0.000000000000000000e+00
0.000000000000000000e+00
0.000000000000000000e+00
0.000000000000000000e+00
0.000000000000000000e+00
0.000000000000000000e+00
0.000000000000000000e+00
0.000000000000000000e+00
0.000000000000000000e+00
0.000000000000000000e+00
0.000000000000000000e+00
2.975236072815895749e+00
1.183892785636617973e+01
1.912465976594855022e+01
7.306218824302922243e+00
4.350072009832874897e+00
5.748961870543069175e+00
1.422619279714792961e+00
0.000000000000000000e+00
1.386476391214087167e+00
1.364076919001420141e+00
0.000000000000000000e+00
3.923158970386321442e+00
1.272255159682329495e+00
0.000000000000000000e+00
0.000000000000000000e+00
0.000000000000000000e+00
0.000000000000000000e+00
0.000000000000000000e+00
8.960553845713439269e-01
1.600320024712511335e+00
0.000000000000000000e+00
1.181263764758946122e+00
0.000000000000000000e+00
0.000000000000000000e+00
2.961984274725674715e-01
0.000000000000000000e+00
0.000000000000000000e+00
2.085909612770174559e-01
0.000000000000000000e+00
3.812848507827046318e-02
0.000000000000000000e+00
3.295823850604123056e-02
1.708980979565256214e-02
5.798339663745850393e-03
0.000000000000000000e+00
0.000000000000000000e+00
0.000000000000000000e+00
0.000000000000000000e+00
0.000000000000000000e+00
0.000000000000000000e+00
0.000000000000000000e+00
0.000000000000000000e+00
0.000000000000000000e+00
0.000000000000000000e+00
0.000000000000000000e+00
0.000000000000000000e+00
0.000000000000000000e+00
0.000000000000000000e+00
0.000000000000000000e+00
0.000000000000000000e+00
2.989035579654610419e+00
1.190094429126358300e+01
1.183892785636617973e+01
2.942255348607469401e+00
2.922487529721168986e+00
0.000000000000000000e+00
0.000000000000000000e+00
0.000000000000000000e+00
0.000000000000000000e+00
1.386476391214087167e+00
0.000000000000000000e+00
1.338054815040071732e+00
0.000000000000000000e+00
1.272255159682329495e+00
0.000000000000000000e+00
0.000000000000000000e+00
0.000000000000000000e+00
1.058888938575228922e+00
9.825870786883099672e-01
0.000000000000000000e+00
0.000000000000000000e+00
0.000000000000000000e+00
5.906318823794730610e-01
9.705651271184425610e-01
0.000000000000000000e+00
2.961984274725674715e-01
2.189080473647392056e-01
0.000000000000000000e+00
0.000000000000000000e+00
0.000000000000000000e+00
7.625697015654092636e-02
3.905753408282741646e-02
1.647911925302061528e-02
1.220700699689468774e-02
3.967285033089265785e-03
0.000000000000000000e+00
0.000000000000000000e+00
0.000000000000000000e+00
0.000000000000000000e+00
0.000000000000000000e+00
0.000000000000000000e+00
0.000000000000000000e+00
0.000000000000000000e+00
0.000000000000000000e+00
0.000000000000000000e+00
0.000000000000000000e+00
0.000000000000000000e+00
0.000000000000000000e+00
0.000000000000000000e+00
0.000000000000000000e+00
0.000000000000000000e+00
3.001356539728552875e+00
1.345066010844574755e+01
1.636379840048742551e+01
7.399329910228862772e+00
1.471127674303734700e+00
1.461243764860584493e+00
4.350072009832874897e+00
0.000000000000000000e+00
2.845238559429585923e+00
5.623322215608275165e+00
0.000000000000000000e+00
0.000000000000000000e+00
0.000000000000000000e+00
0.000000000000000000e+00
1.272255159682329495e+00
0.000000000000000000e+00
0.000000000000000000e+00
0.000000000000000000e+00
0.000000000000000000e+00
0.000000000000000000e+00
0.000000000000000000e+00
0.000000000000000000e+00
0.000000000000000000e+00
0.000000000000000000e+00
0.000000000000000000e+00
0.000000000000000000e+00
0.000000000000000000e+00
2.189080473647392056e-01
1.549967419239409727e-01
1.042954806385087280e-01
0.000000000000000000e+00
0.000000000000000000e+00
7.811506816565483291e-02
4.943735775906184238e-02
7.324204198136813337e-03
2.136230402432681610e-03
0.000000000000000000e+00
0.000000000000000000e+00
0.000000000000000000e+00
0.000000000000000000e+00
0.000000000000000000e+00
0.000000000000000000e+00
0.000000000000000000e+00
0.000000000000000000e+00
0.000000000000000000e+00
0.000000000000000000e+00
0.000000000000000000e+00
0.000000000000000000e+00
0.000000000000000000e+00
0.000000000000000000e+00
0.000000000000000000e+00
0.000000000000000000e+00
1.506195209978576255e+00
1.350610442877848882e+01
1.195614231861844168e+01
8.925708218447686804e+00
2.959731964091544931e+00
1.471127674303734700e+00
1.461243764860584493e+00
0.000000000000000000e+00
1.437240467635767294e+00
0.000000000000000000e+00
1.405830553902068791e+00
0.000000000000000000e+00
1.364076919001420141e+00
0.000000000000000000e+00
0.000000000000000000e+00
2.544510319364658990e+00
1.230715447488967884e+00
1.182041580245927204e+00
0.000000000000000000e+00
0.000000000000000000e+00
0.000000000000000000e+00
1.792110769142687854e+00
0.000000000000000000e+00
0.000000000000000000e+00
0.000000000000000000e+00
4.852825635592212805e-01
0.000000000000000000e+00
0.000000000000000000e+00
0.000000000000000000e+00
0.000000000000000000e+00
1.042954806385087280e-01
0.000000000000000000e+00
0.000000000000000000e+00
5.858630112424112468e-02
2.471867887953092119e-02
1.220700699689468774e-02
3.662109261313168350e-03
0.000000000000000000e+00
0.000000000000000000e+00
0.000000000000000000e+00
0.000000000000000000e+00
0.000000000000000000e+00
0.000000000000000000e+00
0.000000000000000000e+00
0.000000000000000000e+00
0.000000000000000000e+00
0.000000000000000000e+00
0.000000000000000000e+00
0.000000000000000000e+00
0.000000000000000000e+00
0.000000000000000000e+00
0.000000000000000000e+00
3.031224203472683065e+00
0.000000000000000000e+00
9.037171259871456641e+00
7.503391349321382187e+00
4.483553369481915851e+00
2.975236072815895749e+00
0.000000000000000000e+00
0.000000000000000000e+00
0.000000000000000000e+00
1.450024003277625040e+00
1.437240467635767294e+00
1.422619279714792961e+00
0.000000000000000000e+00
1.386476391214087167e+00
0.000000000000000000e+00
0.000000000000000000e+00
0.000000000000000000e+00
1.272255159682329495e+00
0.000000000000000000e+00
1.182041580245927204e+00
0.000000000000000000e+00
0.000000000000000000e+00
0.000000000000000000e+00
0.000000000000000000e+00
0.000000000000000000e+00
0.000000000000000000e+00
0.000000000000000000e+00
4.852825635592212805e-01
0.000000000000000000e+00
0.000000000000000000e+00
0.000000000000000000e+00
0.000000000000000000e+00
0.000000000000000000e+00
6.582274177809292748e-02
0.000000000000000000e+00
0.000000000000000000e+00
1.647911925302061528e-02
7.324204198136813337e-03
2.746581945984876479e-03
0.000000000000000000e+00
0.000000000000000000e+00
0.000000000000000000e+00
0.000000000000000000e+00
0.000000000000000000e+00
0.000000000000000000e+00
0.000000000000000000e+00
0.000000000000000000e+00
0.000000000000000000e+00
0.000000000000000000e+00
0.000000000000000000e+00
0.000000000000000000e+00
0.000000000000000000e+00
0.000000000000000000e+00
0.000000000000000000e+00
0.000000000000000000e+00
1.515612101736341533e+00
1.208920001539376621e+01
1.054336646985003334e+01
6.002713079457105749e+00
0.000000000000000000e+00
1.487618036407947875e+00
0.000000000000000000e+00
1.471127674303734700e+00
0.000000000000000000e+00
0.000000000000000000e+00
0.000000000000000000e+00
0.000000000000000000e+00
1.405830553902068791e+00
0.000000000000000000e+00
1.364076919001420141e+00
0.000000000000000000e+00
0.000000000000000000e+00
0.000000000000000000e+00
0.000000000000000000e+00
0.000000000000000000e+00
0.000000000000000000e+00
0.000000000000000000e+00
0.000000000000000000e+00
0.000000000000000000e+00
0.000000000000000000e+00
0.000000000000000000e+00
5.906318823794730610e-01
0.000000000000000000e+00
3.858302793476471870e-01
0.000000000000000000e+00
0.000000000000000000e+00
0.000000000000000000e+00
1.042954806385087280e-01
6.582274177809292748e-02
0.000000000000000000e+00
0.000000000000000000e+00
8.239559626510307641e-03
2.441401399378937635e-03
2.136230402432681610e-03
0.000000000000000000e+00
0.000000000000000000e+00
0.000000000000000000e+00
0.000000000000000000e+00
0.000000000000000000e+00
0.000000000000000000e+00
0.000000000000000000e+00
0.000000000000000000e+00
0.000000000000000000e+00
0.000000000000000000e+00
0.000000000000000000e+00
0.000000000000000000e+00
0.000000000000000000e+00
0.000000000000000000e+00
0.000000000000000000e+00
0.000000000000000000e+00
0.000000000000000000e+00
6.062448406945366131e+00
7.555750009621103658e+00
1.506195209978576255e+00
0.000000000000000000e+00
0.000000000000000000e+00
2.975236072815895749e+00
0.000000000000000000e+00
1.471127674303734700e+00
0.000000000000000000e+00
1.450024003277625040e+00
0.000000000000000000e+00
0.000000000000000000e+00
0.000000000000000000e+00
0.000000000000000000e+00
0.000000000000000000e+00
0.000000000000000000e+00
0.000000000000000000e+00
0.000000000000000000e+00
0.000000000000000000e+00
0.000000000000000000e+00
0.000000000000000000e+00
0.000000000000000000e+00
0.000000000000000000e+00
8.960553845713439269e-01
0.000000000000000000e+00
0.000000000000000000e+00
0.000000000000000000e+00
0.000000000000000000e+00
0.000000000000000000e+00
0.000000000000000000e+00
0.000000000000000000e+00
0.000000000000000000e+00
1.042954806385087280e-01
0.000000000000000000e+00
0.000000000000000000e+00
1.952876704141370823e-02
1.647911925302061528e-02
4.882802798757875269e-03
2.441406174208779045e-03
0.000000000000000000e+00
0.000000000000000000e+00
0.000000000000000000e+00
0.000000000000000000e+00
0.000000000000000000e+00
0.000000000000000000e+00
0.000000000000000000e+00
0.000000000000000000e+00
0.000000000000000000e+00
0.000000000000000000e+00
0.000000000000000000e+00
0.000000000000000000e+00
0.000000000000000000e+00
0.000000000000000000e+00
0.000000000000000000e+00
0.000000000000000000e+00
1.523287812427410515e+00
7.598204979001566883e+00
6.062448406945366131e+00
1.511150001924220776e+00
0.000000000000000000e+00
1.500678269864276437e+00
0.000000000000000000e+00
2.975236072815895749e+00
0.000000000000000000e+00
0.000000000000000000e+00
0.000000000000000000e+00
0.000000000000000000e+00
0.000000000000000000e+00
0.000000000000000000e+00
0.000000000000000000e+00
1.386476391214087167e+00
0.000000000000000000e+00
0.000000000000000000e+00
0.000000000000000000e+00
0.000000000000000000e+00
0.000000000000000000e+00
1.182041580245927204e+00
0.000000000000000000e+00
0.000000000000000000e+00
0.000000000000000000e+00
0.000000000000000000e+00
0.000000000000000000e+00
0.000000000000000000e+00
0.000000000000000000e+00
0.000000000000000000e+00
0.000000000000000000e+00
0.000000000000000000e+00
0.000000000000000000e+00
0.000000000000000000e+00
1.042954806385087280e-01
0.000000000000000000e+00
0.000000000000000000e+00
1.952876704141370823e-02
0.000000000000000000e+00
2.441401399378937635e-03
1.525878858880486957e-03
0.000000000000000000e+00
0.000000000000000000e+00
0.000000000000000000e+00
0.000000000000000000e+00
0.000000000000000000e+00
0.000000000000000000e+00
0.000000000000000000e+00
0.000000000000000000e+00
0.000000000000000000e+00
0.000000000000000000e+00
0.000000000000000000e+00
0.000000000000000000e+00
0.000000000000000000e+00
0.000000000000000000e+00
0.000000000000000000e+00
0.000000000000000000e+00
1.526596647263466888e+00
9.139726874564463088e+00
4.558922987400940485e+00
0.000000000000000000e+00
1.511150001924220776e+00
3.012390419957152510e+00
0.000000000000000000e+00
1.494517789827305210e+00
0.000000000000000000e+00
0.000000000000000000e+00
1.471127674303734700e+00
0.000000000000000000e+00
0.000000000000000000e+00
0.000000000000000000e+00
0.000000000000000000e+00
0.000000000000000000e+00
0.000000000000000000e+00
0.000000000000000000e+00
0.000000000000000000e+00
0.000000000000000000e+00
0.000000000000000000e+00
0.000000000000000000e+00
0.000000000000000000e+00
0.000000000000000000e+00
0.000000000000000000e+00
9.825870786883099672e-01
0.000000000000000000e+00
8.001600123562556677e-01
0.000000000000000000e+00
0.000000000000000000e+00
0.000000000000000000e+00
0.000000000000000000e+00
0.000000000000000000e+00
0.000000000000000000e+00
0.000000000000000000e+00
0.000000000000000000e+00
0.000000000000000000e+00
3.812848507827046318e-02
0.000000000000000000e+00
8.239559626510307641e-03
4.882802798757875269e-03
2.136230402432681610e-03
0.000000000000000000e+00
0.000000000000000000e+00
0.000000000000000000e+00
0.000000000000000000e+00
0.000000000000000000e+00
0.000000000000000000e+00
0.000000000000000000e+00
0.000000000000000000e+00
0.000000000000000000e+00
0.000000000000000000e+00
0.000000000000000000e+00
0.000000000000000000e+00
0.000000000000000000e+00
0.000000000000000000e+00
0.000000000000000000e+00
0.000000000000000000e+00
1.529605657132143248e+00
7.632983236317334885e+00
9.139726874564463088e+00
0.000000000000000000e+00
0.000000000000000000e+00
0.000000000000000000e+00
0.000000000000000000e+00
0.000000000000000000e+00
1.494517789827305210e+00
0.000000000000000000e+00
0.000000000000000000e+00
0.000000000000000000e+00
0.000000000000000000e+00
0.000000000000000000e+00
0.000000000000000000e+00
0.000000000000000000e+00
0.000000000000000000e+00
0.000000000000000000e+00
0.000000000000000000e+00
0.000000000000000000e+00
0.000000000000000000e+00
0.000000000000000000e+00
0.000000000000000000e+00
0.000000000000000000e+00
0.000000000000000000e+00
0.000000000000000000e+00
0.000000000000000000e+00
0.000000000000000000e+00
0.000000000000000000e+00
0.000000000000000000e+00
0.000000000000000000e+00
9.705651271184425610e-01
0.000000000000000000e+00
0.000000000000000000e+00
0.000000000000000000e+00
1.549967419239409727e-01
0.000000000000000000e+00
0.000000000000000000e+00
0.000000000000000000e+00
1.952876704141370823e-02
1.647911925302061528e-02
9.765605597515750538e-03
1.220703087104389522e-03
0.000000000000000000e+00
0.000000000000000000e+00
0.000000000000000000e+00
0.000000000000000000e+00
0.000000000000000000e+00
0.000000000000000000e+00
0.000000000000000000e+00
0.000000000000000000e+00
0.000000000000000000e+00
0.000000000000000000e+00
0.000000000000000000e+00
0.000000000000000000e+00
0.000000000000000000e+00
0.000000000000000000e+00
0.000000000000000000e+00
0.000000000000000000e+00
0.000000000000000000e+00
3.059211314264286496e+00
3.053193294526933776e+00
0.000000000000000000e+00
0.000000000000000000e+00
0.000000000000000000e+00
0.000000000000000000e+00
0.000000000000000000e+00
0.000000000000000000e+00
0.000000000000000000e+00
0.000000000000000000e+00
0.000000000000000000e+00
0.000000000000000000e+00
0.000000000000000000e+00
0.000000000000000000e+00
0.000000000000000000e+00
0.000000000000000000e+00
0.000000000000000000e+00
0.000000000000000000e+00
0.000000000000000000e+00
0.000000000000000000e+00
0.000000000000000000e+00
1.272255159682329495e+00
0.000000000000000000e+00
0.000000000000000000e+00
0.000000000000000000e+00
1.058888938575228922e+00
0.000000000000000000e+00
0.000000000000000000e+00
0.000000000000000000e+00
6.971348588680905678e-01
0.000000000000000000e+00
0.000000000000000000e+00
0.000000000000000000e+00
0.000000000000000000e+00
0.000000000000000000e+00
0.000000000000000000e+00
0.000000000000000000e+00
0.000000000000000000e+00
0.000000000000000000e+00
1.952876704141370823e-02
0.000000000000000000e+00
2.441401399378937635e-03
6.103515435521947611e-04
0.000000000000000000e+00
0.000000000000000000e+00
0.000000000000000000e+00
0.000000000000000000e+00
0.000000000000000000e+00
0.000000000000000000e+00
0.000000000000000000e+00
0.000000000000000000e+00
0.000000000000000000e+00
0.000000000000000000e+00
0.000000000000000000e+00
0.000000000000000000e+00
0.000000000000000000e+00
0.000000000000000000e+00
0.000000000000000000e+00
0.000000000000000000e+00
0.000000000000000000e+00
3.064695931934130702e+00
6.118422628528572993e+00
1.526596647263466888e+00
0.000000000000000000e+00
0.000000000000000000e+00
3.031224203472683065e+00
0.000000000000000000e+00
0.000000000000000000e+00
0.000000000000000000e+00
0.000000000000000000e+00
0.000000000000000000e+00
0.000000000000000000e+00
0.000000000000000000e+00
0.000000000000000000e+00
0.000000000000000000e+00
0.000000000000000000e+00
0.000000000000000000e+00
0.000000000000000000e+00
0.000000000000000000e+00
0.000000000000000000e+00
0.000000000000000000e+00
0.000000000000000000e+00
0.000000000000000000e+00
0.000000000000000000e+00
0.000000000000000000e+00
0.000000000000000000e+00
0.000000000000000000e+00
0.000000000000000000e+00
0.000000000000000000e+00
0.000000000000000000e+00
0.000000000000000000e+00
0.000000000000000000e+00
0.000000000000000000e+00
0.000000000000000000e+00
0.000000000000000000e+00
0.000000000000000000e+00
1.549967419239409727e-01
1.042954806385087280e-01
6.582274177809292748e-02
0.000000000000000000e+00
0.000000000000000000e+00
8.239559626510307641e-03
4.882802798757875269e-03
1.220703087104389522e-03
0.000000000000000000e+00
0.000000000000000000e+00
0.000000000000000000e+00
0.000000000000000000e+00
0.000000000000000000e+00
0.000000000000000000e+00
0.000000000000000000e+00
0.000000000000000000e+00
0.000000000000000000e+00
0.000000000000000000e+00
0.000000000000000000e+00
0.000000000000000000e+00
0.000000000000000000e+00
0.000000000000000000e+00
0.000000000000000000e+00
0.000000000000000000e+00
0.000000000000000000e+00
4.604557253353314117e+00
6.129391863868261403e+00
0.000000000000000000e+00
0.000000000000000000e+00
0.000000000000000000e+00
0.000000000000000000e+00
1.515612101736341533e+00
0.000000000000000000e+00
0.000000000000000000e+00
0.000000000000000000e+00
0.000000000000000000e+00
0.000000000000000000e+00
0.000000000000000000e+00
0.000000000000000000e+00
0.000000000000000000e+00
0.000000000000000000e+00
0.000000000000000000e+00
0.000000000000000000e+00
0.000000000000000000e+00
0.000000000000000000e+00
1.364076919001420141e+00
0.000000000000000000e+00
0.000000000000000000e+00
0.000000000000000000e+00
0.000000000000000000e+00
0.000000000000000000e+00
0.000000000000000000e+00
0.000000000000000000e+00
0.000000000000000000e+00
0.000000000000000000e+00
0.000000000000000000e+00
0.000000000000000000e+00
0.000000000000000000e+00
0.000000000000000000e+00
0.000000000000000000e+00
0.000000000000000000e+00
0.000000000000000000e+00
0.000000000000000000e+00
0.000000000000000000e+00
0.000000000000000000e+00
0.000000000000000000e+00
0.000000000000000000e+00
8.239559626510307641e-03
2.441401399378937635e-03
1.525878858880486957e-03
0.000000000000000000e+00
0.000000000000000000e+00
0.000000000000000000e+00
0.000000000000000000e+00
0.000000000000000000e+00
0.000000000000000000e+00
0.000000000000000000e+00
0.000000000000000000e+00
0.000000000000000000e+00
0.000000000000000000e+00
0.000000000000000000e+00
0.000000000000000000e+00
0.000000000000000000e+00
0.000000000000000000e+00
0.000000000000000000e+00
0.000000000000000000e+00
0.000000000000000000e+00
0.000000000000000000e+00
4.604557253353314117e+00
1.532347965967065351e+00
0.000000000000000000e+00
0.000000000000000000e+00
3.046575624854821029e+00
0.000000000000000000e+00
0.000000000000000000e+00
0.000000000000000000e+00
0.000000000000000000e+00
0.000000000000000000e+00
0.000000000000000000e+00
0.000000000000000000e+00
0.000000000000000000e+00
0.000000000000000000e+00
0.000000000000000000e+00
0.000000000000000000e+00
0.000000000000000000e+00
0.000000000000000000e+00
0.000000000000000000e+00
0.000000000000000000e+00
0.000000000000000000e+00
0.000000000000000000e+00
0.000000000000000000e+00
0.000000000000000000e+00
0.000000000000000000e+00
0.000000000000000000e+00
0.000000000000000000e+00
0.000000000000000000e+00
0.000000000000000000e+00
0.000000000000000000e+00
0.000000000000000000e+00
0.000000000000000000e+00
0.000000000000000000e+00
0.000000000000000000e+00
3.858302793476471870e-01
0.000000000000000000e+00
0.000000000000000000e+00
0.000000000000000000e+00
0.000000000000000000e+00
0.000000000000000000e+00
0.000000000000000000e+00
0.000000000000000000e+00
8.239559626510307641e-03
2.441401399378937635e-03
3.051757717760973806e-04
0.000000000000000000e+00
0.000000000000000000e+00
0.000000000000000000e+00
0.000000000000000000e+00
0.000000000000000000e+00
0.000000000000000000e+00
0.000000000000000000e+00
0.000000000000000000e+00
0.000000000000000000e+00
0.000000000000000000e+00
0.000000000000000000e+00
0.000000000000000000e+00
0.000000000000000000e+00
0.000000000000000000e+00
0.000000000000000000e+00
0.000000000000000000e+00
0.000000000000000000e+00
3.078490785631989635e+00
1.537144204738476017e+00
0.000000000000000000e+00
0.000000000000000000e+00
0.000000000000000000e+00
0.000000000000000000e+00
0.000000000000000000e+00
0.000000000000000000e+00
0.000000000000000000e+00
0.000000000000000000e+00
0.000000000000000000e+00
0.000000000000000000e+00
0.000000000000000000e+00
0.000000000000000000e+00
0.000000000000000000e+00
0.000000000000000000e+00
0.000000000000000000e+00
0.000000000000000000e+00
0.000000000000000000e+00
0.000000000000000000e+00
0.000000000000000000e+00
0.000000000000000000e+00
0.000000000000000000e+00
0.000000000000000000e+00
0.000000000000000000e+00
0.000000000000000000e+00
0.000000000000000000e+00
0.000000000000000000e+00
0.000000000000000000e+00
0.000000000000000000e+00
0.000000000000000000e+00
0.000000000000000000e+00
0.000000000000000000e+00
0.000000000000000000e+00
0.000000000000000000e+00
0.000000000000000000e+00
0.000000000000000000e+00
0.000000000000000000e+00
0.000000000000000000e+00
0.000000000000000000e+00
0.000000000000000000e+00
0.000000000000000000e+00
0.000000000000000000e+00
0.000000000000000000e+00
0.000000000000000000e+00
0.000000000000000000e+00
6.103515435521947611e-04
0.000000000000000000e+00
