# pd_vector
0.000000000000000000e+00
0.000000000000000000e+00
0.000000000000000000e+00
0.000000000000000000e+00
0.000000000000000000e+00
0.000000000000000000e+00
0.000000000000000000e+00
0.000000000000000000e+00
0.000000000000000000e+00
0.000000000000000000e+00
0.000000000000000000e+00
0.000000000000000000e+00
0.000000000000000000e+00
7.019042750850240132e-03
0.000000000000000000e+00
0.000000000000000000e+00
0.000000000000000000e+00
0.000000000000000000e+00
0.000000000000000000e+00
2.777099523162486136e-02
0.000000000000000000e+00
0.000000000000000000e+00
0.000000000000000000e+00
0.000000000000000000e+00
0.000000000000000000e+00
0.000000000000000000e+00
6.591796670363703203e-01
0.000000000000000000e+00
0.000000000000000000e+00
0.000000000000000000e+00
0.000000000000000000e+00
0.000000000000000000e+00
0.000000000000000000e+00
0.000000000000000000e+00
1.672973580876565780e+00
0.000000000000000000e+00
0.000000000000000000e+00
0.000000000000000000e+00
0.000000000000000000e+00
0.000000000000000000e+00
0.000000000000000000e+00
0.000000000000000000e+00
4.760732728788928392e-01
6.921691679653664941e+00
0.000000000000000000e+00
0.000000000000000000e+00
0.000000000000000000e+00
0.000000000000000000e+00
0.000000000000000000e+00
0.000000000000000000e+00
0.000000000000000000e+00
1.647911925302061528e-02
2.927240277855346129e+00
1.103240932547769582e+01
0.000000000000000000e+00
0.000000000000000000e+00
0.000000000000000000e+00
0.000000000000000000e+00
0.000000000000000000e+00
0.000000000000000000e+00
0.000000000000000000e+00
0.000000000000000000e+00
7.086021278798864120e-01
5.449207923413788457e+00
1.171600305425615396e+01
0.000000000000000000e+00
0.000000000000000000e+00
0.000000000000000000e+00
0.000000000000000000e+00
0.000000000000000000e+00
0.000000000000000000e+00
0.000000000000000000e+00
0.000000000000000000e+00
9.764383520706854114e-02
2.405951410941009616e+00
8.483869862841808995e+00
1.146820032757396390e+01
0.000000000000000000e+00
0.000000000000000000e+00
0.000000000000000000e+00
0.000000000000000000e+00
0.000000000000000000e+00
0.000000000000000000e+00
0.000000000000000000e+00
0.000000000000000000e+00
3.812848507827046318e-02
7.225643805323072044e-01
5.207401683954514304e+00
1.137448911970647103e+01
1.089691128280910881e+01
0.000000000000000000e+00
0.000000000000000000e+00
0.000000000000000000e+00
0.000000000000000000e+00
0.000000000000000000e+00
0.000000000000000000e+00
0.000000000000000000e+00
0.000000000000000000e+00
6.582274177809292748e-02
2.287709104696227791e-01
3.280832862957502982e+00
1.151890435786141076e+01
1.422360455278169056e+01
1.007629363250318377e+01
0.000000000000000000e+00
0.000000000000000000e+00
0.000000000000000000e+00
0.000000000000000000e+00
0.000000000000000000e+00
0.000000000000000000e+00
0.000000000000000000e+00
0.000000000000000000e+00
0.000000000000000000e+00
1.974682253342787686e-01
1.525139403130818527e+00
8.377841060766481718e+00
1.824238501309381988e+01
1.554684411124507548e+01
8.770141329301486266e+00
0.000000000000000000e+00
0.000000000000000000e+00
0.000000000000000000e+00
0.000000000000000000e+00
0.000000000000000000e+00
0.000000000000000000e+00
0.000000000000000000e+00
0.000000000000000000e+00
0.000000000000000000e+00
0.000000000000000000e+00
5.924046760028363057e-01
6.481842463305978796e+00
1.917724923466825970e+01
2.288949664244563564e+01
1.586178489176495710e+01
7.575683358569841097e+00
0.000000000000000000e+00
0.000000000000000000e+00
0.000000000000000000e+00
0.000000000000000000e+00
0.000000000000000000e+00
0.000000000000000000e+00
0.000000000000000000e+00
0.000000000000000000e+00
0.000000000000000000e+00
0.000000000000000000e+00
2.085909612770174559e-01
4.607591924466505340e+00
1.799664495694365840e+01
2.747697522726908659e+01
2.532016673226617698e+01
1.463131858647797401e+01
6.385192672871285779e+00
0.000000000000000000e+00
0.000000000000000000e+00
0.000000000000000000e+00
0.000000000000000000e+00
0.000000000000000000e+00
0.000000000000000000e+00
0.000000000000000000e+00
0.000000000000000000e+00
0.000000000000000000e+00
0.000000000000000000e+00
0.000000000000000000e+00
3.024568938516753125e+00
1.441518044940235121e+01
3.313365353301703209e+01
3.364806561235582194e+01
2.501530302608529510e+01
1.261227962919159218e+01
5.275573566693395833e+00
0.000000000000000000e+00
0.000000000000000000e+00
0.000000000000000000e+00
0.000000000000000000e+00
0.000000000000000000e+00
0.000000000000000000e+00
0.000000000000000000e+00
0.000000000000000000e+00
0.000000000000000000e+00
0.000000000000000000e+00
0.000000000000000000e+00
1.239973935391527782e+00
1.032525258321236450e+01
3.330630733971501911e+01
4.064496509343631203e+01
3.538612587904164286e+01
2.190898904689090898e+01
1.066159991108782101e+01
4.276733265670229045e+00
0.000000000000000000e+00
0.000000000000000000e+00
0.000000000000000000e+00
0.000000000000000000e+00
0.000000000000000000e+00
0.000000000000000000e+00
0.000000000000000000e+00
0.000000000000000000e+00
0.000000000000000000e+00
0.000000000000000000e+00
0.000000000000000000e+00
0.000000000000000000e+00
1.193474912814345501e+01
2.492661987260358458e+01
4.660250117888979560e+01
4.377150086985449207e+01
3.208576424904272528e+01
1.895922670060021886e+01
9.157696649070395267e+00
3.462829482343376952e+00
0.000000000000000000e+00
0.000000000000000000e+00
0.000000000000000000e+00
0.000000000000000000e+00
0.000000000000000000e+00
0.000000000000000000e+00
0.000000000000000000e+00
0.000000000000000000e+00
0.000000000000000000e+00
0.000000000000000000e+00
0.000000000000000000e+00
8.885952824177023590e-01
5.691609231483218956e+00
2.836440377208119656e+01
4.557712503902831713e+01
5.700249437982847667e+01
4.285641722797600295e+01
2.937126563028621717e+01
1.561396549223703367e+01
7.124009283387739977e+00
2.713012611089505643e+00
0.000000000000000000e+00
0.000000000000000000e+00
0.000000000000000000e+00
0.000000000000000000e+00
0.000000000000000000e+00
0.000000000000000000e+00
0.000000000000000000e+00
0.000000000000000000e+00
0.000000000000000000e+00
0.000000000000000000e+00
0.000000000000000000e+00
3.858302793476471870e-01
3.258182702198242353e+00
1.926390816809704987e+01
4.804898999642170310e+01
6.257728838310523400e+01
5.568603954426661318e+01
3.744217234686159657e+01
2.318064647815807078e+01
1.278779654034399726e+01
5.776355710930566545e+00
2.179260186253111353e+00
0.000000000000000000e+00
0.000000000000000000e+00
0.000000000000000000e+00
0.000000000000000000e+00
0.000000000000000000e+00
0.000000000000000000e+00
0.000000000000000000e+00
0.000000000000000000e+00
0.000000000000000000e+00
0.000000000000000000e+00
0.000000000000000000e+00
0.000000000000000000e+00
2.314981676085883233e+00
1.480992137362837369e+01
4.837867846760736512e+01
6.416865115651155804e+01
6.664481212800707510e+01
4.568098279399649186e+01
3.122722927910350776e+01
1.925536430283391809e+01
1.045600116604158103e+01
4.506826983253518826e+00
1.720886177045413135e+00
0.000000000000000000e+00
0.000000000000000000e+00
0.000000000000000000e+00
0.000000000000000000e+00
0.000000000000000000e+00
0.000000000000000000e+00
0.000000000000000000e+00
0.000000000000000000e+00
0.000000000000000000e+00
0.000000000000000000e+00
0.000000000000000000e+00
0.000000000000000000e+00
2.426412817796106403e+00
1.388989005651529851e+01
4.650315311319309330e+01
6.786149468306915367e+01
7.858334815543807395e+01
6.038708328969655525e+01
3.824301297307199121e+01
2.535544257704985682e+01
1.478327665035017802e+01
7.959414599208956886e+00
3.674309106065301034e+00
1.398010210506302142e+00
0.000000000000000000e+00
0.000000000000000000e+00
0.000000000000000000e+00
0.000000000000000000e+00
0.000000000000000000e+00
0.000000000000000000e+00
0.000000000000000000e+00
0.000000000000000000e+00
0.000000000000000000e+00
0.000000000000000000e+00
0.000000000000000000e+00
0.000000000000000000e+00
5.906318823794730610e-01
1.310262921609897546e+01
3.896885821411236606e+01
6.516365404396483996e+01
8.209051776177720683e+01
6.199869676957639086e+01
4.651578436477489475e+01
3.330630733971501911e+01
2.028435406163988475e+01
1.126809858289571054e+01
6.575168581955225910e+00
2.829584221880188544e+00
1.070251431618773452e+00
0.000000000000000000e+00
0.000000000000000000e+00
0.000000000000000000e+00
0.000000000000000000e+00
0.000000000000000000e+00
0.000000000000000000e+00
0.000000000000000000e+00
0.000000000000000000e+00
0.000000000000000000e+00
0.000000000000000000e+00
0.000000000000000000e+00
8.001600123562556677e-01
0.000000000000000000e+00
4.134423176656311760e+00
3.251393175846782668e+01
7.562273475213885376e+01
8.767473453187997734e+01
7.683672462502346434e+01
6.029373260841303761e+01
3.838073687497121256e+01
2.442023719967247786e+01
1.506075160591683293e+01
9.022290373133133201e+00
4.869579739267591911e+00
2.429194392382043155e+00
8.615112037239228693e-01
0.000000000000000000e+00
0.000000000000000000e+00
0.000000000000000000e+00
0.000000000000000000e+00
0.000000000000000000e+00
0.000000000000000000e+00
0.000000000000000000e+00
0.000000000000000000e+00
0.000000000000000000e+00
0.000000000000000000e+00
0.000000000000000000e+00
0.000000000000000000e+00
8.001600123562556677e-01
2.788539435472362271e+00
2.598780282469681424e+01
6.405729838981720548e+01
8.681181285322061569e+01
7.464200372308700082e+01
6.501569006732754019e+01
4.231411054523588433e+01
2.888984813686691666e+01
1.954935430809359787e+01
1.178170188918557315e+01
6.991298600826107545e+00
4.169217171014215850e+00
1.831051049534203168e+00
6.887817168986517524e-01
0.000000000000000000e+00
0.000000000000000000e+00
0.000000000000000000e+00
0.000000000000000000e+00
0.000000000000000000e+00
0.000000000000000000e+00
0.000000000000000000e+00
0.000000000000000000e+00
0.000000000000000000e+00
0.000000000000000000e+00
0.000000000000000000e+00
0.000000000000000000e+00
8.960553845713439269e-01
3.200640049425022671e+00
1.882264118943844622e+01
7.323835341505466090e+01
8.492444862286372143e+01
8.874096424995885002e+01
6.575605089890997590e+01
4.509505775713627429e+01
3.456427344903883636e+01
2.231923285664086620e+01
1.474429415829281531e+01
9.455864299411075535e+00
5.839101345382698760e+00
2.908564548158138585e+00
1.354977776655310384e+00
5.572509592631538222e-01
0.000000000000000000e+00
0.000000000000000000e+00
0.000000000000000000e+00
0.000000000000000000e+00
0.000000000000000000e+00
0.000000000000000000e+00
0.000000000000000000e+00
0.000000000000000000e+00
0.000000000000000000e+00
0.000000000000000000e+00
0.000000000000000000e+00
0.000000000000000000e+00
0.000000000000000000e+00
1.792110769142687854e+00
1.520304023476885824e+01
5.298224927397488671e+01
8.327909541550570793e+01
9.560066502116659137e+01
7.678022559018178583e+01
5.479670908242498228e+01
3.502528757835827378e+01
2.464448196590661411e+01
1.720875430535393846e+01
1.105822061871961104e+01
8.083238836593338306e+00
4.315857516152429518e+00
2.290597576169865590e+00
1.132810249311827056e+00
4.592895365230265647e-01
0.000000000000000000e+00
0.000000000000000000e+00
0.000000000000000000e+00
0.000000000000000000e+00
0.000000000000000000e+00
0.000000000000000000e+00
0.000000000000000000e+00
0.000000000000000000e+00
0.000000000000000000e+00
0.000000000000000000e+00
0.000000000000000000e+00
0.000000000000000000e+00
0.000000000000000000e+00
3.930348314753239869e+00
7.168443076570751415e+00
4.560912070430657650e+01
9.899314995926886240e+01
9.568236494547463167e+01
6.357201582625798864e+01
5.517372994671355002e+01
4.265257355604971679e+01
3.064712663106348955e+01
1.720463835355744919e+01
1.376700344428315148e+01
7.832906271593058634e+00
5.185473970644783215e+00
3.554235601537294897e+00
2.043410787374556392e+00
9.106427219683437269e-01
3.448486221069900215e-01
0.000000000000000000e+00
0.000000000000000000e+00
0.000000000000000000e+00
0.000000000000000000e+00
0.000000000000000000e+00
0.000000000000000000e+00
0.000000000000000000e+00
0.000000000000000000e+00
0.000000000000000000e+00
0.000000000000000000e+00
0.000000000000000000e+00
0.000000000000000000e+00
0.000000000000000000e+00
1.058888938575228922e+00
5.895522472129860247e+00
4.211460307485316434e+01
7.921584122326930810e+01
8.783899221737941332e+01
8.977604612167991149e+01
5.726334249998811288e+01
4.128383989019825151e+01
3.139703331209215165e+01
2.189080473647392111e+01
1.487968722469833338e+01
9.803775180019821178e+00
6.713919661365478575e+00
3.850976992905316809e+00
3.046487658460538483e+00
1.532558090530917294e+00
6.762681876279657001e-01
2.658080972169808431e-01
0.000000000000000000e+00
0.000000000000000000e+00
0.000000000000000000e+00
0.000000000000000000e+00
0.000000000000000000e+00
0.000000000000000000e+00
0.000000000000000000e+00
0.000000000000000000e+00
0.000000000000000000e+00
0.000000000000000000e+00
0.000000000000000000e+00
0.000000000000000000e+00
0.000000000000000000e+00
1.125116986457390666e+00
7.412222570026602675e+00
3.930348314753239691e+01
6.989231999656482230e+01
7.841568121091304988e+01
7.738196933435804681e+01
5.492876506129099567e+01
4.027845277541536717e+01
3.048059206846412650e+01
2.369587419780539861e+01
1.576137941026122213e+01
1.162475564429557373e+01
6.466319799587541439e+00
5.134173858691248427e+00
3.393435171966071362e+00
2.245808209762576446e+00
1.178257026590973977e+00
5.468739134608819885e-01
2.096557552101789013e-01
0.000000000000000000e+00
0.000000000000000000e+00
0.000000000000000000e+00
0.000000000000000000e+00
0.000000000000000000e+00
0.000000000000000000e+00
0.000000000000000000e+00
0.000000000000000000e+00
0.000000000000000000e+00
0.000000000000000000e+00
0.000000000000000000e+00
0.000000000000000000e+00
0.000000000000000000e+00
0.000000000000000000e+00
2.250233972914781333e+00
2.964889028010641070e+01
7.565920505899987347e+01
8.870948307256304588e+01
8.081616124798182454e+01
5.995359786265579061e+01
3.780044047228627591e+01
2.620525843219795092e+01
2.237815620216353807e+01
1.421752451868323774e+01
1.247775869979013486e+01
8.989811031588576640e+00
5.006183070648418720e+00
3.817719023129389821e+00
2.363966074852768884e+00
1.406071226981786992e+00
9.805075955547266631e-01
3.784172169037353095e-01
1.599121044106750211e-01
0.000000000000000000e+00
0.000000000000000000e+00
0.000000000000000000e+00
0.000000000000000000e+00
0.000000000000000000e+00
0.000000000000000000e+00
0.000000000000000000e+00
0.000000000000000000e+00
0.000000000000000000e+00
0.000000000000000000e+00
0.000000000000000000e+00
0.000000000000000000e+00
0.000000000000000000e+00
0.000000000000000000e+00
5.910207901229636462e+00
2.587769068851998355e+01
6.035666949878805099e+01
1.041542303409608508e+02
7.885287384227827090e+01
5.921184091436291652e+01
3.555387780227261629e+01
2.835033035421470515e+01
2.086715023304651595e+01
1.813402312933941829e+01
1.273653238132040144e+01
9.631954084048524933e+00
5.579882709261875462e+00
5.423364993202453910e+00
2.830377896457995757e+00
1.906424253913523215e+00
1.542772596271682950e+00
8.239559626510307710e-01
3.637688085074616828e-01
1.437377885065418692e-01
0.000000000000000000e+00
0.000000000000000000e+00
0.000000000000000000e+00
0.000000000000000000e+00
0.000000000000000000e+00
0.000000000000000000e+00
0.000000000000000000e+00
0.000000000000000000e+00
0.000000000000000000e+00
0.000000000000000000e+00
0.000000000000000000e+00
0.000000000000000000e+00
0.000000000000000000e+00
0.000000000000000000e+00
1.230715447488967884e+00
1.182041580245927292e+01
3.937909452600867155e+01
7.729889251599171018e+01
5.600746348523367146e+01
5.555543384342332303e+01
3.360672051896273871e+01
2.788539435472362271e+01
2.067211588328155614e+01
1.552904203389508098e+01
1.118907810108176903e+01
7.701159114286753926e+00
6.567241420942176333e+00
4.959895741566111127e+00
3.128864419155261700e+00
1.908859511564694911e+00
1.410753947896007165e+00
9.569095850292717031e-01
6.591647701208246390e-01
2.685541539316831372e-01
1.272582968306326112e-01
0.000000000000000000e+00
0.000000000000000000e+00
0.000000000000000000e+00
0.000000000000000000e+00
0.000000000000000000e+00
0.000000000000000000e+00
0.000000000000000000e+00
0.000000000000000000e+00
0.000000000000000000e+00
0.000000000000000000e+00
0.000000000000000000e+00
0.000000000000000000e+00
0.000000000000000000e+00
0.000000000000000000e+00
1.272255159682329495e+00
9.845723579911743073e+00
3.664328898762374109e+01
5.738096630932692221e+01
6.565111419166419182e+01
4.519900561966225894e+01
3.673827076742509945e+01
3.040608046953771648e+01
2.300545034264698785e+01
1.771895647138419250e+01
1.310262921609897546e+01
8.102435866300590206e+00
7.997357541759321897e+00
6.129425326212698089e+00
3.254931580402760538e+00
2.398796054685700785e+00
1.513923060896137374e+00
1.105726067269843460e+00
7.225643805323072044e-01
4.449362198315566230e-01
1.977535133496939601e-01
9.063720421750091905e-02
0.000000000000000000e+00
0.000000000000000000e+00
0.000000000000000000e+00
0.000000000000000000e+00
0.000000000000000000e+00
0.000000000000000000e+00
0.000000000000000000e+00
0.000000000000000000e+00
0.000000000000000000e+00
0.000000000000000000e+00
0.000000000000000000e+00
0.000000000000000000e+00
0.000000000000000000e+00
0.000000000000000000e+00
1.307719656795440555e+00
5.089020638729317980e+00
3.938289431964697229e+01
5.673799585180450578e+01
5.400561534995475199e+01
3.388444603440732550e+01
3.537313483277915793e+01
3.763432615199644715e+01
1.120224017298757957e+01
1.324556231849372168e+01
1.063137388283051443e+01
1.310262921609897546e+01
7.716605586952943518e+00
4.146777984615944490e+00
4.815977042024262467e+00
3.564925064250642261e+00
1.147250287023596105e+00
2.040504995120880682e+00
6.863127314088683928e-01
7.420931475737209126e-01
3.295823850604123195e-01
1.782223021546624486e-01
6.988525173672630042e-02
0.000000000000000000e+00
0.000000000000000000e+00
0.000000000000000000e+00
0.000000000000000000e+00
0.000000000000000000e+00
0.000000000000000000e+00
0.000000000000000000e+00
0.000000000000000000e+00
0.000000000000000000e+00
0.000000000000000000e+00
0.000000000000000000e+00
0.000000000000000000e+00
0.000000000000000000e+00
0.000000000000000000e+00
1.338054815040071732e+00
3.923158970386321442e+00
3.307863415174056598e+01
4.430575610960284649e+01
6.146616217278821637e+01
4.387956247183823422e+01
2.753111240295595152e+01
2.358208988851944099e+01
1.523294153771284698e+01
1.360272021005634713e+01
1.185129260075753876e+01
8.268846353312623521e+00
5.823390762710655366e+00
4.629963352171766466e+00
3.850579557143376963e+00
3.283620710471088167e+00
2.479947870783055563e+00
1.877318651493157020e+00
1.645568544452323145e+00
7.625697015654092636e-01
3.515178067454467481e-01
2.966241465543710820e-01
1.513668867614941238e-01
6.469726361653264923e-02
0.000000000000000000e+00
0.000000000000000000e+00
0.000000000000000000e+00
0.000000000000000000e+00
0.000000000000000000e+00
0.000000000000000000e+00
0.000000000000000000e+00
0.000000000000000000e+00
0.000000000000000000e+00
0.000000000000000000e+00
0.000000000000000000e+00
0.000000000000000000e+00
0.000000000000000000e+00
0.000000000000000000e+00
0.000000000000000000e+00
6.690274075200358439e+00
3.269299141988601320e+01
3.816765479046988219e+01
4.922861789955871359e+01
4.373553846909930343e+01
2.700280767497737600e+01
1.906000089435412193e+01
1.768656741638957897e+01
8.960553845713439713e+00
1.120224017298757957e+01
6.971348588680905678e+00
7.678214470933149904e+00
5.823390762710655366e+00
1.929151396738235880e+00
1.480992137362837413e+00
1.313448284188435178e+00
1.084977193467586698e+00
1.147250287023596105e+00
5.924046760028363057e-01
5.337987910957864290e-01
5.468054771595838304e-01
2.554263484218195490e-01
1.147458657708100710e-01
4.699706885351899455e-02
0.000000000000000000e+00
0.000000000000000000e+00
0.000000000000000000e+00
0.000000000000000000e+00
0.000000000000000000e+00
0.000000000000000000e+00
0.000000000000000000e+00
0.000000000000000000e+00
0.000000000000000000e+00
0.000000000000000000e+00
0.000000000000000000e+00
0.000000000000000000e+00
0.000000000000000000e+00
0.000000000000000000e+00
0.000000000000000000e+00
5.456307676005680563e+00
2.274693185568121834e+01
5.230878627181762397e+01
4.834569606792852170e+01
2.953717073973523100e+01
2.718695634565632702e+01
1.575163781040346933e+01
7.412222570026602675e+00
9.825870786883099228e+00
6.272387691999407267e+00
4.800960074137534228e+00
4.182809153208543407e+00
3.543791294276838144e+00
2.426412817796106403e+00
5.015793631519413154e+00
1.480992137362837413e+00
2.626896568376870356e+00
2.324951128859114480e+00
1.147250287023596105e+00
4.607591924466504785e-01
3.050278806261637055e-01
3.319890397040330399e-01
2.142285502892679883e-01
7.324204198136813337e-02
4.241943227687753476e-02
0.000000000000000000e+00
0.000000000000000000e+00
0.000000000000000000e+00
0.000000000000000000e+00
0.000000000000000000e+00
0.000000000000000000e+00
0.000000000000000000e+00
0.000000000000000000e+00
0.000000000000000000e+00
0.000000000000000000e+00
0.000000000000000000e+00
0.000000000000000000e+00
0.000000000000000000e+00
0.000000000000000000e+00
0.000000000000000000e+00
2.772952782428174334e+00
2.046115378502130255e+01
3.880358963616208001e+01
4.053930936065865609e+01
2.798961351301124978e+01
2.584502439726832534e+01
1.418449896295112644e+01
7.875818905201734665e+00
7.412222570026602675e+00
6.878109550818169993e+00
1.792110769142687854e+00
5.601120086493789785e+00
5.577078870944724542e+00
2.362527529517892244e+00
2.911695381355327683e+00
1.929151396738235880e+00
1.777190564835404718e+00
1.532356331553174522e+00
6.199869676957638909e-01
6.257728838310523400e-01
4.607591924466504785e-01
3.050278806261637055e-01
2.343452044969644987e-01
1.318329540241649223e-01
4.638662658819981549e-02
3.997802610266875528e-02
0.000000000000000000e+00
0.000000000000000000e+00
0.000000000000000000e+00
0.000000000000000000e+00
0.000000000000000000e+00
0.000000000000000000e+00
0.000000000000000000e+00
0.000000000000000000e+00
0.000000000000000000e+00
0.000000000000000000e+00
0.000000000000000000e+00
0.000000000000000000e+00
0.000000000000000000e+00
0.000000000000000000e+00
0.000000000000000000e+00
1.405830553902068791e+00
1.525124030335495817e+01
2.864561529902982429e+01
3.478942519104186459e+01
1.830807519513616910e+01
1.017804127745863596e+01
1.969144715982348615e+01
7.092249481475563222e+00
5.625584932286953332e+00
8.471111508601831375e+00
4.912935393441549614e+00
4.480276922856719857e+00
4.000800061781278671e+00
2.788539435472362271e+00
2.953159411897365416e+00
9.705651271184425610e-01
3.858302793476471870e-01
1.480992137362837413e+00
4.378160947294784111e-01
9.299804515436458363e-01
7.300683644695611374e-01
5.265819342247434198e-01
1.525139403130818527e-01
2.343452044969644987e-01
1.483120732771855410e-01
5.126942938695769336e-02
2.349853442675949727e-02
0.000000000000000000e+00
0.000000000000000000e+00
0.000000000000000000e+00
0.000000000000000000e+00
0.000000000000000000e+00
0.000000000000000000e+00
0.000000000000000000e+00
0.000000000000000000e+00
0.000000000000000000e+00
0.000000000000000000e+00
0.000000000000000000e+00
0.000000000000000000e+00
0.000000000000000000e+00
0.000000000000000000e+00
0.000000000000000000e+00
2.845238559429585923e+00
9.840813877314481317e+00
3.882133895399444157e+01
3.955823065104118541e+01
2.140887704064114772e+01
9.154037597568084550e+00
7.633530958093976970e+00
1.230715447488967840e+01
1.182041580245927292e+01
3.375350959372171999e+00
6.353333631451373975e+00
1.965174157376619934e+00
4.480276922856719857e+00
3.200640049425022671e+00
2.788539435472362271e+00
0.000000000000000000e+00
4.852825635592212805e-01
7.716605586952943741e-01
8.885952824177023590e-01
1.094540236823696056e+00
9.299804515436458363e-01
5.214774031925436537e-01
2.632909671123717099e-01
3.812848507827046318e-01
7.811506816565483291e-02
8.239559626510307988e-02
6.103503498447344217e-02
1.800537053478974692e-02
0.000000000000000000e+00
0.000000000000000000e+00
0.000000000000000000e+00
0.000000000000000000e+00
0.000000000000000000e+00
0.000000000000000000e+00
0.000000000000000000e+00
0.000000000000000000e+00
0.000000000000000000e+00
0.000000000000000000e+00
0.000000000000000000e+00
0.000000000000000000e+00
0.000000000000000000e+00
0.000000000000000000e+00
0.000000000000000000e+00
0.000000000000000000e+00
1.138095423771834369e+01
2.389911941633516790e+01
3.188895699792400507e+01
2.318930762302414195e+01
9.366383705280501459e+00
1.046175725436352444e+01
5.089020638729317980e+00
7.384292684933807749e+00
1.182041580245927204e+00
3.375350959372171999e+00
4.235555754300915687e+00
1.965174157376619934e+00
8.960553845713439269e-01
2.400480037068767114e+00
2.788539435472362271e+00
1.181263764758946122e+00
0.000000000000000000e+00
1.543321117390588748e+00
8.885952824177023590e-01
4.378160947294784111e-01
1.549967419239409727e-01
4.171819225540349119e-01
1.974682253342787686e-01
1.143854552348113895e-01
1.757589033727233740e-01
9.063515589161338926e-02
5.126942938695769336e-02
2.075195248077462210e-02
0.000000000000000000e+00
0.000000000000000000e+00
0.000000000000000000e+00
0.000000000000000000e+00
0.000000000000000000e+00
0.000000000000000000e+00
0.000000000000000000e+00
0.000000000000000000e+00
0.000000000000000000e+00
0.000000000000000000e+00
0.000000000000000000e+00
0.000000000000000000e+00
0.000000000000000000e+00
0.000000000000000000e+00
0.000000000000000000e+00
1.450024003277625040e+00
1.580964514399344090e+01
1.707143135657751642e+01
3.233410273974758553e+01
1.941066947699722078e+01
1.636892302801704346e+01
1.070443852032057386e+01
5.230878627181762219e+00
2.544510319364658990e+00
4.922861789955871537e+00
0.000000000000000000e+00
2.250233972914781333e+00
2.117777877150457844e+00
9.825870786883099672e-01
1.792110769142687854e+00
4.000800061781278671e+00
6.971348588680905678e-01
5.906318823794730610e-01
9.705651271184425610e-01
1.157490838042941617e+00
8.885952824177023590e-01
2.189080473647392056e-01
3.099934838478819454e-01
4.171819225540349119e-01
1.974682253342787686e-01
1.525139403130818527e-01
7.811506816565483291e-02
1.235933943976546129e-01
4.638662658819981549e-02
1.556396436058096570e-02
0.000000000000000000e+00
0.000000000000000000e+00
0.000000000000000000e+00
0.000000000000000000e+00
0.000000000000000000e+00
0.000000000000000000e+00
0.000000000000000000e+00
0.000000000000000000e+00
0.000000000000000000e+00
0.000000000000000000e+00
0.000000000000000000e+00
0.000000000000000000e+00
0.000000000000000000e+00
0.000000000000000000e+00
0.000000000000000000e+00
0.000000000000000000e+00
7.250120016388125421e+00
2.012136654690074167e+01
1.564881207686272191e+01
1.124664443121655033e+01
2.772952782428174334e+00
1.364076919001420141e+00
5.352219260160286929e+00
1.307719656795440555e+00
3.816765479046988485e+00
7.384292684933807749e+00
0.000000000000000000e+00
2.250233972914781333e+00
1.058888938575228922e+00
0.000000000000000000e+00
8.960553845713439269e-01
8.001600123562556677e-01
0.000000000000000000e+00
1.181263764758946122e+00
0.000000000000000000e+00
7.716605586952943741e-01
0.000000000000000000e+00
8.756321894589568222e-01
1.549967419239409727e-01
4.171819225540349119e-01
1.974682253342787686e-01
7.625697015654092636e-02
9.764383520706854114e-02
4.119779813255153994e-02
2.685541539316831441e-02
1.251220664281999309e-02
0.000000000000000000e+00
0.000000000000000000e+00
0.000000000000000000e+00
0.000000000000000000e+00
0.000000000000000000e+00
0.000000000000000000e+00
0.000000000000000000e+00
0.000000000000000000e+00
0.000000000000000000e+00
0.000000000000000000e+00
0.000000000000000000e+00
0.000000000000000000e+00
0.000000000000000000e+00
0.000000000000000000e+00
0.000000000000000000e+00
0.000000000000000000e+00
4.383731294581753701e+00
2.755045606227487553e+01
1.868412607926497415e+01
8.535715678288758212e+00
5.623322215608275165e+00
5.545905564856348668e+00
4.092230757004260866e+00
2.676109630080143464e+00
2.615439313590881110e+00
1.272255159682329495e+00
1.230715447488967884e+00
3.546124740737781611e+00
1.125116986457390666e+00
1.058888938575228922e+00
0.000000000000000000e+00
8.960553845713439269e-01
8.001600123562556677e-01
6.971348588680905678e-01
1.181263764758946122e+00
1.455847690677663842e+00
3.858302793476471870e-01
2.961984274725674715e-01
4.378160947294784111e-01
3.099934838478819454e-01
0.000000000000000000e+00
6.582274177809292748e-02
3.812848507827046318e-02
7.811506816565483291e-02
2.471867887953092119e-02
1.953121119503150108e-02
8.544921609730726439e-03
0.000000000000000000e+00
0.000000000000000000e+00
0.000000000000000000e+00
0.000000000000000000e+00
0.000000000000000000e+00
0.000000000000000000e+00
0.000000000000000000e+00
0.000000000000000000e+00
0.000000000000000000e+00
0.000000000000000000e+00
0.000000000000000000e+00
0.000000000000000000e+00
0.000000000000000000e+00
0.000000000000000000e+00
0.000000000000000000e+00
0.000000000000000000e+00
5.884510697214938801e+00
1.168995011888467594e+01
1.740028803933149959e+01
8.623442805814603318e+00
5.690477118859171846e+00
4.217491661706206152e+00
0.000000000000000000e+00
1.364076919001420141e+00
4.014164445120215419e+00
0.000000000000000000e+00
1.272255159682329495e+00
0.000000000000000000e+00
0.000000000000000000e+00
1.125116986457390666e+00
1.058888938575228922e+00
1.965174157376619934e+00
8.960553845713439269e-01
0.000000000000000000e+00
6.971348588680905678e-01
5.906318823794730610e-01
4.852825635592212805e-01
3.858302793476471870e-01
8.885952824177023590e-01
6.567241420942175889e-01
4.649902257718229182e-01
1.042954806385087280e-01
1.974682253342787686e-01
1.143854552348113895e-01
5.858630112424112468e-02
6.591647701208246113e-02
9.765605597515750538e-03
9.460448925059018743e-03
0.000000000000000000e+00
0.000000000000000000e+00
0.000000000000000000e+00
0.000000000000000000e+00
0.000000000000000000e+00
0.000000000000000000e+00
0.000000000000000000e+00
0.000000000000000000e+00
0.000000000000000000e+00
0.000000000000000000e+00
0.000000000000000000e+00
0.000000000000000000e+00
0.000000000000000000e+00
0.000000000000000000e+00
0.000000000000000000e+00
0.000000000000000000e+00
7.399329910228862772e+00
1.765353209164481640e+01
1.753492517832701481e+01
2.030033604588675189e+01
5.748961870543069175e+00
2.845238559429585923e+00
2.811661107804137583e+00
0.000000000000000000e+00
2.728153838002840281e+00
1.338054815040071732e+00
1.307719656795440555e+00
2.544510319364658990e+00
0.000000000000000000e+00
0.000000000000000000e+00
0.000000000000000000e+00
0.000000000000000000e+00
9.825870786883099672e-01
0.000000000000000000e+00
8.001600123562556677e-01
0.000000000000000000e+00
0.000000000000000000e+00
0.000000000000000000e+00
0.000000000000000000e+00
0.000000000000000000e+00
0.000000000000000000e+00
1.549967419239409727e-01
0.000000000000000000e+00
6.582274177809292748e-02
1.906424253913523159e-01
5.858630112424112468e-02
4.119779813255153994e-02
1.464840839627362667e-02
5.798339663745850393e-03
0.000000000000000000e+00
0.000000000000000000e+00
0.000000000000000000e+00
0.000000000000000000e+00
0.000000000000000000e+00
0.000000000000000000e+00
0.000000000000000000e+00
0.000000000000000000e+00
0.000000000000000000e+00
0.000000000000000000e+00
0.000000000000000000e+00
0.000000000000000000e+00
0.000000000000000000e+00
0.000000000000000000e+00
0.000000000000000000e+00
0.000000000000000000e+00
5.950472145631791498e+00
1.183892785636617973e+01
2.500917046316348902e+01
4.383731294581753701e+00
2.900048006555250080e+00
2.874480935271534587e+00
1.422619279714792961e+00
0.000000000000000000e+00
1.386476391214087167e+00
2.728153838002840281e+00
4.014164445120215419e+00
1.307719656795440555e+00
0.000000000000000000e+00
1.230715447488967884e+00
0.000000000000000000e+00
0.000000000000000000e+00
0.000000000000000000e+00
9.825870786883099672e-01
0.000000000000000000e+00
8.001600123562556677e-01
6.971348588680905678e-01
0.000000000000000000e+00
0.000000000000000000e+00
3.858302793476471870e-01
0.000000000000000000e+00
2.189080473647392056e-01
3.099934838478819454e-01
2.085909612770174559e-01
6.582274177809292748e-02
7.625697015654092636e-02
1.952876704141370823e-02
8.239559626510307641e-03
1.464840839627362667e-02
6.103515435521947828e-03
0.000000000000000000e+00
0.000000000000000000e+00
0.000000000000000000e+00
0.000000000000000000e+00
0.000000000000000000e+00
0.000000000000000000e+00
0.000000000000000000e+00
0.000000000000000000e+00
0.000000000000000000e+00
0.000000000000000000e+00
0.000000000000000000e+00
0.000000000000000000e+00
0.000000000000000000e+00
0.000000000000000000e+00
0.000000000000000000e+00
0.000000000000000000e+00
0.000000000000000000e+00
1.338856232767153109e+01
2.219798973068658654e+01
5.884510697214938801e+00
2.922487529721168986e+00
0.000000000000000000e+00
2.874480935271534587e+00
1.422619279714792961e+00
1.405830553902068791e+00
0.000000000000000000e+00
0.000000000000000000e+00
1.338054815040071732e+00
2.615439313590881110e+00
0.000000000000000000e+00
0.000000000000000000e+00
0.000000000000000000e+00
1.125116986457390666e+00
2.117777877150457844e+00
0.000000000000000000e+00
8.960553845713439269e-01
8.001600123562556677e-01
0.000000000000000000e+00
5.906318823794730610e-01
4.852825635592212805e-01
0.000000000000000000e+00
2.961984274725674715e-01
4.378160947294784111e-01
0.000000000000000000e+00
2.085909612770174559e-01
0.000000000000000000e+00
3.812848507827046318e-02
1.952876704141370823e-02
8.239559626510307641e-03
7.324204198136813337e-03
4.882812348417558089e-03
0.000000000000000000e+00
0.000000000000000000e+00
0.000000000000000000e+00
0.000000000000000000e+00
0.000000000000000000e+00
0.000000000000000000e+00
0.000000000000000000e+00
0.000000000000000000e+00
0.000000000000000000e+00
0.000000000000000000e+00
0.000000000000000000e+00
0.000000000000000000e+00
0.000000000000000000e+00
0.000000000000000000e+00
0.000000000000000000e+00
0.000000000000000000e+00
3.001356539728552875e+00
1.046162452879113580e+01
1.636379840048742551e+01
4.439597946137316953e+00
2.942255348607469401e+00
1.461243764860584493e+00
2.900048006555250080e+00
1.437240467635767294e+00
1.422619279714792961e+00
4.217491661706206152e+00
0.000000000000000000e+00
0.000000000000000000e+00
1.338054815040071732e+00
0.000000000000000000e+00
0.000000000000000000e+00
0.000000000000000000e+00
1.182041580245927204e+00
0.000000000000000000e+00
2.117777877150457844e+00
0.000000000000000000e+00
0.000000000000000000e+00
8.001600123562556677e-01
6.971348588680905678e-01
0.000000000000000000e+00
0.000000000000000000e+00
0.000000000000000000e+00
5.923968549451349430e-01
0.000000000000000000e+00
1.549967419239409727e-01
2.085909612770174559e-01
0.000000000000000000e+00
1.143854552348113895e-01
1.952876704141370823e-02
8.239559626510307641e-03
1.220700699689468774e-02
2.746581945984876479e-03
0.000000000000000000e+00
0.000000000000000000e+00
0.000000000000000000e+00
0.000000000000000000e+00
0.000000000000000000e+00
0.000000000000000000e+00
0.000000000000000000e+00
0.000000000000000000e+00
0.000000000000000000e+00
0.000000000000000000e+00
0.000000000000000000e+00
0.000000000000000000e+00
0.000000000000000000e+00
0.000000000000000000e+00
0.000000000000000000e+00
0.000000000000000000e+00
7.530976049892881719e+00
7.503391349321382187e+00
7.472588949136525827e+00
4.462854109223843402e+00
2.959731964091544931e+00
1.471127674303734700e+00
1.461243764860584493e+00
0.000000000000000000e+00
0.000000000000000000e+00
0.000000000000000000e+00
0.000000000000000000e+00
0.000000000000000000e+00
1.364076919001420141e+00
0.000000000000000000e+00
0.000000000000000000e+00
0.000000000000000000e+00
0.000000000000000000e+00
0.000000000000000000e+00
0.000000000000000000e+00
0.000000000000000000e+00
0.000000000000000000e+00
8.960553845713439269e-01
0.000000000000000000e+00
0.000000000000000000e+00
0.000000000000000000e+00
0.000000000000000000e+00
0.000000000000000000e+00
0.000000000000000000e+00
0.000000000000000000e+00
3.099934838478819454e-01
0.000000000000000000e+00
0.000000000000000000e+00
0.000000000000000000e+00
1.952876704141370823e-02
0.000000000000000000e+00
1.220700699689468774e-02
2.746581945984876479e-03
0.000000000000000000e+00
0.000000000000000000e+00
0.000000000000000000e+00
0.000000000000000000e+00
0.000000000000000000e+00
0.000000000000000000e+00
0.000000000000000000e+00
0.000000000000000000e+00
0.000000000000000000e+00
0.000000000000000000e+00
0.000000000000000000e+00
0.000000000000000000e+00
0.000000000000000000e+00
0.000000000000000000e+00
0.000000000000000000e+00
0.000000000000000000e+00
4.533450005772662550e+00
1.204956167982861004e+01
1.350610442877848882e+01
7.472588949136525827e+00
2.975236072815895749e+00
0.000000000000000000e+00
0.000000000000000000e+00
0.000000000000000000e+00
1.450024003277625040e+00
1.437240467635767294e+00
0.000000000000000000e+00
1.405830553902068791e+00
0.000000000000000000e+00
0.000000000000000000e+00
0.000000000000000000e+00
0.000000000000000000e+00
0.000000000000000000e+00
0.000000000000000000e+00
0.000000000000000000e+00
0.000000000000000000e+00
0.000000000000000000e+00
0.000000000000000000e+00
0.000000000000000000e+00
0.000000000000000000e+00
0.000000000000000000e+00
0.000000000000000000e+00
0.000000000000000000e+00
0.000000000000000000e+00
5.923968549451349430e-01
6.567241420942175889e-01
1.549967419239409727e-01
0.000000000000000000e+00
0.000000000000000000e+00
3.812848507827046318e-02
0.000000000000000000e+00
8.239559626510307641e-03
4.882802798757875269e-03
2.136230402432681610e-03
0.000000000000000000e+00
0.000000000000000000e+00
0.000000000000000000e+00
0.000000000000000000e+00
0.000000000000000000e+00
0.000000000000000000e+00
0.000000000000000000e+00
0.000000000000000000e+00
0.000000000000000000e+00
0.000000000000000000e+00
0.000000000000000000e+00
0.000000000000000000e+00
0.000000000000000000e+00
0.000000000000000000e+00
0.000000000000000000e+00
1.519640995800313421e+00
1.515612101736341533e+00
4.533450005772662550e+00
3.012390419957152510e+00
3.001356539728552875e+00
1.494517789827305210e+00
1.487618036407947875e+00
0.000000000000000000e+00
1.471127674303734700e+00
0.000000000000000000e+00
0.000000000000000000e+00
0.000000000000000000e+00
0.000000000000000000e+00
0.000000000000000000e+00
0.000000000000000000e+00
0.000000000000000000e+00
0.000000000000000000e+00
0.000000000000000000e+00
0.000000000000000000e+00
0.000000000000000000e+00
0.000000000000000000e+00
0.000000000000000000e+00
0.000000000000000000e+00
0.000000000000000000e+00
0.000000000000000000e+00
0.000000000000000000e+00
0.000000000000000000e+00
0.000000000000000000e+00
0.000000000000000000e+00
3.858302793476471870e-01
0.000000000000000000e+00
0.000000000000000000e+00
0.000000000000000000e+00
1.042954806385087280e-01
0.000000000000000000e+00
3.812848507827046318e-02
1.952876704141370823e-02
8.239559626510307641e-03
4.882802798757875269e-03
2.136230402432681610e-03
0.000000000000000000e+00
0.000000000000000000e+00
0.000000000000000000e+00
0.000000000000000000e+00
0.000000000000000000e+00
0.000000000000000000e+00
0.000000000000000000e+00
0.000000000000000000e+00
0.000000000000000000e+00
0.000000000000000000e+00
0.000000000000000000e+00
0.000000000000000000e+00
0.000000000000000000e+00
0.000000000000000000e+00
0.000000000000000000e+00
0.000000000000000000e+00
0.000000000000000000e+00
7.578060508681707219e+00
1.208920001539376621e+01
4.518585629935728321e+00
1.500678269864276437e+00
0.000000000000000000e+00
1.487618036407947875e+00
0.000000000000000000e+00
1.471127674303734700e+00
1.461243764860584493e+00
0.000000000000000000e+00
0.000000000000000000e+00
1.422619279714792961e+00
0.000000000000000000e+00
1.386476391214087167e+00
0.000000000000000000e+00
0.000000000000000000e+00
0.000000000000000000e+00
0.000000000000000000e+00
0.000000000000000000e+00
0.000000000000000000e+00
0.000000000000000000e+00
0.000000000000000000e+00
0.000000000000000000e+00
0.000000000000000000e+00
0.000000000000000000e+00
0.000000000000000000e+00
0.000000000000000000e+00
0.000000000000000000e+00
0.000000000000000000e+00
2.961984274725674715e-01
0.000000000000000000e+00
0.000000000000000000e+00
0.000000000000000000e+00
1.316454835561858550e-01
3.812848507827046318e-02
1.952876704141370823e-02
0.000000000000000000e+00
0.000000000000000000e+00
2.441406174208779045e-03
0.000000000000000000e+00
0.000000000000000000e+00
0.000000000000000000e+00
0.000000000000000000e+00
0.000000000000000000e+00
0.000000000000000000e+00
0.000000000000000000e+00
0.000000000000000000e+00
0.000000000000000000e+00
0.000000000000000000e+00
0.000000000000000000e+00
0.000000000000000000e+00
0.000000000000000000e+00
0.000000000000000000e+00
0.000000000000000000e+00
0.000000000000000000e+00
4.569863437282231544e+00
3.039281991600626842e+00
1.515612101736341533e+00
1.511150001924220776e+00
3.012390419957152510e+00
3.001356539728552875e+00
0.000000000000000000e+00
2.975236072815895749e+00
0.000000000000000000e+00
0.000000000000000000e+00
1.461243764860584493e+00
0.000000000000000000e+00
0.000000000000000000e+00
0.000000000000000000e+00
0.000000000000000000e+00
0.000000000000000000e+00
0.000000000000000000e+00
0.000000000000000000e+00
0.000000000000000000e+00
0.000000000000000000e+00
0.000000000000000000e+00
0.000000000000000000e+00
0.000000000000000000e+00
1.058888938575228922e+00
0.000000000000000000e+00
0.000000000000000000e+00
0.000000000000000000e+00
6.971348588680905678e-01
0.000000000000000000e+00
0.000000000000000000e+00
0.000000000000000000e+00
0.000000000000000000e+00
2.189080473647392056e-01
0.000000000000000000e+00
0.000000000000000000e+00
0.000000000000000000e+00
0.000000000000000000e+00
0.000000000000000000e+00
0.000000000000000000e+00
2.441401399378937635e-03
1.220703087104389522e-03
0.000000000000000000e+00
0.000000000000000000e+00
0.000000000000000000e+00
0.000000000000000000e+00
0.000000000000000000e+00
0.000000000000000000e+00
0.000000000000000000e+00
0.000000000000000000e+00
0.000000000000000000e+00
0.000000000000000000e+00
0.000000000000000000e+00
0.000000000000000000e+00
0.000000000000000000e+00
0.000000000000000000e+00
0.000000000000000000e+00
0.000000000000000000e+00
4.579789941790400221e+00
3.046575624854821029e+00
9.117845974801880971e+00
3.031224203472683065e+00
0.000000000000000000e+00
0.000000000000000000e+00
0.000000000000000000e+00
0.000000000000000000e+00
0.000000000000000000e+00
0.000000000000000000e+00
0.000000000000000000e+00
0.000000000000000000e+00
0.000000000000000000e+00
0.000000000000000000e+00
2.845238559429585923e+00
0.000000000000000000e+00
0.000000000000000000e+00
0.000000000000000000e+00
0.000000000000000000e+00
0.000000000000000000e+00
0.000000000000000000e+00
0.000000000000000000e+00
0.000000000000000000e+00
0.000000000000000000e+00
0.000000000000000000e+00
0.000000000000000000e+00
0.000000000000000000e+00
0.000000000000000000e+00
0.000000000000000000e+00
0.000000000000000000e+00
0.000000000000000000e+00
0.000000000000000000e+00
0.000000000000000000e+00
0.000000000000000000e+00
0.000000000000000000e+00
0.000000000000000000e+00
0.000000000000000000e+00
3.812848507827046318e-02
1.952876704141370823e-02
8.239559626510307641e-03
4.882802798757875269e-03
1.831054630656584175e-03
0.000000000000000000e+00
0.000000000000000000e+00
0.000000000000000000e+00
0.000000000000000000e+00
0.000000000000000000e+00
0.000000000000000000e+00
0.000000000000000000e+00
0.000000000000000000e+00
0.000000000000000000e+00
0.000000000000000000e+00
0.000000000000000000e+00
0.000000000000000000e+00
0.000000000000000000e+00
0.000000000000000000e+00
0.000000000000000000e+00
0.000000000000000000e+00
3.059211314264286496e+00
1.221277317810773511e+01
1.523287812427410515e+00
3.039281991600626842e+00
0.000000000000000000e+00
0.000000000000000000e+00
1.506195209978576255e+00
0.000000000000000000e+00
0.000000000000000000e+00
0.000000000000000000e+00
0.000000000000000000e+00
0.000000000000000000e+00
0.000000000000000000e+00
0.000000000000000000e+00
0.000000000000000000e+00
0.000000000000000000e+00
0.000000000000000000e+00
0.000000000000000000e+00
0.000000000000000000e+00
0.000000000000000000e+00
0.000000000000000000e+00
0.000000000000000000e+00
0.000000000000000000e+00
0.000000000000000000e+00
0.000000000000000000e+00
0.000000000000000000e+00
0.000000000000000000e+00
8.960553845713439269e-01
0.000000000000000000e+00
0.000000000000000000e+00
0.000000000000000000e+00
0.000000000000000000e+00
0.000000000000000000e+00
0.000000000000000000e+00
0.000000000000000000e+00
1.549967419239409727e-01
0.000000000000000000e+00
6.582274177809292748e-02
3.812848507827046318e-02
0.000000000000000000e+00
2.471867887953092119e-02
2.441401399378937635e-03
1.220703087104389522e-03
0.000000000000000000e+00
0.000000000000000000e+00
0.000000000000000000e+00
0.000000000000000000e+00
0.000000000000000000e+00
0.000000000000000000e+00
0.000000000000000000e+00
0.000000000000000000e+00
0.000000000000000000e+00
0.000000000000000000e+00
0.000000000000000000e+00
0.000000000000000000e+00
0.000000000000000000e+00
0.000000000000000000e+00
0.000000000000000000e+00
0.000000000000000000e+00
0.000000000000000000e+00
6.118422628528572993e+00
3.053193294526933776e+00
0.000000000000000000e+00
0.000000000000000000e+00
1.515612101736341533e+00
0.000000000000000000e+00
0.000000000000000000e+00
0.000000000000000000e+00
0.000000000000000000e+00
0.000000000000000000e+00
0.000000000000000000e+00
0.000000000000000000e+00
0.000000000000000000e+00
0.000000000000000000e+00
0.000000000000000000e+00
0.000000000000000000e+00
0.000000000000000000e+00
0.000000000000000000e+00
1.364076919001420141e+00
0.000000000000000000e+00
0.000000000000000000e+00
0.000000000000000000e+00
0.000000000000000000e+00
0.000000000000000000e+00
0.000000000000000000e+00
0.000000000000000000e+00
0.000000000000000000e+00
0.000000000000000000e+00
0.000000000000000000e+00
0.000000000000000000e+00
0.000000000000000000e+00
0.000000000000000000e+00
0.000000000000000000e+00
0.000000000000000000e+00
0.000000000000000000e+00
0.000000000000000000e+00
1.042954806385087280e-01
0.000000000000000000e+00
0.000000000000000000e+00
0.000000000000000000e+00
8.239559626510307641e-03
2.441401399378937635e-03
1.525878858880486957e-03
0.000000000000000000e+00
0.000000000000000000e+00
0.000000000000000000e+00
0.000000000000000000e+00
0.000000000000000000e+00
0.000000000000000000e+00
0.000000000000000000e+00
0.000000000000000000e+00
0.000000000000000000e+00
0.000000000000000000e+00
0.000000000000000000e+00
0.000000000000000000e+00
0.000000000000000000e+00
0.000000000000000000e+00
0.000000000000000000e+00
0.000000000000000000e+00
0.000000000000000000e+00
3.064695931934130702e+00
3.059211314264286496e+00
3.053193294526933776e+00
0.000000000000000000e+00
0.000000000000000000e+00
0.000000000000000000e+00
0.000000000000000000e+00
0.000000000000000000e+00
0.000000000000000000e+00
0.000000000000000000e+00
0.000000000000000000e+00
0.000000000000000000e+00
0.000000000000000000e+00
0.000000000000000000e+00
0.000000000000000000e+00
0.000000000000000000e+00
0.000000000000000000e+00
0.000000000000000000e+00
0.000000000000000000e+00
0.000000000000000000e+00
0.000000000000000000e+00
0.000000000000000000e+00
0.000000000000000000e+00
0.000000000000000000e+00
0.000000000000000000e+00
0.000000000000000000e+00
0.000000000000000000e+00
0.000000000000000000e+00
0.000000000000000000e+00
0.000000000000000000e+00
0.000000000000000000e+00
0.000000000000000000e+00
0.000000000000000000e+00
0.000000000000000000e+00
0.000000000000000000e+00
0.000000000000000000e+00
0.000000000000000000e+00
0.000000000000000000e+00
0.000000000000000000e+00
0.000000000000000000e+00
0.000000000000000000e+00
8.239559626510307641e-03
4.882802798757875269e-03
1.220703087104389522e-03
0.000000000000000000e+00
0.000000000000000000e+00
0.000000000000000000e+00
0.000000000000000000e+00
0.000000000000000000e+00
0.000000000000000000e+00
0.000000000000000000e+00
0.000000000000000000e+00
0.000000000000000000e+00
0.000000000000000000e+00
0.000000000000000000e+00
0.000000000000000000e+00
0.000000000000000000e+00
0.000000000000000000e+00
0.000000000000000000e+00
0.000000000000000000e+00
0.000000000000000000e+00
4.604557253353314117e+00
1.532347965967065351e+00
3.059211314264286496e+00
0.000000000000000000e+00
3.046575624854821029e+00
0.000000000000000000e+00
0.000000000000000000e+00
1.511150001924220776e+00
0.000000000000000000e+00
0.000000000000000000e+00
0.000000000000000000e+00
0.000000000000000000e+00
0.000000000000000000e+00
0.000000000000000000e+00
0.000000000000000000e+00
0.000000000000000000e+00
0.000000000000000000e+00
0.000000000000000000e+00
0.000000000000000000e+00
0.000000000000000000e+00
0.000000000000000000e+00
0.000000000000000000e+00
0.000000000000000000e+00
0.000000000000000000e+00
0.000000000000000000e+00
0.000000000000000000e+00
0.000000000000000000e+00
0.000000000000000000e+00
0.000000000000000000e+00
0.000000000000000000e+00
0.000000000000000000e+00
0.000000000000000000e+00
0.000000000000000000e+00
0.000000000000000000e+00
0.000000000000000000e+00
0.000000000000000000e+00
2.189080473647392056e-01
0.000000000000000000e+00
0.000000000000000000e+00
0.000000000000000000e+00
0.000000000000000000e+00
0.000000000000000000e+00
0.000000000000000000e+00
0.000000000000000000e+00
0.000000000000000000e+00
0.000000000000000000e+00
0.000000000000000000e+00
0.000000000000000000e+00
0.000000000000000000e+00
0.000000000000000000e+00
0.000000000000000000e+00
0.000000000000000000e+00
0.000000000000000000e+00
0.000000000000000000e+00
0.000000000000000000e+00
0.000000000000000000e+00
0.000000000000000000e+00
0.000000000000000000e+00
0.000000000000000000e+00
0.000000000000000000e+00
0.000000000000000000e+00
0.000000000000000000e+00
1.537144204738476105e+01
0.000000000000000000e+00
1.532347965967065351e+00
0.000000000000000000e+00
0.000000000000000000e+00
0.000000000000000000e+00
0.000000000000000000e+00
0.000000000000000000e+00
0.000000000000000000e+00
0.000000000000000000e+00
0.000000000000000000e+00
0.000000000000000000e+00
0.000000000000000000e+00
0.000000000000000000e+00
0.000000000000000000e+00
0.000000000000000000e+00
0.000000000000000000e+00
0.000000000000000000e+00
0.000000000000000000e+00
0.000000000000000000e+00
0.000000000000000000e+00
0.000000000000000000e+00
0.000000000000000000e+00
0.000000000000000000e+00
0.000000000000000000e+00
0.000000000000000000e+00
0.000000000000000000e+00
0.000000000000000000e+00
0.000000000000000000e+00
0.000000000000000000e+00
0.000000000000000000e+00
0.000000000000000000e+00
0.000000000000000000e+00
0.000000000000000000e+00
0.000000000000000000e+00
0.000000000000000000e+00
0.000000000000000000e+00
0.000000000000000000e+00
0.000000000000000000e+00
0.000000000000000000e+00
0.000000000000000000e+00
0.000000000000000000e+00
1.952876704141370823e-02
0.000000000000000000e+00
2.441401399378937635e-03
2.136230402432681610e-03
0.000000000000000000e+00
0.000000000000000000e+00
0.000000000000000000e+00
0.000000000000000000e+00
0.000000000000000000e+00
0.000000000000000000e+00
0.000000000000000000e+00
0.000000000000000000e+00
0.000000000000000000e+00
0.000000000000000000e+00
0.000000000000000000e+00
0.000000000000000000e+00
0.000000000000000000e+00
0.000000000000000000e+00
0.000000000000000000e+00
0.000000000000000000e+00
0.000000000000000000e+00
1.539245392815994817e+00
6.148576818953904066e+00
3.069704835568876078e+00
0.000000000000000000e+00
0.000000000000000000e+00
0.000000000000000000e+00
0.000000000000000000e+00
0.000000000000000000e+00
0.000000000000000000e+00
1.511150001924220776e+00
0.000000000000000000e+00
0.000000000000000000e+00
0.000000000000000000e+00
0.000000000000000000e+00
0.000000000000000000e+00
0.000000000000000000e+00
0.000000000000000000e+00
0.000000000000000000e+00
0.000000000000000000e+00
0.000000000000000000e+00
0.000000000000000000e+00
0.000000000000000000e+00
0.000000000000000000e+00
0.000000000000000000e+00
0.000000000000000000e+00
0.000000000000000000e+00
1.230715447488967884e+00
0.000000000000000000e+00
0.000000000000000000e+00
0.000000000000000000e+00
0.000000000000000000e+00
0.000000000000000000e+00
0.000000000000000000e+00
0.000000000000000000e+00
0.000000000000000000e+00
0.000000000000000000e+00
0.000000000000000000e+00
0.000000000000000000e+00
0.000000000000000000e+00
1.549967419239409727e-01
0.000000000000000000e+00
0.000000000000000000e+00
0.000000000000000000e+00
1.952876704141370823e-02
8.239559626510307641e-03
2.441401399378937635e-03
9.155273153282920875e-04
0.000000000000000000e+00
