# pd_vector
0.000000000000000000e+00
0.000000000000000000e+00
0.000000000000000000e+00
0.000000000000000000e+00
0.000000000000000000e+00
0.000000000000000000e+00
0.000000000000000000e+00
0.000000000000000000e+00
0.000000000000000000e+00
0.000000000000000000e+00
0.000000000000000000e+00
0.000000000000000000e+00
0.000000000000000000e+00
3.051757717760973806e-04
0.000000000000000000e+00
0.000000000000000000e+00
0.000000000000000000e+00
0.000000000000000000e+00
0.000000000000000000e+00
1.220703087104389566e-02
0.000000000000000000e+00
0.000000000000000000e+00
0.000000000000000000e+00
0.000000000000000000e+00
0.000000000000000000e+00
0.000000000000000000e+00
1.318359334072740641e-01
0.000000000000000000e+00
0.000000000000000000e+00
0.000000000000000000e+00
0.000000000000000000e+00
0.000000000000000000e+00
0.000000000000000000e+00
0.000000000000000000e+00
1.789550725695035149e+00
0.000000000000000000e+00
0.000000000000000000e+00
0.000000000000000000e+00
0.000000000000000000e+00
0.000000000000000000e+00
0.000000000000000000e+00
0.000000000000000000e+00
9.765605597515750538e-03
5.349731279234987369e+00
0.000000000000000000e+00
0.000000000000000000e+00
0.000000000000000000e+00
0.000000000000000000e+00
0.000000000000000000e+00
0.000000000000000000e+00
0.000000000000000000e+00
0.000000000000000000e+00
5.463856331810062805e+00
1.239807090417573221e+01
0.000000000000000000e+00
0.000000000000000000e+00
0.000000000000000000e+00
0.000000000000000000e+00
0.000000000000000000e+00
0.000000000000000000e+00
0.000000000000000000e+00
0.000000000000000000e+00
8.157164030245204200e-01
1.727291490060598278e+01
6.849059845970953297e+00
0.000000000000000000e+00
0.000000000000000000e+00
0.000000000000000000e+00
0.000000000000000000e+00
0.000000000000000000e+00
0.000000000000000000e+00
0.000000000000000000e+00
0.000000000000000000e+00
2.148164374555507905e-01
4.399924840556503902e+00
4.079581738362204391e+00
4.369201524518386393e+00
0.000000000000000000e+00
0.000000000000000000e+00
0.000000000000000000e+00
0.000000000000000000e+00
0.000000000000000000e+00
0.000000000000000000e+00
0.000000000000000000e+00
0.000000000000000000e+00
0.000000000000000000e+00
1.601358897395924075e+00
1.952775631482942975e+00
2.805170207886399147e+00
4.353332384386028764e+00
0.000000000000000000e+00
0.000000000000000000e+00
0.000000000000000000e+00
0.000000000000000000e+00
0.000000000000000000e+00
0.000000000000000000e+00
0.000000000000000000e+00
0.000000000000000000e+00
0.000000000000000000e+00
0.000000000000000000e+00
2.343452044969644987e-01
1.557276769410448125e+00
3.593742859885796115e+00
4.232787954534471098e+00
0.000000000000000000e+00
0.000000000000000000e+00
0.000000000000000000e+00
0.000000000000000000e+00
0.000000000000000000e+00
0.000000000000000000e+00
0.000000000000000000e+00
0.000000000000000000e+00
0.000000000000000000e+00
0.000000000000000000e+00
0.000000000000000000e+00
5.858630112424112468e-01
2.801450273013504688e+00
4.636221257420602981e+00
3.847656130553035680e+00
0.000000000000000000e+00
0.000000000000000000e+00
0.000000000000000000e+00
0.000000000000000000e+00
0.000000000000000000e+00
0.000000000000000000e+00
0.000000000000000000e+00
0.000000000000000000e+00
0.000000000000000000e+00
0.000000000000000000e+00
0.000000000000000000e+00
1.143854552348113895e-01
1.640416431478751491e+00
4.004425978484009718e+00
4.523916793049171048e+00
3.510436902740448062e+00
0.000000000000000000e+00
0.000000000000000000e+00
0.000000000000000000e+00
0.000000000000000000e+00
0.000000000000000000e+00
0.000000000000000000e+00
0.000000000000000000e+00
0.000000000000000000e+00
0.000000000000000000e+00
0.000000000000000000e+00
0.000000000000000000e+00
1.316454835561858550e-01
4.956703060175160491e-01
3.163660260709020733e+00
5.256839041713575966e+00
4.851064580565949136e+00
3.087768458830553175e+00
0.000000000000000000e+00
0.000000000000000000e+00
0.000000000000000000e+00
0.000000000000000000e+00
0.000000000000000000e+00
0.000000000000000000e+00
0.000000000000000000e+00
0.000000000000000000e+00
0.000000000000000000e+00
0.000000000000000000e+00
0.000000000000000000e+00
0.000000000000000000e+00
7.898729013371150742e-01
2.211452134539686920e+00
4.901720527394840765e+00
5.569942307520967972e+00
4.516592588851034762e+00
2.687072670488537263e+00
0.000000000000000000e+00
0.000000000000000000e+00
0.000000000000000000e+00
0.000000000000000000e+00
0.000000000000000000e+00
0.000000000000000000e+00
0.000000000000000000e+00
0.000000000000000000e+00
0.000000000000000000e+00
0.000000000000000000e+00
0.000000000000000000e+00
0.000000000000000000e+00
1.042954806385087280e-01
1.118986610227579837e+00
4.232261843688021052e+00
7.186586271240244628e+00
6.624605939714287572e+00
4.360342899290782448e+00
2.341613696837995029e+00
0.000000000000000000e+00
0.000000000000000000e+00
0.000000000000000000e+00
0.000000000000000000e+00
0.000000000000000000e+00
0.000000000000000000e+00
0.000000000000000000e+00
0.000000000000000000e+00
0.000000000000000000e+00
0.000000000000000000e+00
0.000000000000000000e+00
0.000000000000000000e+00
0.000000000000000000e+00
1.042954806385087307e+00
3.554428056017018278e+00
6.939384284245224244e+00
8.729358867511926690e+00
6.978907003654230223e+00
4.335928885296993052e+00
2.061462338347537671e+00
0.000000000000000000e+00
0.000000000000000000e+00
0.000000000000000000e+00
0.000000000000000000e+00
0.000000000000000000e+00
0.000000000000000000e+00
0.000000000000000000e+00
0.000000000000000000e+00
0.000000000000000000e+00
0.000000000000000000e+00
0.000000000000000000e+00
0.000000000000000000e+00
2.189080473647392056e-01
4.649902257718229182e-01
3.650341822347805465e+00
7.569615304480686646e+00
1.059971885175918871e+01
9.862027355913923543e+00
6.451575187557571311e+00
3.994132689383941948e+00
1.767578070127155954e+00
0.000000000000000000e+00
0.000000000000000000e+00
0.000000000000000000e+00
0.000000000000000000e+00
0.000000000000000000e+00
0.000000000000000000e+00
0.000000000000000000e+00
0.000000000000000000e+00
0.000000000000000000e+00
0.000000000000000000e+00
0.000000000000000000e+00
0.000000000000000000e+00
0.000000000000000000e+00
2.189080473647392056e-01
3.719921806174583345e+00
9.178002296188768838e+00
1.072910690982914694e+01
1.189608734442038518e+01
8.866060236801823535e+00
6.888271847762617028e+00
3.425286163328649547e+00
1.524963331565158509e+00
0.000000000000000000e+00
0.000000000000000000e+00
0.000000000000000000e+00
0.000000000000000000e+00
0.000000000000000000e+00
0.000000000000000000e+00
0.000000000000000000e+00
0.000000000000000000e+00
0.000000000000000000e+00
0.000000000000000000e+00
0.000000000000000000e+00
0.000000000000000000e+00
0.000000000000000000e+00
2.961984274725674715e-01
8.756321894589568222e-01
6.354866418881579548e+00
1.042954806385087352e+01
1.559998980140802338e+01
1.319245583708157987e+01
9.705797219582613877e+00
6.435096068304550165e+00
3.005365122635472286e+00
1.324462849508262652e+00
0.000000000000000000e+00
0.000000000000000000e+00
0.000000000000000000e+00
0.000000000000000000e+00
0.000000000000000000e+00
0.000000000000000000e+00
0.000000000000000000e+00
0.000000000000000000e+00
0.000000000000000000e+00
0.000000000000000000e+00
0.000000000000000000e+00
0.000000000000000000e+00
0.000000000000000000e+00
3.858302793476471870e-01
5.923968549451349430e-01
4.159252899930044656e+00
1.255473609583921935e+01
1.627009497960736084e+01
1.737720382941653341e+01
1.262052856090752329e+01
8.787945168636168702e+00
5.471067592002844648e+00
2.636713511329252579e+00
1.076354947054295463e+00
0.000000000000000000e+00
0.000000000000000000e+00
0.000000000000000000e+00
0.000000000000000000e+00
0.000000000000000000e+00
0.000000000000000000e+00
0.000000000000000000e+00
0.000000000000000000e+00
0.000000000000000000e+00
0.000000000000000000e+00
0.000000000000000000e+00
0.000000000000000000e+00
0.000000000000000000e+00
0.000000000000000000e+00
1.157490838042941617e+00
2.961984274725674826e+00
7.223965563036394144e+00
1.937459274049261992e+01
1.929466391812411530e+01
1.671897641163560522e+01
1.212485825489000746e+01
8.592657498222031620e+00
4.713028106363895908e+00
2.355952350400674966e+00
9.027099329136960559e-01
0.000000000000000000e+00
0.000000000000000000e+00
0.000000000000000000e+00
0.000000000000000000e+00
0.000000000000000000e+00
0.000000000000000000e+00
0.000000000000000000e+00
0.000000000000000000e+00
0.000000000000000000e+00
0.000000000000000000e+00
0.000000000000000000e+00
0.000000000000000000e+00
0.000000000000000000e+00
0.000000000000000000e+00
1.455847690677663842e+00
5.401623910867060729e+00
1.303273080879296941e+01
2.101517254701496284e+01
2.076956341780809012e+01
2.169345997280981564e+01
1.717973560408225353e+01
1.090474673238535175e+01
6.932712299701866421e+00
4.160977611387705721e+00
2.036128767082034052e+00
7.925414793025249427e-01
0.000000000000000000e+00
0.000000000000000000e+00
0.000000000000000000e+00
0.000000000000000000e+00
0.000000000000000000e+00
0.000000000000000000e+00
0.000000000000000000e+00
0.000000000000000000e+00
0.000000000000000000e+00
0.000000000000000000e+00
0.000000000000000000e+00
0.000000000000000000e+00
0.000000000000000000e+00
0.000000000000000000e+00
5.906318823794730610e-01
3.396977944914548964e+00
1.118907810108176903e+01
1.777190564835404984e+01
2.364206911539183409e+01
2.216453409512356032e+01
2.012902776323218390e+01
1.441518044940235121e+01
9.684635209880697815e+00
6.874125998577625296e+00
3.559489758652452984e+00
1.625973331986372505e+00
6.729125767662946789e-01
0.000000000000000000e+00
0.000000000000000000e+00
0.000000000000000000e+00
0.000000000000000000e+00
0.000000000000000000e+00
0.000000000000000000e+00
0.000000000000000000e+00
0.000000000000000000e+00
0.000000000000000000e+00
0.000000000000000000e+00
0.000000000000000000e+00
0.000000000000000000e+00
0.000000000000000000e+00
0.000000000000000000e+00
0.000000000000000000e+00
5.906318823794730610e-01
6.793955889829097927e+00
1.929151396738236102e+01
2.517686633516823491e+01
2.539333349430974707e+01
2.231953083704750185e+01
1.762593622790797454e+01
1.323037109739667905e+01
8.769551568002206920e+00
5.858630112424112468e+00
2.999199704049751780e+00
1.440426825633573271e+00
5.413818191307967487e-01
0.000000000000000000e+00
0.000000000000000000e+00
0.000000000000000000e+00
0.000000000000000000e+00
0.000000000000000000e+00
0.000000000000000000e+00
0.000000000000000000e+00
0.000000000000000000e+00
0.000000000000000000e+00
0.000000000000000000e+00
0.000000000000000000e+00
0.000000000000000000e+00
0.000000000000000000e+00
0.000000000000000000e+00
0.000000000000000000e+00
1.394269717736181136e+00
4.725055059035784488e+00
1.844073741525041044e+01
2.199232592281589049e+01
2.843504903736647549e+01
2.605005763640396665e+01
2.169954386935173574e+01
1.710445882471543300e+01
1.026834771738249685e+01
8.121367321671607797e+00
4.628317788815048850e+00
2.595461282350747023e+00
1.293942741670836893e+00
4.742431493400553477e-01
0.000000000000000000e+00
0.000000000000000000e+00
0.000000000000000000e+00
0.000000000000000000e+00
0.000000000000000000e+00
0.000000000000000000e+00
0.000000000000000000e+00
0.000000000000000000e+00
0.000000000000000000e+00
0.000000000000000000e+00
0.000000000000000000e+00
0.000000000000000000e+00
0.000000000000000000e+00
0.000000000000000000e+00
0.000000000000000000e+00
1.600320024712511335e+00
3.485674294340452839e+00
1.653769270662524704e+01
2.571997586863872698e+01
3.511055542063589741e+01
3.584000972418066056e+01
2.648787373113344401e+01
1.906459925664474042e+01
1.564432209577630850e+01
9.478474816045380891e+00
6.824998829010413104e+00
3.983868476448396478e+00
2.331795374302417123e+00
1.069333812927974581e+00
4.132079949848358469e-01
0.000000000000000000e+00
0.000000000000000000e+00
0.000000000000000000e+00
0.000000000000000000e+00
0.000000000000000000e+00
0.000000000000000000e+00
0.000000000000000000e+00
0.000000000000000000e+00
0.000000000000000000e+00
0.000000000000000000e+00
0.000000000000000000e+00
0.000000000000000000e+00
0.000000000000000000e+00
0.000000000000000000e+00
0.000000000000000000e+00
0.000000000000000000e+00
3.200640049425022671e+00
1.394269717736181136e+01
3.012222600135312689e+01
4.513127841100757820e+01
3.163808290650706923e+01
2.339967577033283064e+01
2.232862083120339847e+01
1.472469048277439185e+01
1.220257123470552152e+01
8.556956431152080711e+00
6.062429127445003729e+00
3.632350669702949730e+00
1.647911925302061542e+00
8.520490883832492202e-01
3.433227432481095742e-01
0.000000000000000000e+00
0.000000000000000000e+00
0.000000000000000000e+00
0.000000000000000000e+00
0.000000000000000000e+00
0.000000000000000000e+00
0.000000000000000000e+00
0.000000000000000000e+00
0.000000000000000000e+00
0.000000000000000000e+00
0.000000000000000000e+00
0.000000000000000000e+00
0.000000000000000000e+00
0.000000000000000000e+00
0.000000000000000000e+00
0.000000000000000000e+00
8.064498461142095564e+00
1.600320024712511469e+01
2.858252921359171239e+01
3.012222600135312689e+01
3.833732252117847850e+01
3.511055542063589741e+01
2.665785847253107121e+01
2.079626449965022417e+01
1.100476867659980940e+01
9.282297776827276081e+00
7.108856112034036556e+00
3.774720022748776049e+00
2.773084919880746568e+00
1.524318530904406943e+00
6.933579974236182553e-01
2.847289950670988667e-01
0.000000000000000000e+00
0.000000000000000000e+00
0.000000000000000000e+00
0.000000000000000000e+00
0.000000000000000000e+00
0.000000000000000000e+00
0.000000000000000000e+00
0.000000000000000000e+00
0.000000000000000000e+00
0.000000000000000000e+00
0.000000000000000000e+00
0.000000000000000000e+00
0.000000000000000000e+00
0.000000000000000000e+00
0.000000000000000000e+00
2.117777877150457844e+00
2.947761236064930124e+00
4.480276922856719857e+00
2.560512039540018137e+01
3.415960808453643693e+01
3.720980858990679963e+01
2.960223637711249722e+01
2.816561039237824460e+01
2.162248520549742636e+01
1.685591964708491730e+01
1.193474912814345501e+01
9.282297776827276081e+00
5.463287567581713411e+00
3.088407291339907434e+00
2.167693141596921613e+00
1.326569099868159629e+00
5.786121316528082259e-01
2.239990164836554720e-01
0.000000000000000000e+00
0.000000000000000000e+00
0.000000000000000000e+00
0.000000000000000000e+00
0.000000000000000000e+00
0.000000000000000000e+00
0.000000000000000000e+00
0.000000000000000000e+00
0.000000000000000000e+00
0.000000000000000000e+00
0.000000000000000000e+00
0.000000000000000000e+00
0.000000000000000000e+00
0.000000000000000000e+00
0.000000000000000000e+00
1.125116986457390666e+00
2.117777877150457844e+00
5.895522472129860247e+00
1.433688615314150283e+01
3.840768059310027382e+01
4.252522639095352730e+01
3.307538541325049408e+01
3.396977944914549141e+01
2.430730759890177239e+01
1.480992137362837369e+01
1.225885065242539618e+01
9.764794741208280726e+00
5.527660473840962929e+00
4.805060149800783442e+00
3.164664261496448638e+00
2.011463005265611947e+00
1.227694384350035861e+00
5.297841036652294333e-01
2.072143490359701079e-01
0.000000000000000000e+00
0.000000000000000000e+00
0.000000000000000000e+00
0.000000000000000000e+00
0.000000000000000000e+00
0.000000000000000000e+00
0.000000000000000000e+00
0.000000000000000000e+00
0.000000000000000000e+00
0.000000000000000000e+00
0.000000000000000000e+00
0.000000000000000000e+00
0.000000000000000000e+00
0.000000000000000000e+00
0.000000000000000000e+00
0.000000000000000000e+00
0.000000000000000000e+00
7.412222570026602675e+00
1.768656741638957897e+01
3.763432615199644715e+01
3.920784060545652494e+01
3.903955209661307180e+01
3.366601729562996326e+01
2.669054099575717132e+01
1.967734424673000504e+01
1.836430250329918223e+01
1.160212651033117837e+01
9.919791483132222254e+00
4.693296628732892550e+00
4.212655473797947359e+00
2.630865470400661987e+00
1.523243829230269242e+00
9.475493570486853701e-01
4.589834630832402840e-01
1.754760687712559886e-01
0.000000000000000000e+00
0.000000000000000000e+00
0.000000000000000000e+00
0.000000000000000000e+00
0.000000000000000000e+00
0.000000000000000000e+00
0.000000000000000000e+00
0.000000000000000000e+00
0.000000000000000000e+00
0.000000000000000000e+00
0.000000000000000000e+00
0.000000000000000000e+00
0.000000000000000000e+00
0.000000000000000000e+00
0.000000000000000000e+00
1.230715447488967884e+00
1.182041580245927204e+00
6.750701918744343999e+00
1.588333407862843316e+01
3.144278651802591895e+01
3.763432615199644715e+01
4.640928071666282761e+01
3.137106864906407466e+01
2.598780282469681424e+01
2.135243279660573634e+01
1.851985340868706587e+01
1.303273080879296941e+01
8.537413847224829766e+00
5.889876193109756741e+00
4.484705667455875400e+00
2.632909671123717210e+00
1.982681224070064196e+00
1.347484925857545868e+00
5.932482931087421640e-01
3.662102099068406669e-01
1.403808550170047853e-01
0.000000000000000000e+00
0.000000000000000000e+00
0.000000000000000000e+00
0.000000000000000000e+00
0.000000000000000000e+00
0.000000000000000000e+00
0.000000000000000000e+00
0.000000000000000000e+00
0.000000000000000000e+00
0.000000000000000000e+00
0.000000000000000000e+00
0.000000000000000000e+00
0.000000000000000000e+00
0.000000000000000000e+00
0.000000000000000000e+00
0.000000000000000000e+00
0.000000000000000000e+00
2.364083160491854407e+00
1.575163781040346933e+01
2.435444558723026631e+01
3.340796067540254199e+01
4.928304615142391754e+01
3.600720055603150627e+01
2.509685491925126044e+01
2.303464341279945060e+01
2.232299792372418068e+01
1.196073865977706241e+01
1.125554024395756336e+01
6.348333373577436767e+00
6.509863160805521076e+00
3.858932783624823060e+00
3.225314347126553294e+00
2.211452134539686920e+00
9.373808179878579949e-01
4.943735775906184515e-01
3.491204001111880562e-01
1.177978479055735855e-01
0.000000000000000000e+00
0.000000000000000000e+00
0.000000000000000000e+00
0.000000000000000000e+00
0.000000000000000000e+00
0.000000000000000000e+00
0.000000000000000000e+00
0.000000000000000000e+00
0.000000000000000000e+00
0.000000000000000000e+00
0.000000000000000000e+00
0.000000000000000000e+00
0.000000000000000000e+00
0.000000000000000000e+00
0.000000000000000000e+00
0.000000000000000000e+00
0.000000000000000000e+00
3.692146342466903874e+00
1.182041580245927292e+01
2.812792466143476844e+01
4.023777966585869592e+01
3.832089606884408539e+01
3.673827076742509945e+01
3.120624048189397115e+01
2.858252921359171239e+01
1.535642894186629981e+01
9.705651271184425610e+00
9.645756983691180508e+00
7.404960686814186843e+00
6.348333373577436767e+00
3.099934838478819454e+00
4.171819225540349230e+00
1.711391286230416142e+00
1.639524858365629889e+00
8.006794486979620373e-01
6.014878527352524040e-01
3.076165763217461602e-01
1.007080046861121292e-01
0.000000000000000000e+00
0.000000000000000000e+00
0.000000000000000000e+00
0.000000000000000000e+00
0.000000000000000000e+00
0.000000000000000000e+00
0.000000000000000000e+00
0.000000000000000000e+00
0.000000000000000000e+00
0.000000000000000000e+00
0.000000000000000000e+00
0.000000000000000000e+00
0.000000000000000000e+00
0.000000000000000000e+00
0.000000000000000000e+00
0.000000000000000000e+00
0.000000000000000000e+00
0.000000000000000000e+00
1.353786992237864695e+01
2.482287318516447172e+01
3.037815863434954622e+01
3.706111285013301426e+01
3.340796067540254199e+01
2.329743999885494077e+01
2.560512039540018137e+01
1.742837147170226331e+01
1.181263764758946166e+01
7.279238453388319208e+00
8.488266145648237782e+00
5.627770121978781681e+00
3.721436805200566411e+00
3.409928322326701178e+00
3.337455380432279295e+00
1.579745802674230148e+00
1.258240007582925202e+00
8.006794486979620373e-01
3.543010639399432060e-01
2.124019217459675868e-01
9.155273153282920962e-02
0.000000000000000000e+00
0.000000000000000000e+00
0.000000000000000000e+00
0.000000000000000000e+00
0.000000000000000000e+00
0.000000000000000000e+00
0.000000000000000000e+00
0.000000000000000000e+00
0.000000000000000000e+00
0.000000000000000000e+00
0.000000000000000000e+00
0.000000000000000000e+00
0.000000000000000000e+00
0.000000000000000000e+00
0.000000000000000000e+00
0.000000000000000000e+00
1.338054815040071732e+00
0.000000000000000000e+00
6.361275798411647031e+00
2.092216260731245470e+01
2.482287318516447172e+01
3.150327562080693866e+01
3.176666815725686632e+01
1.965174157376619846e+01
2.598560615256897322e+01
1.600320024712511469e+01
1.324556231849372168e+01
1.417516517710735258e+01
9.705651271184425610e+00
6.944945028257649255e+00
3.258182702198242353e+00
1.970172426282652767e+00
3.099934838478819454e+00
1.773023170854648445e+00
1.645568544452323145e+00
8.006981866436797546e-01
7.225643805323072044e-01
2.389472291687989303e-01
1.806637035540413772e-01
7.659911871580044052e-02
0.000000000000000000e+00
0.000000000000000000e+00
0.000000000000000000e+00
0.000000000000000000e+00
0.000000000000000000e+00
0.000000000000000000e+00
0.000000000000000000e+00
0.000000000000000000e+00
0.000000000000000000e+00
0.000000000000000000e+00
0.000000000000000000e+00
0.000000000000000000e+00
0.000000000000000000e+00
0.000000000000000000e+00
0.000000000000000000e+00
0.000000000000000000e+00
0.000000000000000000e+00
1.338054815040071732e+00
6.538598283977202996e+00
2.035608255491727192e+01
3.692146342466903519e+01
2.718695634565632702e+01
3.150327562080693866e+01
2.117777877150457755e+01
2.652985112458436845e+01
2.240138461428359662e+01
1.600320024712511469e+01
1.045702288302135941e+01
7.678214470933149904e+00
1.019093383474364600e+01
4.244133072824118891e+00
4.146777984615944490e+00
1.313448284188435178e+00
1.859960903087291673e+00
1.668727690216139647e+00
8.556956431152080711e-01
8.006981866436797546e-01
5.077479430767564139e-01
3.543010639399432060e-01
1.342770769658415686e-01
6.256103321409996199e-02
0.000000000000000000e+00
0.000000000000000000e+00
0.000000000000000000e+00
0.000000000000000000e+00
0.000000000000000000e+00
0.000000000000000000e+00
0.000000000000000000e+00
0.000000000000000000e+00
0.000000000000000000e+00
0.000000000000000000e+00
0.000000000000000000e+00
0.000000000000000000e+00
0.000000000000000000e+00
0.000000000000000000e+00
0.000000000000000000e+00
0.000000000000000000e+00
0.000000000000000000e+00
4.092230757004260866e+00
5.352219260160286929e+00
6.538598283977202996e+00
2.798961351301124978e+01
4.430575610960284649e+01
3.191512266664003405e+01
1.687675479686085822e+01
2.223666771007980714e+01
1.375621910163633999e+01
5.376332307428063118e+00
1.120224017298757957e+01
1.254842745962563022e+01
5.906318823794730832e+00
6.308673326269876647e+00
4.629963352171766466e+00
3.850579557143376963e+00
2.407988521012131233e+00
2.634944612706996647e+00
1.251545767662104680e+00
3.949364506685575371e-01
7.244412164871387727e-01
5.272767101181701221e-01
3.295823850604123195e-01
1.220700699689468843e-01
5.706786932213021163e-02
0.000000000000000000e+00
0.000000000000000000e+00
0.000000000000000000e+00
0.000000000000000000e+00
0.000000000000000000e+00
0.000000000000000000e+00
0.000000000000000000e+00
0.000000000000000000e+00
0.000000000000000000e+00
0.000000000000000000e+00
0.000000000000000000e+00
0.000000000000000000e+00
0.000000000000000000e+00
0.000000000000000000e+00
0.000000000000000000e+00
0.000000000000000000e+00
0.000000000000000000e+00
1.386476391214087167e+00
2.728153838002840281e+00
9.366383705280501459e+00
2.746211279270425010e+01
4.071216510983454384e+01
2.461430894977935679e+01
2.600491476541039759e+01
1.575163781040346933e+01
9.530000447177060963e+00
1.768656741638957897e+01
9.856609230284783862e+00
1.040208016063132312e+01
4.879944012076633975e+00
5.906318823794730832e+00
3.396977944914548964e+00
1.157490838042941617e+00
3.258182702198242353e+00
2.407988521012131233e+00
1.239973935391527782e+00
1.147250287023596105e+00
7.898729013371150742e-01
4.575418209392455582e-01
3.905753408282741646e-01
2.554263484218195490e-01
1.171872671701890134e-01
4.119872918977314502e-02
0.000000000000000000e+00
0.000000000000000000e+00
0.000000000000000000e+00
0.000000000000000000e+00
0.000000000000000000e+00
0.000000000000000000e+00
0.000000000000000000e+00
0.000000000000000000e+00
0.000000000000000000e+00
0.000000000000000000e+00
0.000000000000000000e+00
0.000000000000000000e+00
0.000000000000000000e+00
0.000000000000000000e+00
0.000000000000000000e+00
0.000000000000000000e+00
0.000000000000000000e+00
0.000000000000000000e+00
2.772952782428174334e+00
1.500484610901562199e+01
2.274693185568121834e+01
3.269299141988601320e+01
1.908382739523494109e+01
1.969144715982348615e+01
2.364083160491854585e+01
1.125116986457390666e+01
1.588333407862843316e+01
1.179104494425972049e+01
1.075266461485612624e+01
2.400480037068767114e+00
3.485674294340452839e+00
5.906318823794730832e+00
1.941130254236885122e+00
1.543321117390588748e+00
2.665785847253107299e+00
1.970172426282652767e+00
1.394970677315468865e+00
1.042954806385087307e+00
7.240501595590221884e-01
4.575418209392455582e-01
3.319890397040330399e-01
2.142285502892679883e-01
8.300764757888387524e-02
3.906249878734046471e-02
0.000000000000000000e+00
0.000000000000000000e+00
0.000000000000000000e+00
0.000000000000000000e+00
0.000000000000000000e+00
0.000000000000000000e+00
0.000000000000000000e+00
0.000000000000000000e+00
0.000000000000000000e+00
0.000000000000000000e+00
0.000000000000000000e+00
0.000000000000000000e+00
0.000000000000000000e+00
0.000000000000000000e+00
0.000000000000000000e+00
0.000000000000000000e+00
0.000000000000000000e+00
0.000000000000000000e+00
0.000000000000000000e+00
9.705334738498610392e+00
3.137376913703266368e+01
1.605665778048086167e+01
3.269299141988601320e+01
1.781157223555261382e+01
1.107643902740071162e+01
1.063837422221334528e+01
1.462652082394607866e+01
7.412222570026602675e+00
5.895522472129860247e+00
4.480276922856719857e+00
2.400480037068767114e+00
6.274213729812815110e+00
4.725055059035784488e+00
1.941130254236885122e+00
2.314981676085883233e+00
1.777190564835404718e+00
4.378160947294784111e-01
1.704964161163350589e+00
1.147250287023596105e+00
1.053163868449486840e+00
3.812848507827046318e-01
2.343452044969644987e-01
1.071142751446339941e-01
7.080064058198919097e-02
3.601074106957949383e-02
0.000000000000000000e+00
0.000000000000000000e+00
0.000000000000000000e+00
0.000000000000000000e+00
0.000000000000000000e+00
0.000000000000000000e+00
0.000000000000000000e+00
0.000000000000000000e+00
0.000000000000000000e+00
0.000000000000000000e+00
0.000000000000000000e+00
0.000000000000000000e+00
0.000000000000000000e+00
0.000000000000000000e+00
0.000000000000000000e+00
0.000000000000000000e+00
1.450024003277625040e+00
0.000000000000000000e+00
7.113096398573964585e+00
5.623322215608275165e+00
1.663771669456904689e+01
1.500484610901562199e+01
2.274693185568121834e+01
2.223123416552249054e+01
7.633530958093976970e+00
1.353786992237864695e+01
9.456332641967417629e+00
6.750701918744343999e+00
8.471111508601831375e+00
4.912935393441549614e+00
5.376332307428063118e+00
6.401280098850045341e+00
3.485674294340452839e+00
5.315686941415257216e+00
2.426412817796106403e+00
2.314981676085883233e+00
1.184793709890269886e+00
6.567241420942175889e-01
9.299804515436458363e-01
6.257728838310523400e-01
5.924046760028363057e-01
3.431563657044341964e-01
1.757589033727233740e-01
1.400725136506752178e-01
4.638662658819981549e-02
1.800537053478974692e-02
0.000000000000000000e+00
0.000000000000000000e+00
0.000000000000000000e+00
0.000000000000000000e+00
0.000000000000000000e+00
0.000000000000000000e+00
0.000000000000000000e+00
0.000000000000000000e+00
0.000000000000000000e+00
0.000000000000000000e+00
0.000000000000000000e+00
0.000000000000000000e+00
0.000000000000000000e+00
0.000000000000000000e+00
0.000000000000000000e+00
0.000000000000000000e+00
0.000000000000000000e+00
0.000000000000000000e+00
1.437240467635767294e+00
4.267857839144379106e+00
1.686996664682482461e+01
2.218362225942539467e+01
9.548538433009941429e+00
6.690274075200358439e+00
1.046175725436352444e+01
1.017804127745863596e+01
1.599930081735658227e+01
8.274291061721489982e+00
9.000935891659125332e+00
8.471111508601831375e+00
6.878109550818169993e+00
2.688166153714031559e+00
3.200640049425022671e+00
3.485674294340452839e+00
1.181263764758946122e+00
2.426412817796106403e+00
7.716605586952943741e-01
2.369587419780539772e+00
8.756321894589568222e-01
1.239973935391527782e+00
8.343638451080698237e-01
5.924046760028363057e-01
3.812848507827046318e-01
2.343452044969644987e-01
1.071142751446339941e-01
5.615223218571556429e-02
2.532958905741608188e-02
0.000000000000000000e+00
0.000000000000000000e+00
0.000000000000000000e+00
0.000000000000000000e+00
0.000000000000000000e+00
0.000000000000000000e+00
0.000000000000000000e+00
0.000000000000000000e+00
0.000000000000000000e+00
0.000000000000000000e+00
0.000000000000000000e+00
0.000000000000000000e+00
0.000000000000000000e+00
0.000000000000000000e+00
0.000000000000000000e+00
0.000000000000000000e+00
0.000000000000000000e+00
0.000000000000000000e+00
5.800096013110500159e+00
7.186202338178836690e+00
9.958334958003550952e+00
1.405830553902068836e+01
1.663771669456904689e+01
1.909707686601988286e+01
1.471860296544078928e+01
1.046175725436352444e+01
3.816765479046988485e+00
9.845723579911743073e+00
0.000000000000000000e+00
3.375350959372171999e+00
4.235555754300915687e+00
2.947761236064930124e+00
3.584221538285375708e+00
1.600320024712511335e+00
2.788539435472362271e+00
1.181263764758946122e+00
4.852825635592212805e-01
7.716605586952943741e-01
8.885952824177023590e-01
1.313448284188435178e+00
0.000000000000000000e+00
5.214774031925436537e-01
3.949364506685575371e-01
1.143854552348113895e-01
2.538739715383782070e-01
1.153538347711443035e-01
2.441401399378937548e-02
1.953124939367023236e-02
0.000000000000000000e+00
0.000000000000000000e+00
0.000000000000000000e+00
0.000000000000000000e+00
0.000000000000000000e+00
0.000000000000000000e+00
0.000000000000000000e+00
0.000000000000000000e+00
0.000000000000000000e+00
0.000000000000000000e+00
0.000000000000000000e+00
0.000000000000000000e+00
0.000000000000000000e+00
0.000000000000000000e+00
0.000000000000000000e+00
0.000000000000000000e+00
0.000000000000000000e+00
0.000000000000000000e+00
0.000000000000000000e+00
5.800096013110500159e+00
1.149792374108613835e+01
1.707143135657751642e+01
9.840813877314481317e+00
8.318858347284523447e+00
1.091261535201136113e+01
8.028328890240430837e+00
3.923158970386321442e+00
3.816765479046988485e+00
4.922861789955871537e+00
3.546124740737781611e+00
7.875818905201734665e+00
3.176666815725686988e+00
2.947761236064930124e+00
1.792110769142687854e+00
8.001600123562556677e-01
1.394269717736181136e+00
5.906318823794730610e-01
0.000000000000000000e+00
0.000000000000000000e+00
1.184793709890269886e+00
0.000000000000000000e+00
3.099934838478819454e-01
2.085909612770174559e-01
3.291137088904646513e-01
3.812848507827046318e-01
1.171726022484822494e-01
6.591647701208246113e-02
2.929681679254725335e-02
1.678466744768535718e-02
0.000000000000000000e+00
0.000000000000000000e+00
0.000000000000000000e+00
0.000000000000000000e+00
0.000000000000000000e+00
0.000000000000000000e+00
0.000000000000000000e+00
0.000000000000000000e+00
0.000000000000000000e+00
0.000000000000000000e+00
0.000000000000000000e+00
0.000000000000000000e+00
0.000000000000000000e+00
0.000000000000000000e+00
0.000000000000000000e+00
0.000000000000000000e+00
0.000000000000000000e+00
1.479865982045772466e+00
0.000000000000000000e+00
7.306218824302922243e+00
8.700144019665749795e+00
1.868412607926497415e+01
1.564881207686272191e+01
1.124664443121655033e+01
8.318858347284523447e+00
6.820384595007100259e+00
8.028328890240430837e+00
5.230878627181762219e+00
7.633530958093976970e+00
4.922861789955871537e+00
2.364083160491854407e+00
2.250233972914781333e+00
1.058888938575228922e+00
0.000000000000000000e+00
8.960553845713439269e-01
1.600320024712511335e+00
1.394269717736181136e+00
1.181263764758946122e+00
4.852825635592212805e-01
1.543321117390588748e+00
5.923968549451349430e-01
4.378160947294784111e-01
1.549967419239409727e-01
2.085909612770174559e-01
1.974682253342787686e-01
7.625697015654092636e-02
9.764383520706854114e-02
4.119779813255153994e-02
3.173821819192618882e-02
1.251220664281999309e-02
0.000000000000000000e+00
0.000000000000000000e+00
0.000000000000000000e+00
0.000000000000000000e+00
0.000000000000000000e+00
0.000000000000000000e+00
0.000000000000000000e+00
0.000000000000000000e+00
0.000000000000000000e+00
0.000000000000000000e+00
0.000000000000000000e+00
0.000000000000000000e+00
0.000000000000000000e+00
0.000000000000000000e+00
0.000000000000000000e+00
0.000000000000000000e+00
0.000000000000000000e+00
0.000000000000000000e+00
0.000000000000000000e+00
0.000000000000000000e+00
1.022870635402409079e+01
1.595026403605387522e+01
1.724688561162920664e+01
1.707143135657751642e+01
4.217491661706206152e+00
1.941066947699722078e+01
8.184461514008521732e+00
4.014164445120215419e+00
5.230878627181762219e+00
3.816765479046988485e+00
2.461430894977935768e+00
1.182041580245927204e+00
0.000000000000000000e+00
2.117777877150457844e+00
9.825870786883099672e-01
8.960553845713439269e-01
1.600320024712511335e+00
0.000000000000000000e+00
0.000000000000000000e+00
0.000000000000000000e+00
1.157490838042941617e+00
8.885952824177023590e-01
0.000000000000000000e+00
3.099934838478819454e-01
1.042954806385087280e-01
2.632909671123717099e-01
3.050278806261637055e-01
7.811506816565483291e-02
5.767691738557215175e-02
2.197261259441044001e-02
9.765624696835116178e-03
0.000000000000000000e+00
0.000000000000000000e+00
0.000000000000000000e+00
0.000000000000000000e+00
0.000000000000000000e+00
0.000000000000000000e+00
0.000000000000000000e+00
0.000000000000000000e+00
0.000000000000000000e+00
0.000000000000000000e+00
0.000000000000000000e+00
0.000000000000000000e+00
0.000000000000000000e+00
0.000000000000000000e+00
0.000000000000000000e+00
0.000000000000000000e+00
0.000000000000000000e+00
0.000000000000000000e+00
0.000000000000000000e+00
8.879195892274633906e+00
7.355638371518673502e+00
1.168995011888467594e+01
1.160019202622100032e+01
1.293516420872190587e+01
9.958334958003550952e+00
5.623322215608275165e+00
1.386476391214087167e+00
0.000000000000000000e+00
1.338054815040071732e+00
5.230878627181762219e+00
0.000000000000000000e+00
2.461430894977935768e+00
1.182041580245927204e+00
2.250233972914781333e+00
2.117777877150457844e+00
1.965174157376619934e+00
1.792110769142687854e+00
8.001600123562556677e-01
6.971348588680905678e-01
5.906318823794730610e-01
0.000000000000000000e+00
0.000000000000000000e+00
5.923968549451349430e-01
6.567241420942175889e-01
0.000000000000000000e+00
3.128864419155261700e-01
1.316454835561858550e-01
1.143854552348113895e-01
3.905753408282741646e-02
2.471867887953092119e-02
2.685541539316831441e-02
1.037597624038731105e-02
0.000000000000000000e+00
0.000000000000000000e+00
0.000000000000000000e+00
0.000000000000000000e+00
0.000000000000000000e+00
0.000000000000000000e+00
0.000000000000000000e+00
0.000000000000000000e+00
0.000000000000000000e+00
0.000000000000000000e+00
0.000000000000000000e+00
0.000000000000000000e+00
0.000000000000000000e+00
0.000000000000000000e+00
0.000000000000000000e+00
0.000000000000000000e+00
0.000000000000000000e+00
0.000000000000000000e+00
0.000000000000000000e+00
1.487618036407947875e+00
8.879195892274633906e+00
1.471127674303734700e+01
1.607368141346642787e+01
1.015016802294337595e+01
1.006068327345037083e+01
4.267857839144379106e+00
1.405830553902068791e+00
1.386476391214087167e+00
1.364076919001420141e+00
2.676109630080143464e+00
0.000000000000000000e+00
0.000000000000000000e+00
1.230715447488967884e+00
2.364083160491854407e+00
2.250233972914781333e+00
4.235555754300915687e+00
0.000000000000000000e+00
8.960553845713439269e-01
2.400480037068767114e+00
0.000000000000000000e+00
1.181263764758946122e+00
0.000000000000000000e+00
1.157490838042941617e+00
2.961984274725674715e-01
0.000000000000000000e+00
0.000000000000000000e+00
3.128864419155261700e-01
1.316454835561858550e-01
7.625697015654092636e-02
5.858630112424112468e-02
7.415603663859277050e-02
2.441401399378937548e-02
8.544921609730726439e-03
0.000000000000000000e+00
0.000000000000000000e+00
0.000000000000000000e+00
0.000000000000000000e+00
0.000000000000000000e+00
0.000000000000000000e+00
0.000000000000000000e+00
0.000000000000000000e+00
0.000000000000000000e+00
0.000000000000000000e+00
0.000000000000000000e+00
0.000000000000000000e+00
0.000000000000000000e+00
0.000000000000000000e+00
0.000000000000000000e+00
0.000000000000000000e+00
0.000000000000000000e+00
0.000000000000000000e+00
0.000000000000000000e+00
1.494517789827305210e+00
8.925708218447686804e+00
1.183892785636617973e+01
5.884510697214938801e+00
1.022870635402409079e+01
8.700144019665749795e+00
4.311721402907301659e+00
7.113096398573964585e+00
4.217491661706206152e+00
0.000000000000000000e+00
2.728153838002840281e+00
2.676109630080143464e+00
0.000000000000000000e+00
2.544510319364658990e+00
0.000000000000000000e+00
0.000000000000000000e+00
2.250233972914781333e+00
3.176666815725686988e+00
9.825870786883099672e-01
8.960553845713439269e-01
1.600320024712511335e+00
0.000000000000000000e+00
0.000000000000000000e+00
0.000000000000000000e+00
0.000000000000000000e+00
0.000000000000000000e+00
0.000000000000000000e+00
0.000000000000000000e+00
2.085909612770174559e-01
1.316454835561858550e-01
7.625697015654092636e-02
3.905753408282741646e-02
8.239559626510307641e-03
1.708980979565256214e-02
5.187988120193655524e-03
0.000000000000000000e+00
0.000000000000000000e+00
0.000000000000000000e+00
0.000000000000000000e+00
0.000000000000000000e+00
0.000000000000000000e+00
0.000000000000000000e+00
0.000000000000000000e+00
0.000000000000000000e+00
0.000000000000000000e+00
0.000000000000000000e+00
0.000000000000000000e+00
0.000000000000000000e+00
0.000000000000000000e+00
0.000000000000000000e+00
0.000000000000000000e+00
0.000000000000000000e+00
0.000000000000000000e+00
0.000000000000000000e+00
1.500678269864276437e+00
2.989035579654610419e+00
7.438090182039739595e+00
5.919463928183089863e+00
2.942255348607469401e+00
1.461243764860584493e+00
1.160019202622100032e+01
4.311721402907301659e+00
1.422619279714792961e+00
0.000000000000000000e+00
0.000000000000000000e+00
1.364076919001420141e+00
0.000000000000000000e+00
1.307719656795440555e+00
1.272255159682329495e+00
0.000000000000000000e+00
0.000000000000000000e+00
0.000000000000000000e+00
0.000000000000000000e+00
0.000000000000000000e+00
1.792110769142687854e+00
0.000000000000000000e+00
0.000000000000000000e+00
5.906318823794730610e-01
0.000000000000000000e+00
0.000000000000000000e+00
2.961984274725674715e-01
0.000000000000000000e+00
0.000000000000000000e+00
0.000000000000000000e+00
0.000000000000000000e+00
0.000000000000000000e+00
1.952876704141370823e-02
3.295823850604123056e-02
1.220700699689468774e-02
7.019042750850240132e-03
0.000000000000000000e+00
0.000000000000000000e+00
0.000000000000000000e+00
0.000000000000000000e+00
0.000000000000000000e+00
0.000000000000000000e+00
0.000000000000000000e+00
0.000000000000000000e+00
0.000000000000000000e+00
0.000000000000000000e+00
0.000000000000000000e+00
0.000000000000000000e+00
0.000000000000000000e+00
0.000000000000000000e+00
0.000000000000000000e+00
0.000000000000000000e+00
0.000000000000000000e+00
0.000000000000000000e+00
0.000000000000000000e+00
0.000000000000000000e+00
3.001356539728552875e+00
8.967106738963831702e+00
1.190094429126358300e+01
7.399329910228862772e+00
2.942255348607469401e+00
4.383731294581753701e+00
2.900048006555250080e+00
1.437240467635767294e+00
0.000000000000000000e+00
2.811661107804137583e+00
0.000000000000000000e+00
2.728153838002840281e+00
1.338054815040071732e+00
0.000000000000000000e+00
0.000000000000000000e+00
0.000000000000000000e+00
0.000000000000000000e+00
2.250233972914781333e+00
1.058888938575228922e+00
0.000000000000000000e+00
0.000000000000000000e+00
0.000000000000000000e+00
0.000000000000000000e+00
0.000000000000000000e+00
0.000000000000000000e+00
0.000000000000000000e+00
2.961984274725674715e-01
4.378160947294784111e-01
0.000000000000000000e+00
0.000000000000000000e+00
6.582274177809292748e-02
7.625697015654092636e-02
3.905753408282741646e-02
8.239559626510307641e-03
9.765605597515750538e-03
2.746581945984876479e-03
0.000000000000000000e+00
0.000000000000000000e+00
0.000000000000000000e+00
0.000000000000000000e+00
0.000000000000000000e+00
0.000000000000000000e+00
0.000000000000000000e+00
0.000000000000000000e+00
0.000000000000000000e+00
0.000000000000000000e+00
0.000000000000000000e+00
0.000000000000000000e+00
0.000000000000000000e+00
0.000000000000000000e+00
0.000000000000000000e+00
0.000000000000000000e+00
0.000000000000000000e+00
0.000000000000000000e+00
0.000000000000000000e+00
6.044600007696883104e+00
1.054336646985003334e+01
1.500678269864276437e+01
8.967106738963831702e+00
2.975236072815895749e+00
4.439597946137316953e+00
2.942255348607469401e+00
1.461243764860584493e+00
2.900048006555250080e+00
0.000000000000000000e+00
1.422619279714792961e+00
0.000000000000000000e+00
1.386476391214087167e+00
1.364076919001420141e+00
0.000000000000000000e+00
0.000000000000000000e+00
0.000000000000000000e+00
0.000000000000000000e+00
0.000000000000000000e+00
0.000000000000000000e+00
0.000000000000000000e+00
0.000000000000000000e+00
0.000000000000000000e+00
0.000000000000000000e+00
0.000000000000000000e+00
5.906318823794730610e-01
4.852825635592212805e-01
0.000000000000000000e+00
2.961984274725674715e-01
2.189080473647392056e-01
0.000000000000000000e+00
1.042954806385087280e-01
0.000000000000000000e+00
7.625697015654092636e-02
1.952876704141370823e-02
0.000000000000000000e+00
9.765605597515750538e-03
4.272460804865363219e-03
0.000000000000000000e+00
0.000000000000000000e+00
0.000000000000000000e+00
0.000000000000000000e+00
0.000000000000000000e+00
0.000000000000000000e+00
0.000000000000000000e+00
0.000000000000000000e+00
0.000000000000000000e+00
0.000000000000000000e+00
0.000000000000000000e+00
0.000000000000000000e+00
0.000000000000000000e+00
0.000000000000000000e+00
0.000000000000000000e+00
0.000000000000000000e+00
0.000000000000000000e+00
0.000000000000000000e+00
0.000000000000000000e+00
1.515612101736341533e+00
6.044600007696883104e+00
9.037171259871456641e+00
7.503391349321382187e+00
2.989035579654610419e+00
2.975236072815895749e+00
4.439597946137316953e+00
0.000000000000000000e+00
2.922487529721168986e+00
0.000000000000000000e+00
2.874480935271534587e+00
0.000000000000000000e+00
1.405830553902068791e+00
0.000000000000000000e+00
0.000000000000000000e+00
0.000000000000000000e+00
1.307719656795440555e+00
0.000000000000000000e+00
0.000000000000000000e+00
0.000000000000000000e+00
0.000000000000000000e+00
0.000000000000000000e+00
9.825870786883099672e-01
0.000000000000000000e+00
8.001600123562556677e-01
0.000000000000000000e+00
1.181263764758946122e+00
0.000000000000000000e+00
0.000000000000000000e+00
5.923968549451349430e-01
2.189080473647392056e-01
0.000000000000000000e+00
0.000000000000000000e+00
6.582274177809292748e-02
0.000000000000000000e+00
1.952876704141370823e-02
8.239559626510307641e-03
9.765605597515750538e-03
3.967285033089265785e-03
0.000000000000000000e+00
0.000000000000000000e+00
0.000000000000000000e+00
0.000000000000000000e+00
0.000000000000000000e+00
0.000000000000000000e+00
0.000000000000000000e+00
0.000000000000000000e+00
0.000000000000000000e+00
0.000000000000000000e+00
0.000000000000000000e+00
0.000000000000000000e+00
0.000000000000000000e+00
0.000000000000000000e+00
0.000000000000000000e+00
0.000000000000000000e+00
0.000000000000000000e+00
0.000000000000000000e+00
0.000000000000000000e+00
1.519640995800313421e+00
4.546836305209025042e+00
4.533450005772662550e+00
3.012390419957152510e+00
1.500678269864276437e+00
2.989035579654610419e+00
0.000000000000000000e+00
1.479865982045772466e+00
0.000000000000000000e+00
0.000000000000000000e+00
1.450024003277625040e+00
1.437240467635767294e+00
0.000000000000000000e+00
1.405830553902068791e+00
0.000000000000000000e+00
0.000000000000000000e+00
1.338054815040071732e+00
0.000000000000000000e+00
0.000000000000000000e+00
0.000000000000000000e+00
0.000000000000000000e+00
1.125116986457390666e+00
0.000000000000000000e+00
9.825870786883099672e-01
1.792110769142687854e+00
0.000000000000000000e+00
0.000000000000000000e+00
0.000000000000000000e+00
0.000000000000000000e+00
0.000000000000000000e+00
0.000000000000000000e+00
0.000000000000000000e+00
0.000000000000000000e+00
1.042954806385087280e-01
0.000000000000000000e+00
3.812848507827046318e-02
0.000000000000000000e+00
1.647911925302061528e-02
9.765605597515750538e-03
1.831054630656584175e-03
0.000000000000000000e+00
0.000000000000000000e+00
0.000000000000000000e+00
0.000000000000000000e+00
0.000000000000000000e+00
0.000000000000000000e+00
0.000000000000000000e+00
0.000000000000000000e+00
0.000000000000000000e+00
0.000000000000000000e+00
0.000000000000000000e+00
0.000000000000000000e+00
0.000000000000000000e+00
0.000000000000000000e+00
0.000000000000000000e+00
0.000000000000000000e+00
0.000000000000000000e+00
0.000000000000000000e+00
0.000000000000000000e+00
3.046575624854821029e+00
4.558922987400940485e+00
4.546836305209025042e+00
4.533450005772662550e+00
0.000000000000000000e+00
4.502034809592829312e+00
0.000000000000000000e+00
1.487618036407947875e+00
0.000000000000000000e+00
0.000000000000000000e+00
0.000000000000000000e+00
1.450024003277625040e+00
1.437240467635767294e+00
1.422619279714792961e+00
1.405830553902068791e+00
0.000000000000000000e+00
1.364076919001420141e+00
0.000000000000000000e+00
0.000000000000000000e+00
0.000000000000000000e+00
0.000000000000000000e+00
0.000000000000000000e+00
0.000000000000000000e+00
0.000000000000000000e+00
0.000000000000000000e+00
8.960553845713439269e-01
0.000000000000000000e+00
0.000000000000000000e+00
0.000000000000000000e+00
0.000000000000000000e+00
0.000000000000000000e+00
0.000000000000000000e+00
0.000000000000000000e+00
0.000000000000000000e+00
0.000000000000000000e+00
6.582274177809292748e-02
0.000000000000000000e+00
0.000000000000000000e+00
1.647911925302061528e-02
7.324204198136813337e-03
3.662109261313168350e-03
0.000000000000000000e+00
0.000000000000000000e+00
0.000000000000000000e+00
0.000000000000000000e+00
0.000000000000000000e+00
0.000000000000000000e+00
0.000000000000000000e+00
0.000000000000000000e+00
0.000000000000000000e+00
0.000000000000000000e+00
0.000000000000000000e+00
0.000000000000000000e+00
0.000000000000000000e+00
0.000000000000000000e+00
0.000000000000000000e+00
0.000000000000000000e+00
0.000000000000000000e+00
0.000000000000000000e+00
0.000000000000000000e+00
0.000000000000000000e+00
3.046575624854821029e+00
1.519640995800313421e+00
4.546836305209025042e+00
4.533450005772662550e+00
3.012390419957152510e+00
4.502034809592829312e+00
1.494517789827305210e+00
0.000000000000000000e+00
0.000000000000000000e+00
0.000000000000000000e+00
0.000000000000000000e+00
1.450024003277625040e+00
0.000000000000000000e+00
0.000000000000000000e+00
0.000000000000000000e+00
1.386476391214087167e+00
0.000000000000000000e+00
0.000000000000000000e+00
0.000000000000000000e+00
0.000000000000000000e+00
0.000000000000000000e+00
0.000000000000000000e+00
0.000000000000000000e+00
0.000000000000000000e+00
9.825870786883099672e-01
0.000000000000000000e+00
0.000000000000000000e+00
0.000000000000000000e+00
0.000000000000000000e+00
0.000000000000000000e+00
3.858302793476471870e-01
2.961984274725674715e-01
0.000000000000000000e+00
0.000000000000000000e+00
0.000000000000000000e+00
6.582274177809292748e-02
3.812848507827046318e-02
3.905753408282741646e-02
8.239559626510307641e-03
4.882802798757875269e-03
9.155273153282920875e-04
0.000000000000000000e+00
0.000000000000000000e+00
0.000000000000000000e+00
0.000000000000000000e+00
0.000000000000000000e+00
0.000000000000000000e+00
0.000000000000000000e+00
0.000000000000000000e+00
0.000000000000000000e+00
0.000000000000000000e+00
0.000000000000000000e+00
0.000000000000000000e+00
0.000000000000000000e+00
0.000000000000000000e+00
0.000000000000000000e+00
0.000000000000000000e+00
0.000000000000000000e+00
0.000000000000000000e+00
0.000000000000000000e+00
0.000000000000000000e+00
1.526596647263466888e+00
9.139726874564463088e+00
7.598204979001566883e+00
1.515612101736341533e+00
3.022300003848441552e+00
0.000000000000000000e+00
0.000000000000000000e+00
1.494517789827305210e+00
0.000000000000000000e+00
0.000000000000000000e+00
1.471127674303734700e+00
0.000000000000000000e+00
0.000000000000000000e+00
0.000000000000000000e+00
0.000000000000000000e+00
0.000000000000000000e+00
0.000000000000000000e+00
0.000000000000000000e+00
1.338054815040071732e+00
0.000000000000000000e+00
0.000000000000000000e+00
0.000000000000000000e+00
0.000000000000000000e+00
0.000000000000000000e+00
0.000000000000000000e+00
0.000000000000000000e+00
0.000000000000000000e+00
0.000000000000000000e+00
0.000000000000000000e+00
0.000000000000000000e+00
0.000000000000000000e+00
0.000000000000000000e+00
0.000000000000000000e+00
0.000000000000000000e+00
0.000000000000000000e+00
0.000000000000000000e+00
0.000000000000000000e+00
0.000000000000000000e+00
1.952876704141370823e-02
1.647911925302061528e-02
0.000000000000000000e+00
9.155273153282920875e-04
0.000000000000000000e+00
0.000000000000000000e+00
0.000000000000000000e+00
0.000000000000000000e+00
0.000000000000000000e+00
0.000000000000000000e+00
0.000000000000000000e+00
0.000000000000000000e+00
0.000000000000000000e+00
0.000000000000000000e+00
0.000000000000000000e+00
0.000000000000000000e+00
0.000000000000000000e+00
0.000000000000000000e+00
0.000000000000000000e+00
0.000000000000000000e+00
0.000000000000000000e+00
0.000000000000000000e+00
0.000000000000000000e+00
0.000000000000000000e+00
3.059211314264286496e+00
4.579789941790400221e+00
3.046575624854821029e+00
1.519640995800313421e+00
0.000000000000000000e+00
1.511150001924220776e+00
0.000000000000000000e+00
0.000000000000000000e+00
0.000000000000000000e+00
1.487618036407947875e+00
0.000000000000000000e+00
0.000000000000000000e+00
0.000000000000000000e+00
0.000000000000000000e+00
0.000000000000000000e+00
1.422619279714792961e+00
1.405830553902068791e+00
0.000000000000000000e+00
0.000000000000000000e+00
0.000000000000000000e+00
0.000000000000000000e+00
0.000000000000000000e+00
0.000000000000000000e+00
0.000000000000000000e+00
0.000000000000000000e+00
0.000000000000000000e+00
0.000000000000000000e+00
8.960553845713439269e-01
0.000000000000000000e+00
0.000000000000000000e+00
0.000000000000000000e+00
0.000000000000000000e+00
0.000000000000000000e+00
0.000000000000000000e+00
0.000000000000000000e+00
0.000000000000000000e+00
0.000000000000000000e+00
0.000000000000000000e+00
7.625697015654092636e-02
1.952876704141370823e-02
0.000000000000000000e+00
4.882802798757875269e-03
1.220703087104389522e-03
0.000000000000000000e+00
0.000000000000000000e+00
0.000000000000000000e+00
0.000000000000000000e+00
0.000000000000000000e+00
0.000000000000000000e+00
0.000000000000000000e+00
0.000000000000000000e+00
0.000000000000000000e+00
0.000000000000000000e+00
0.000000000000000000e+00
0.000000000000000000e+00
0.000000000000000000e+00
0.000000000000000000e+00
0.000000000000000000e+00
0.000000000000000000e+00
0.000000000000000000e+00
0.000000000000000000e+00
0.000000000000000000e+00
0.000000000000000000e+00
1.532347965967065351e+00
0.000000000000000000e+00
3.053193294526933776e+00
0.000000000000000000e+00
3.039281991600626842e+00
0.000000000000000000e+00
0.000000000000000000e+00
0.000000000000000000e+00
1.500678269864276437e+00
2.989035579654610419e+00
0.000000000000000000e+00
0.000000000000000000e+00
0.000000000000000000e+00
0.000000000000000000e+00
0.000000000000000000e+00
0.000000000000000000e+00
0.000000000000000000e+00
1.405830553902068791e+00
0.000000000000000000e+00
0.000000000000000000e+00
0.000000000000000000e+00
0.000000000000000000e+00
0.000000000000000000e+00
0.000000000000000000e+00
0.000000000000000000e+00
0.000000000000000000e+00
0.000000000000000000e+00
9.825870786883099672e-01
0.000000000000000000e+00
0.000000000000000000e+00
0.000000000000000000e+00
0.000000000000000000e+00
0.000000000000000000e+00
0.000000000000000000e+00
0.000000000000000000e+00
0.000000000000000000e+00
0.000000000000000000e+00
0.000000000000000000e+00
6.582274177809292748e-02
0.000000000000000000e+00
0.000000000000000000e+00
8.239559626510307641e-03
4.882802798757875269e-03
1.525878858880486957e-03
0.000000000000000000e+00
