# pd_vector
0.000000000000000000e+00
0.000000000000000000e+00
0.000000000000000000e+00
0.000000000000000000e+00
0.000000000000000000e+00
0.000000000000000000e+00
0.000000000000000000e+00
0.000000000000000000e+00
0.000000000000000000e+00
0.000000000000000000e+00
0.000000000000000000e+00
0.000000000000000000e+00
0.000000000000000000e+00
0.000000000000000000e+00
0.000000000000000000e+00
0.000000000000000000e+00
0.000000000000000000e+00
0.000000000000000000e+00
0.000000000000000000e+00
8.544921609730726439e-03
0.000000000000000000e+00
0.000000000000000000e+00
0.000000000000000000e+00
0.000000000000000000e+00
0.000000000000000000e+00
0.000000000000000000e+00
1.379394488427960197e-01
0.000000000000000000e+00
0.000000000000000000e+00
0.000000000000000000e+00
0.000000000000000000e+00
0.000000000000000000e+00
0.000000000000000000e+00
0.000000000000000000e+00
1.454162552513104112e+00
0.000000000000000000e+00
0.000000000000000000e+00
0.000000000000000000e+00
0.000000000000000000e+00
0.000000000000000000e+00
0.000000000000000000e+00
0.000000000000000000e+00
2.441401399378937635e-03
5.790710269451447623e+00
0.000000000000000000e+00
0.000000000000000000e+00
0.000000000000000000e+00
0.000000000000000000e+00
0.000000000000000000e+00
0.000000000000000000e+00
0.000000000000000000e+00
0.000000000000000000e+00
4.457998955265940033e+00
1.216827354802833128e+01
0.000000000000000000e+00
0.000000000000000000e+00
0.000000000000000000e+00
0.000000000000000000e+00
0.000000000000000000e+00
0.000000000000000000e+00
0.000000000000000000e+00
0.000000000000000000e+00
4.366966602050463275e-01
1.351315674556241930e+01
6.669311316394832545e+00
0.000000000000000000e+00
0.000000000000000000e+00
0.000000000000000000e+00
0.000000000000000000e+00
0.000000000000000000e+00
0.000000000000000000e+00
0.000000000000000000e+00
0.000000000000000000e+00
1.171726022484822494e-01
1.532558090530917294e+00
2.587885483341673787e+00
4.307250842847838435e+00
0.000000000000000000e+00
0.000000000000000000e+00
0.000000000000000000e+00
0.000000000000000000e+00
0.000000000000000000e+00
0.000000000000000000e+00
0.000000000000000000e+00
0.000000000000000000e+00
0.000000000000000000e+00
3.710465737868604563e-01
9.722680359282163121e-01
2.487788025967137440e+00
4.331054553046373989e+00
0.000000000000000000e+00
0.000000000000000000e+00
0.000000000000000000e+00
0.000000000000000000e+00
0.000000000000000000e+00
0.000000000000000000e+00
0.000000000000000000e+00
0.000000000000000000e+00
0.000000000000000000e+00
7.625697015654092636e-02
1.952876704141370823e-01
1.598474567542999658e+00
3.713371528455364334e+00
4.138183465283880480e+00
0.000000000000000000e+00
0.000000000000000000e+00
0.000000000000000000e+00
0.000000000000000000e+00
0.000000000000000000e+00
0.000000000000000000e+00
0.000000000000000000e+00
0.000000000000000000e+00
0.000000000000000000e+00
0.000000000000000000e+00
3.812848507827046318e-02
6.249205453252386633e-01
2.809689832640014817e+00
4.411612328677740003e+00
3.805236698276158069e+00
0.000000000000000000e+00
0.000000000000000000e+00
0.000000000000000000e+00
0.000000000000000000e+00
0.000000000000000000e+00
0.000000000000000000e+00
0.000000000000000000e+00
0.000000000000000000e+00
0.000000000000000000e+00
0.000000000000000000e+00
0.000000000000000000e+00
2.287709104696227791e-01
1.484186295147441825e+00
4.350487482797442240e+00
4.833974770770296914e+00
3.450317275700557129e+00
0.000000000000000000e+00
0.000000000000000000e+00
0.000000000000000000e+00
0.000000000000000000e+00
0.000000000000000000e+00
0.000000000000000000e+00
0.000000000000000000e+00
0.000000000000000000e+00
0.000000000000000000e+00
0.000000000000000000e+00
0.000000000000000000e+00
0.000000000000000000e+00
9.532121269567616073e-01
3.066016425501952192e+00
5.306276399472638516e+00
4.875478594559738532e+00
3.019103910180931383e+00
0.000000000000000000e+00
0.000000000000000000e+00
0.000000000000000000e+00
0.000000000000000000e+00
0.000000000000000000e+00
0.000000000000000000e+00
0.000000000000000000e+00
0.000000000000000000e+00
0.000000000000000000e+00
0.000000000000000000e+00
0.000000000000000000e+00
1.042954806385087280e-01
5.265819342247434198e-01
2.287709104696227680e+00
6.346849288459455174e+00
6.253825756521323775e+00
4.733877313395759678e+00
2.707214271425759655e+00
0.000000000000000000e+00
0.000000000000000000e+00
0.000000000000000000e+00
0.000000000000000000e+00
0.000000000000000000e+00
0.000000000000000000e+00
0.000000000000000000e+00
0.000000000000000000e+00
0.000000000000000000e+00
0.000000000000000000e+00
0.000000000000000000e+00
0.000000000000000000e+00
3.128864419155261700e-01
1.908859511564694911e+00
4.918574575096889667e+00
7.225643805323072044e+00
6.797636691871003833e+00
4.362784300690161210e+00
2.277221608993238444e+00
0.000000000000000000e+00
0.000000000000000000e+00
0.000000000000000000e+00
0.000000000000000000e+00
0.000000000000000000e+00
0.000000000000000000e+00
0.000000000000000000e+00
0.000000000000000000e+00
0.000000000000000000e+00
0.000000000000000000e+00
0.000000000000000000e+00
0.000000000000000000e+00
0.000000000000000000e+00
1.042954806385087307e+00
4.475946440910319346e+00
8.121367321671607797e+00
9.432394481002820186e+00
7.053063040292823160e+00
4.042960717371520296e+00
1.972351012988917462e+00
0.000000000000000000e+00
0.000000000000000000e+00
0.000000000000000000e+00
0.000000000000000000e+00
0.000000000000000000e+00
0.000000000000000000e+00
0.000000000000000000e+00
0.000000000000000000e+00
0.000000000000000000e+00
0.000000000000000000e+00
0.000000000000000000e+00
0.000000000000000000e+00
2.189080473647392056e-01
9.299804515436458363e-01
4.693296628732892550e+00
1.099239787694151893e+01
1.151480249363767960e+01
1.031118899786643794e+01
7.036583921039802902e+00
3.710930127055985128e+00
1.676635690137878942e+00
0.000000000000000000e+00
0.000000000000000000e+00
0.000000000000000000e+00
0.000000000000000000e+00
0.000000000000000000e+00
0.000000000000000000e+00
0.000000000000000000e+00
0.000000000000000000e+00
0.000000000000000000e+00
0.000000000000000000e+00
0.000000000000000000e+00
0.000000000000000000e+00
0.000000000000000000e+00
8.756321894589568222e-01
5.114892483490051767e+00
8.135047489803680421e+00
1.415188948228997923e+01
1.262052856090752329e+01
1.044789036715633301e+01
6.072555444738096497e+00
3.166497614994482124e+00
1.379699664199736331e+00
0.000000000000000000e+00
0.000000000000000000e+00
0.000000000000000000e+00
0.000000000000000000e+00
0.000000000000000000e+00
0.000000000000000000e+00
0.000000000000000000e+00
0.000000000000000000e+00
0.000000000000000000e+00
0.000000000000000000e+00
0.000000000000000000e+00
0.000000000000000000e+00
0.000000000000000000e+00
0.000000000000000000e+00
2.407988521012131233e+00
8.059830580044931025e+00
1.334982152172911718e+01
1.586328076852039537e+01
1.357374068786428545e+01
9.530038316209889615e+00
5.668817023039091296e+00
2.758783581298199561e+00
1.156921350803185256e+00
0.000000000000000000e+00
0.000000000000000000e+00
0.000000000000000000e+00
0.000000000000000000e+00
0.000000000000000000e+00
0.000000000000000000e+00
0.000000000000000000e+00
0.000000000000000000e+00
0.000000000000000000e+00
0.000000000000000000e+00
0.000000000000000000e+00
0.000000000000000000e+00
0.000000000000000000e+00
0.000000000000000000e+00
1.480992137362837413e+00
5.691609231483218956e+00
1.069477519275192634e+01
1.637439046024586986e+01
1.573163528496420938e+01
1.353561220278601418e+01
8.553599964139204204e+00
4.572955592713221051e+00
2.419428786784527219e+00
1.011962859209538879e+00
0.000000000000000000e+00
0.000000000000000000e+00
0.000000000000000000e+00
0.000000000000000000e+00
0.000000000000000000e+00
0.000000000000000000e+00
0.000000000000000000e+00
0.000000000000000000e+00
0.000000000000000000e+00
0.000000000000000000e+00
0.000000000000000000e+00
0.000000000000000000e+00
0.000000000000000000e+00
0.000000000000000000e+00
1.543321117390588748e+00
6.220166976923916735e+00
1.247775869979013486e+01
2.014957645011232756e+01
2.117198256961727054e+01
1.421771222406807311e+01
1.239175765043790101e+01
6.952241066743280129e+00
4.919017097026653573e+00
2.138667625855949161e+00
8.633422583545794504e-01
0.000000000000000000e+00
0.000000000000000000e+00
0.000000000000000000e+00
0.000000000000000000e+00
0.000000000000000000e+00
0.000000000000000000e+00
0.000000000000000000e+00
0.000000000000000000e+00
0.000000000000000000e+00
0.000000000000000000e+00
0.000000000000000000e+00
0.000000000000000000e+00
0.000000000000000000e+00
0.000000000000000000e+00
1.455847690677663842e+00
5.401623910867060729e+00
1.155173867143013133e+01
1.970172426282652722e+01
2.262952432089538135e+01
2.148486901153279760e+01
1.606074899385467347e+01
1.021843400097648491e+01
6.268734220293800341e+00
4.160977611387705721e+00
1.811519838339171740e+00
7.363891372957229731e-01
0.000000000000000000e+00
0.000000000000000000e+00
0.000000000000000000e+00
0.000000000000000000e+00
0.000000000000000000e+00
0.000000000000000000e+00
0.000000000000000000e+00
0.000000000000000000e+00
0.000000000000000000e+00
0.000000000000000000e+00
0.000000000000000000e+00
0.000000000000000000e+00
0.000000000000000000e+00
6.971348588680905678e-01
4.134423176656311760e+00
2.426412817796106403e+00
1.080324782173412146e+01
1.925289778571688615e+01
2.364206911539183409e+01
2.045956993396020707e+01
1.637439046024586986e+01
1.316454835561858516e+01
9.913406120350320094e+00
5.507112305678665720e+00
3.444135923881308514e+00
1.477047846624257366e+00
6.112670708675230768e-01
0.000000000000000000e+00
0.000000000000000000e+00
0.000000000000000000e+00
0.000000000000000000e+00
0.000000000000000000e+00
0.000000000000000000e+00
0.000000000000000000e+00
0.000000000000000000e+00
0.000000000000000000e+00
0.000000000000000000e+00
0.000000000000000000e+00
0.000000000000000000e+00
0.000000000000000000e+00
0.000000000000000000e+00
6.971348588680905678e-01
5.315686941415257216e+00
1.116149896186209034e+01
1.890568368803471344e+01
2.902744589231161143e+01
2.517442544694500839e+01
2.200953735319961879e+01
1.637439046024586986e+01
1.369113028984332914e+01
8.235752776906419825e+00
4.296328749111015810e+00
2.842648071146056221e+00
1.274411530475805465e+00
5.294799640315289713e-01
0.000000000000000000e+00
0.000000000000000000e+00
0.000000000000000000e+00
0.000000000000000000e+00
0.000000000000000000e+00
0.000000000000000000e+00
0.000000000000000000e+00
0.000000000000000000e+00
0.000000000000000000e+00
0.000000000000000000e+00
0.000000000000000000e+00
0.000000000000000000e+00
0.000000000000000000e+00
0.000000000000000000e+00
8.001600123562556677e-01
1.394269717736181136e+00
7.678214470933149904e+00
2.183771536016495673e+01
2.160649564346824292e+01
2.547306476264080288e+01
2.123408059437970152e+01
1.999457970818838604e+01
1.199398027342850348e+01
1.007087949204821875e+01
6.901255799166953864e+00
4.315857516152429518e+00
2.348274493555437825e+00
1.062009608729837851e+00
4.110717645824031874e-01
0.000000000000000000e+00
0.000000000000000000e+00
0.000000000000000000e+00
0.000000000000000000e+00
0.000000000000000000e+00
0.000000000000000000e+00
0.000000000000000000e+00
0.000000000000000000e+00
0.000000000000000000e+00
0.000000000000000000e+00
0.000000000000000000e+00
0.000000000000000000e+00
0.000000000000000000e+00
0.000000000000000000e+00
8.960553845713439269e-01
1.600320024712511335e+00
7.668483447548996246e+00
1.299390141234840712e+01
2.183771536016495673e+01
3.318140402389765597e+01
2.399207262527796658e+01
2.079626449965022417e+01
1.937459274049261992e+01
1.220257123470552152e+01
9.939234008492032757e+00
6.710613373775601076e+00
3.339419164081744107e+00
2.142285502892680160e+00
9.521465457577856784e-01
3.671264534466451290e-01
0.000000000000000000e+00
0.000000000000000000e+00
0.000000000000000000e+00
0.000000000000000000e+00
0.000000000000000000e+00
0.000000000000000000e+00
0.000000000000000000e+00
0.000000000000000000e+00
0.000000000000000000e+00
0.000000000000000000e+00
0.000000000000000000e+00
0.000000000000000000e+00
0.000000000000000000e+00
0.000000000000000000e+00
0.000000000000000000e+00
1.792110769142687854e+00
1.600320024712511335e+00
1.603410175396608395e+01
2.185337964804050159e+01
3.105808406779016195e+01
3.086642234781177407e+01
2.725025532747620716e+01
2.123408059437970152e+01
1.642965464393774155e+01
1.074243450576639880e+01
7.043033370255943559e+00
4.956703060175160047e+00
2.948843823253469942e+00
1.779744879326226492e+00
8.276350743894598239e-01
3.152465722447085894e-01
0.000000000000000000e+00
0.000000000000000000e+00
0.000000000000000000e+00
0.000000000000000000e+00
0.000000000000000000e+00
0.000000000000000000e+00
0.000000000000000000e+00
0.000000000000000000e+00
0.000000000000000000e+00
0.000000000000000000e+00
0.000000000000000000e+00
0.000000000000000000e+00
0.000000000000000000e+00
0.000000000000000000e+00
1.058888938575228922e+00
9.825870786883099672e-01
7.168443076570751415e+00
1.120224017298757957e+01
2.230831548377889817e+01
3.720980858990679963e+01
4.319014815677069663e+01
2.700811955433530187e+01
2.665785847253107121e+01
1.641810355235543994e+01
1.007478822505616378e+01
9.178002296188768838e+00
5.134173858691248427e+00
3.202792746574719018e+00
2.987901357336297359e+00
1.260652622856077043e+00
6.127917512441133363e-01
2.597045817814588875e-01
0.000000000000000000e+00
0.000000000000000000e+00
0.000000000000000000e+00
0.000000000000000000e+00
0.000000000000000000e+00
0.000000000000000000e+00
0.000000000000000000e+00
0.000000000000000000e+00
0.000000000000000000e+00
0.000000000000000000e+00
0.000000000000000000e+00
0.000000000000000000e+00
0.000000000000000000e+00
0.000000000000000000e+00
0.000000000000000000e+00
0.000000000000000000e+00
1.965174157376619934e+00
1.075266461485612624e+01
2.880576044482520359e+01
3.485674294340452661e+01
3.307538541325049408e+01
3.591090970338237298e+01
1.851985340868706587e+01
2.162248520549742636e+01
1.444793112607278829e+01
1.100476867659980940e+01
7.092092683418593779e+00
4.015187248463668368e+00
3.279049716731259778e+00
2.109106840472680489e+00
1.137059228458422444e+00
5.566395190583978136e-01
2.255248953425359748e-01
0.000000000000000000e+00
0.000000000000000000e+00
0.000000000000000000e+00
0.000000000000000000e+00
0.000000000000000000e+00
0.000000000000000000e+00
0.000000000000000000e+00
0.000000000000000000e+00
0.000000000000000000e+00
0.000000000000000000e+00
0.000000000000000000e+00
0.000000000000000000e+00
0.000000000000000000e+00
0.000000000000000000e+00
0.000000000000000000e+00
0.000000000000000000e+00
1.058888938575228922e+00
1.080845786557140897e+01
1.792110769142687943e+01
2.960592045718145826e+01
3.276533836680025757e+01
4.075359988418364310e+01
2.474941074152028619e+01
2.314981676085882967e+01
1.569851665604607582e+01
1.401011503134330916e+01
7.749837096197048858e+00
5.840546915756489099e+00
3.686073539573203828e+00
3.431563657044341742e+00
1.894290403017129698e+00
9.969867148077472541e-01
5.102528924701980051e-01
1.718139595099428263e-01
0.000000000000000000e+00
0.000000000000000000e+00
0.000000000000000000e+00
0.000000000000000000e+00
0.000000000000000000e+00
0.000000000000000000e+00
0.000000000000000000e+00
0.000000000000000000e+00
0.000000000000000000e+00
0.000000000000000000e+00
0.000000000000000000e+00
0.000000000000000000e+00
0.000000000000000000e+00
0.000000000000000000e+00
0.000000000000000000e+00
1.182041580245927204e+00
1.125116986457390666e+00
6.353333631451373975e+00
2.063432865245450998e+01
3.584221538285375885e+01
3.280656050660648049e+01
3.834241723774498212e+01
2.716906658945575970e+01
2.571997586863872698e+01
1.543321117390588704e+01
1.332892923626553561e+01
8.318505799860089311e+00
8.059830580044931025e+00
4.901887590009910589e+00
3.751896281351296825e+00
2.173323649461416540e+00
1.327956158816132159e+00
7.745186048919688870e-01
3.735344141049774525e-01
1.425170854194374725e-01
0.000000000000000000e+00
0.000000000000000000e+00
0.000000000000000000e+00
0.000000000000000000e+00
0.000000000000000000e+00
0.000000000000000000e+00
0.000000000000000000e+00
0.000000000000000000e+00
0.000000000000000000e+00
0.000000000000000000e+00
0.000000000000000000e+00
0.000000000000000000e+00
0.000000000000000000e+00
0.000000000000000000e+00
0.000000000000000000e+00
0.000000000000000000e+00
1.182041580245927204e+00
4.500467945829562666e+00
1.270666726290274795e+01
3.439054775409084641e+01
2.956982769085434981e+01
2.880576044482520359e+01
2.788539435472362271e+01
2.421590717755839606e+01
2.038186766948729201e+01
1.234656893912470998e+01
1.421752451868323774e+01
7.661781657765872389e+00
6.664859902729461716e+00
4.171819225540349230e+00
3.291137088904646291e+00
1.601396373287359509e+00
1.288898624733304743e+00
7.250812471329071141e-01
3.002923721236093191e-01
1.406860307887808914e-01
0.000000000000000000e+00
0.000000000000000000e+00
0.000000000000000000e+00
0.000000000000000000e+00
0.000000000000000000e+00
0.000000000000000000e+00
0.000000000000000000e+00
0.000000000000000000e+00
0.000000000000000000e+00
0.000000000000000000e+00
0.000000000000000000e+00
0.000000000000000000e+00
0.000000000000000000e+00
0.000000000000000000e+00
0.000000000000000000e+00
0.000000000000000000e+00
0.000000000000000000e+00
4.728166320983708815e+00
1.687675479686085822e+01
2.329555664865503672e+01
3.439054775409084641e+01
2.329743999885494077e+01
3.280656050660648049e+01
2.021691090717462558e+01
2.126274776566102886e+01
1.892601997880963083e+01
1.311822949782000514e+01
1.095934181648499717e+01
6.129425326212698089e+00
3.874918548098524429e+00
2.711682496601226955e+00
2.632909671123717210e+00
1.410753947896007165e+00
8.202082157393757456e-01
5.355713757231700400e-01
3.124993791205040172e-01
1.144409144160365155e-01
0.000000000000000000e+00
0.000000000000000000e+00
0.000000000000000000e+00
0.000000000000000000e+00
0.000000000000000000e+00
0.000000000000000000e+00
0.000000000000000000e+00
0.000000000000000000e+00
0.000000000000000000e+00
0.000000000000000000e+00
0.000000000000000000e+00
0.000000000000000000e+00
0.000000000000000000e+00
0.000000000000000000e+00
0.000000000000000000e+00
0.000000000000000000e+00
1.272255159682329495e+00
3.692146342466903874e+00
1.182041580245927292e+01
2.137722274269042089e+01
3.388444603440732550e+01
2.456467696720774896e+01
2.867377230628300566e+01
2.400480037068766848e+01
2.370258520151507753e+01
1.122200576520998894e+01
9.220368707625205218e+00
8.874096424995885357e+00
5.035373267033646627e+00
4.597068994659522900e+00
3.874918548098524429e+00
2.085909612770174615e+00
2.369618704011345223e+00
1.448882432974277545e+00
7.225643805323072044e-01
4.943735775906184515e-01
2.294917315416201420e-01
9.979247737078383862e-02
0.000000000000000000e+00
0.000000000000000000e+00
0.000000000000000000e+00
0.000000000000000000e+00
0.000000000000000000e+00
0.000000000000000000e+00
0.000000000000000000e+00
0.000000000000000000e+00
0.000000000000000000e+00
0.000000000000000000e+00
0.000000000000000000e+00
0.000000000000000000e+00
0.000000000000000000e+00
0.000000000000000000e+00
0.000000000000000000e+00
0.000000000000000000e+00
0.000000000000000000e+00
3.816765479046988485e+00
1.230715447488967840e+01
2.364083160491854585e+01
2.475257370206259466e+01
3.176666815725686632e+01
3.144278651802591895e+01
3.136193845999703811e+01
1.600320024712511469e+01
2.161118062491080849e+01
8.859478235692096248e+00
6.793955889829097927e+00
8.102435866300590206e+00
3.850579557143376963e+00
4.378160947294784222e+00
3.564925064250642261e+00
2.294500574047192210e+00
1.645568544452323145e+00
1.563267888209088907e+00
7.225643805323072044e-01
5.190922564701493380e-01
2.197261259441044001e-01
8.453368878197897729e-02
0.000000000000000000e+00
0.000000000000000000e+00
0.000000000000000000e+00
0.000000000000000000e+00
0.000000000000000000e+00
0.000000000000000000e+00
0.000000000000000000e+00
0.000000000000000000e+00
0.000000000000000000e+00
0.000000000000000000e+00
0.000000000000000000e+00
0.000000000000000000e+00
0.000000000000000000e+00
0.000000000000000000e+00
0.000000000000000000e+00
0.000000000000000000e+00
0.000000000000000000e+00
3.923158970386321442e+00
5.089020638729317980e+00
2.461430894977935679e+01
2.718695634565632702e+01
2.925304164789215733e+01
3.494333497298255509e+01
2.947761236064929946e+01
1.254477538399881453e+01
1.520304023476885824e+01
7.668483447548996246e+00
1.004074200045104170e+01
3.882260508473770244e+00
4.244133072824118891e+00
5.035373267033646627e+00
3.940344852565305533e+00
2.789941354630937731e+00
2.190205093408683190e+00
1.184809352005672611e+00
9.532121269567616073e-01
5.663342442009975386e-01
3.707801831929638525e-01
1.538082881608730801e-01
6.469726361653264923e-02
0.000000000000000000e+00
0.000000000000000000e+00
0.000000000000000000e+00
0.000000000000000000e+00
0.000000000000000000e+00
0.000000000000000000e+00
0.000000000000000000e+00
0.000000000000000000e+00
0.000000000000000000e+00
0.000000000000000000e+00
0.000000000000000000e+00
0.000000000000000000e+00
0.000000000000000000e+00
0.000000000000000000e+00
0.000000000000000000e+00
0.000000000000000000e+00
0.000000000000000000e+00
2.676109630080143464e+00
3.923158970386321442e+00
2.290059287428193002e+01
2.830645529224626245e+01
2.364083160491854585e+01
2.700280767497737600e+01
1.270666726290274795e+01
1.965174157376619846e+01
2.060927384514091187e+01
1.040208016063132312e+01
1.324556231849372168e+01
7.678214470933149904e+00
8.735086144065983049e+00
5.401623910867060729e+00
3.850579557143376963e+00
3.502528757835827289e+00
2.324951128859114480e+00
1.042954806385087307e+00
9.215183848933009569e-01
9.150836418784911164e-01
4.686904089939289975e-01
3.543010639399432060e-01
1.342770769658415686e-01
6.317138475765216032e-02
0.000000000000000000e+00
0.000000000000000000e+00
0.000000000000000000e+00
0.000000000000000000e+00
0.000000000000000000e+00
0.000000000000000000e+00
0.000000000000000000e+00
0.000000000000000000e+00
0.000000000000000000e+00
0.000000000000000000e+00
0.000000000000000000e+00
0.000000000000000000e+00
0.000000000000000000e+00
0.000000000000000000e+00
0.000000000000000000e+00
0.000000000000000000e+00
0.000000000000000000e+00
2.728153838002840281e+00
8.028328890240430837e+00
5.230878627181762219e+00
1.653931707587028299e+01
4.553647155709181504e+01
1.773062370368890939e+01
1.800187178331825066e+01
1.482444514005320535e+01
1.080845786557140897e+01
1.254477538399881453e+01
7.201440111206300898e+00
8.365618306417086814e+00
6.496950706174203560e+00
3.396977944914548964e+00
4.629963352171766466e+00
3.850579557143376963e+00
1.532356331553174522e+00
1.859960903087291673e+00
1.355841248300613477e+00
7.240501595590221884e-01
5.337987910957864290e-01
3.124602726626193316e-01
2.966241465543710820e-01
1.342770769658415686e-01
5.615234200680192106e-02
0.000000000000000000e+00
0.000000000000000000e+00
0.000000000000000000e+00
0.000000000000000000e+00
0.000000000000000000e+00
0.000000000000000000e+00
0.000000000000000000e+00
0.000000000000000000e+00
0.000000000000000000e+00
0.000000000000000000e+00
0.000000000000000000e+00
0.000000000000000000e+00
0.000000000000000000e+00
0.000000000000000000e+00
0.000000000000000000e+00
0.000000000000000000e+00
0.000000000000000000e+00
0.000000000000000000e+00
5.456307676005680563e+00
1.605665778048086167e+01
2.092351450872704888e+01
3.435088931142289681e+01
2.584502439726832534e+01
1.891266528393483526e+01
2.025210575623303200e+01
1.376555620147797576e+01
1.965174157376619934e+00
1.702505230685553528e+01
1.120224017298757957e+01
4.879944012076633975e+00
4.725055059035784488e+00
2.911695381355327683e+00
5.015793631519413154e+00
2.369587419780539772e+00
1.313448284188435178e+00
1.084977193467586698e+00
1.773023170854648445e+00
6.582274177809293025e-01
5.337987910957864290e-01
3.515178067454467481e-01
1.977494310362473695e-01
1.245114713683258129e-01
3.967285033089265611e-02
0.000000000000000000e+00
0.000000000000000000e+00
0.000000000000000000e+00
0.000000000000000000e+00
0.000000000000000000e+00
0.000000000000000000e+00
0.000000000000000000e+00
0.000000000000000000e+00
0.000000000000000000e+00
0.000000000000000000e+00
0.000000000000000000e+00
0.000000000000000000e+00
0.000000000000000000e+00
0.000000000000000000e+00
0.000000000000000000e+00
0.000000000000000000e+00
0.000000000000000000e+00
0.000000000000000000e+00
4.159429173642261723e+00
2.046115378502130255e+01
2.274693185568121834e+01
3.661615039027233820e+01
3.943990995015221301e+01
8.615008132422774523e+00
1.773062370368890939e+01
2.137722274269042089e+01
5.294444692876144387e+00
5.895522472129860247e+00
8.960553845713439713e+00
5.601120086493789785e+00
4.182809153208543407e+00
5.906318823794730832e+00
3.396977944914548964e+00
3.086642234781177496e+00
1.480992137362837413e+00
1.970172426282652767e+00
1.704964161163350589e+00
7.300683644695611374e-01
7.240501595590221884e-01
4.194133358609750672e-01
1.562301363313096658e-01
1.812703117832267785e-01
6.347643638385237763e-02
3.448486221069900493e-02
0.000000000000000000e+00
0.000000000000000000e+00
0.000000000000000000e+00
0.000000000000000000e+00
0.000000000000000000e+00
0.000000000000000000e+00
0.000000000000000000e+00
0.000000000000000000e+00
0.000000000000000000e+00
0.000000000000000000e+00
0.000000000000000000e+00
0.000000000000000000e+00
0.000000000000000000e+00
0.000000000000000000e+00
0.000000000000000000e+00
0.000000000000000000e+00
0.000000000000000000e+00
1.422619279714792961e+00
1.405830553902068791e+00
1.247828752092678428e+01
1.773299994701846316e+01
3.077526074592164917e+01
1.307719656795440599e+01
1.781157223555261382e+01
1.353786992237864695e+01
9.456332641967417629e+00
1.125116986457390666e+01
9.530000447177060963e+00
6.878109550818169993e+00
3.584221538285375708e+00
3.200640049425022671e+00
8.365618306417086814e+00
0.000000000000000000e+00
9.705651271184425610e-01
1.157490838042941617e+00
5.923968549451349430e-01
2.189080473647392056e-01
1.084977193467586698e+00
1.147250287023596105e+00
3.949364506685575371e-01
3.050278806261637055e-01
2.538739715383782070e-01
1.235933943976546129e-01
7.568344338074706190e-02
3.051757717760973654e-02
0.000000000000000000e+00
0.000000000000000000e+00
0.000000000000000000e+00
0.000000000000000000e+00
0.000000000000000000e+00
0.000000000000000000e+00
0.000000000000000000e+00
0.000000000000000000e+00
0.000000000000000000e+00
0.000000000000000000e+00
0.000000000000000000e+00
0.000000000000000000e+00
0.000000000000000000e+00
0.000000000000000000e+00
0.000000000000000000e+00
0.000000000000000000e+00
0.000000000000000000e+00
1.437240467635767294e+00
1.422619279714792961e+00
1.124664443121655033e+01
2.079714586821130595e+01
1.773299994701846316e+01
2.140887704064114772e+01
1.961579485193160721e+01
1.272255159682329406e+01
1.230715447488967840e+01
7.092249481475563222e+00
7.875818905201734665e+00
5.294444692876144387e+00
6.878109550818169993e+00
3.584221538285375708e+00
3.200640049425022671e+00
4.879944012076633975e+00
1.771895647138419072e+00
4.852825635592212805e-01
3.086642234781177496e+00
1.777190564835404718e+00
8.756321894589568222e-01
1.549967419239409727e-01
4.171819225540349119e-01
3.291137088904646513e-01
2.287709104696227791e-01
2.929315056212056234e-01
9.887471551812368475e-02
7.812484478012600431e-02
2.166747979610291266e-02
0.000000000000000000e+00
0.000000000000000000e+00
0.000000000000000000e+00
0.000000000000000000e+00
0.000000000000000000e+00
0.000000000000000000e+00
0.000000000000000000e+00
0.000000000000000000e+00
0.000000000000000000e+00
0.000000000000000000e+00
0.000000000000000000e+00
0.000000000000000000e+00
0.000000000000000000e+00
0.000000000000000000e+00
0.000000000000000000e+00
0.000000000000000000e+00
0.000000000000000000e+00
1.450024003277625040e+00
5.748961870543069175e+00
1.138095423771834369e+01
1.124664443121655033e+01
1.247828752092678428e+01
1.500484610901562199e+01
1.873276741056100292e+01
1.569263588154528577e+01
6.361275798411647031e+00
1.107643902740071162e+01
3.546124740737781611e+00
6.750701918744343999e+00
6.353333631451373975e+00
3.930348314753239869e+00
1.792110769142687854e+00
4.000800061781278671e+00
2.788539435472362271e+00
2.362527529517892244e+00
9.705651271184425610e-01
2.314981676085883233e+00
8.885952824177023590e-01
0.000000000000000000e+00
3.099934838478819454e-01
6.257728838310523400e-01
6.582274177809293025e-01
3.431563657044341964e-01
2.538739715383782070e-01
1.235933943976546129e-01
6.103503498447344217e-02
2.166747979610291266e-02
0.000000000000000000e+00
0.000000000000000000e+00
0.000000000000000000e+00
0.000000000000000000e+00
0.000000000000000000e+00
0.000000000000000000e+00
0.000000000000000000e+00
0.000000000000000000e+00
0.000000000000000000e+00
0.000000000000000000e+00
0.000000000000000000e+00
0.000000000000000000e+00
0.000000000000000000e+00
0.000000000000000000e+00
0.000000000000000000e+00
0.000000000000000000e+00
0.000000000000000000e+00
0.000000000000000000e+00
1.450024003277625040e+00
5.748961870543069175e+00
1.707143135657751642e+01
1.124664443121655033e+01
1.941066947699722078e+01
1.364076919001420052e+01
6.690274075200358439e+00
1.046175725436352444e+01
5.089020638729317980e+00
6.153577237444839199e+00
2.364083160491854407e+00
3.375350959372171999e+00
3.176666815725686988e+00
1.965174157376619934e+00
4.480276922856719857e+00
4.800960074137534228e+00
0.000000000000000000e+00
1.181263764758946122e+00
9.705651271184425610e-01
1.543321117390588748e+00
8.885952824177023590e-01
1.094540236823696056e+00
4.649902257718229182e-01
5.214774031925436537e-01
3.949364506685575371e-01
2.287709104696227791e-01
1.367013692898959576e-01
5.767691738557215175e-02
3.662102099068406669e-02
1.464843704525267340e-02
0.000000000000000000e+00
0.000000000000000000e+00
0.000000000000000000e+00
0.000000000000000000e+00
0.000000000000000000e+00
0.000000000000000000e+00
0.000000000000000000e+00
0.000000000000000000e+00
0.000000000000000000e+00
0.000000000000000000e+00
0.000000000000000000e+00
0.000000000000000000e+00
0.000000000000000000e+00
0.000000000000000000e+00
0.000000000000000000e+00
0.000000000000000000e+00
0.000000000000000000e+00
0.000000000000000000e+00
0.000000000000000000e+00
5.800096013110500159e+00
1.149792374108613835e+01
1.991666991600710190e+01
2.249328886243310066e+01
9.705334738498610392e+00
5.456307676005680563e+00
8.028328890240430837e+00
2.615439313590881110e+00
2.544510319364658990e+00
3.692146342466903874e+00
2.364083160491854407e+00
0.000000000000000000e+00
4.235555754300915687e+00
9.825870786883099672e-01
2.688166153714031559e+00
1.600320024712511335e+00
1.394269717736181136e+00
0.000000000000000000e+00
0.000000000000000000e+00
1.157490838042941617e+00
1.184793709890269886e+00
6.567241420942175889e-01
1.549967419239409727e-01
1.042954806385087280e-01
1.974682253342787686e-01
1.143854552348113895e-01
3.905753408282741646e-02
8.239559626510307988e-02
3.417961959130512428e-02
1.831054630656584262e-02
0.000000000000000000e+00
0.000000000000000000e+00
0.000000000000000000e+00
0.000000000000000000e+00
0.000000000000000000e+00
0.000000000000000000e+00
0.000000000000000000e+00
0.000000000000000000e+00
0.000000000000000000e+00
0.000000000000000000e+00
0.000000000000000000e+00
0.000000000000000000e+00
0.000000000000000000e+00
0.000000000000000000e+00
0.000000000000000000e+00
0.000000000000000000e+00
0.000000000000000000e+00
0.000000000000000000e+00
0.000000000000000000e+00
2.922487529721168986e+00
5.800096013110500159e+00
1.724688561162920664e+01
1.707143135657751642e+01
1.405830553902068836e+01
9.705334738498610392e+00
6.820384595007100259e+00
6.690274075200358439e+00
3.923158970386321442e+00
1.272255159682329495e+00
6.153577237444839199e+00
2.364083160491854407e+00
1.125116986457390666e+00
2.117777877150457844e+00
1.965174157376619934e+00
2.688166153714031559e+00
2.400480037068767114e+00
6.971348588680905678e-01
1.181263764758946122e+00
9.705651271184425610e-01
7.716605586952943741e-01
8.885952824177023590e-01
6.567241420942175889e-01
0.000000000000000000e+00
2.085909612770174559e-01
1.974682253342787686e-01
1.143854552348113895e-01
1.171726022484822494e-01
7.415603663859277050e-02
3.662102099068406669e-02
9.765624696835116178e-03
0.000000000000000000e+00
0.000000000000000000e+00
0.000000000000000000e+00
0.000000000000000000e+00
0.000000000000000000e+00
0.000000000000000000e+00
0.000000000000000000e+00
0.000000000000000000e+00
0.000000000000000000e+00
0.000000000000000000e+00
0.000000000000000000e+00
0.000000000000000000e+00
0.000000000000000000e+00
0.000000000000000000e+00
0.000000000000000000e+00
0.000000000000000000e+00
0.000000000000000000e+00
0.000000000000000000e+00
1.479865982045772466e+00
5.884510697214938801e+00
5.844975059442337972e+00
1.740028803933149959e+01
1.149792374108613835e+01
8.535715678288758212e+00
1.265247498511861934e+01
4.159429173642261723e+00
5.456307676005680563e+00
4.014164445120215419e+00
2.615439313590881110e+00
1.272255159682329495e+00
1.230715447488967884e+00
2.364083160491854407e+00
2.250233972914781333e+00
2.117777877150457844e+00
0.000000000000000000e+00
0.000000000000000000e+00
1.600320024712511335e+00
0.000000000000000000e+00
0.000000000000000000e+00
9.705651271184425610e-01
3.858302793476471870e-01
2.961984274725674715e-01
2.189080473647392056e-01
1.549967419239409727e-01
0.000000000000000000e+00
6.582274177809292748e-02
1.525139403130818527e-01
1.562301363313096658e-01
5.767691738557215175e-02
1.464840839627362667e-02
1.007080046861121361e-02
0.000000000000000000e+00
0.000000000000000000e+00
0.000000000000000000e+00
0.000000000000000000e+00
0.000000000000000000e+00
0.000000000000000000e+00
0.000000000000000000e+00
0.000000000000000000e+00
0.000000000000000000e+00
0.000000000000000000e+00
0.000000000000000000e+00
0.000000000000000000e+00
0.000000000000000000e+00
0.000000000000000000e+00
0.000000000000000000e+00
0.000000000000000000e+00
0.000000000000000000e+00
0.000000000000000000e+00
0.000000000000000000e+00
5.919463928183089863e+00
7.355638371518673502e+00
2.337990023776935189e+01
1.450024003277625084e+01
8.623442805814603318e+00
7.113096398573964585e+00
5.623322215608275165e+00
2.772952782428174334e+00
1.364076919001420141e+00
4.014164445120215419e+00
0.000000000000000000e+00
1.272255159682329495e+00
2.461430894977935768e+00
0.000000000000000000e+00
1.125116986457390666e+00
1.058888938575228922e+00
9.825870786883099672e-01
8.960553845713439269e-01
0.000000000000000000e+00
6.971348588680905678e-01
5.906318823794730610e-01
4.852825635592212805e-01
3.858302793476471870e-01
0.000000000000000000e+00
4.378160947294784111e-01
3.099934838478819454e-01
5.214774031925436537e-01
1.316454835561858550e-01
7.625697015654092636e-02
7.811506816565483291e-02
7.415603663859277050e-02
2.441401399378937548e-02
9.460448925059018743e-03
0.000000000000000000e+00
0.000000000000000000e+00
0.000000000000000000e+00
0.000000000000000000e+00
0.000000000000000000e+00
0.000000000000000000e+00
0.000000000000000000e+00
0.000000000000000000e+00
0.000000000000000000e+00
0.000000000000000000e+00
0.000000000000000000e+00
0.000000000000000000e+00
0.000000000000000000e+00
0.000000000000000000e+00
0.000000000000000000e+00
0.000000000000000000e+00
0.000000000000000000e+00
0.000000000000000000e+00
0.000000000000000000e+00
1.487618036407947875e+00
4.439597946137316953e+00
1.176902139442987760e+01
1.022870635402409079e+01
4.350072009832874897e+00
5.748961870543069175e+00
5.690477118859171846e+00
1.405830553902068791e+00
4.159429173642261723e+00
0.000000000000000000e+00
2.676109630080143464e+00
1.307719656795440555e+00
0.000000000000000000e+00
1.230715447488967884e+00
1.182041580245927204e+00
0.000000000000000000e+00
1.058888938575228922e+00
0.000000000000000000e+00
1.792110769142687854e+00
0.000000000000000000e+00
2.091404576604271703e+00
0.000000000000000000e+00
4.852825635592212805e-01
7.716605586952943741e-01
8.885952824177023590e-01
0.000000000000000000e+00
1.549967419239409727e-01
2.085909612770174559e-01
1.316454835561858550e-01
1.525139403130818527e-01
3.905753408282741646e-02
3.295823850604123056e-02
9.765605597515750538e-03
6.103515435521947828e-03
0.000000000000000000e+00
0.000000000000000000e+00
0.000000000000000000e+00
0.000000000000000000e+00
0.000000000000000000e+00
0.000000000000000000e+00
0.000000000000000000e+00
0.000000000000000000e+00
0.000000000000000000e+00
0.000000000000000000e+00
0.000000000000000000e+00
0.000000000000000000e+00
0.000000000000000000e+00
0.000000000000000000e+00
0.000000000000000000e+00
0.000000000000000000e+00
0.000000000000000000e+00
0.000000000000000000e+00
0.000000000000000000e+00
2.989035579654610419e+00
5.950472145631791498e+00
1.923825776659504072e+01
7.355638371518673502e+00
7.306218824302922243e+00
4.350072009832874897e+00
4.311721402907301659e+00
1.422619279714792961e+00
1.405830553902068791e+00
0.000000000000000000e+00
1.364076919001420141e+00
0.000000000000000000e+00
1.307719656795440555e+00
1.272255159682329495e+00
1.230715447488967884e+00
1.182041580245927204e+00
2.250233972914781333e+00
1.058888938575228922e+00
1.965174157376619934e+00
0.000000000000000000e+00
8.001600123562556677e-01
6.971348588680905678e-01
5.906318823794730610e-01
0.000000000000000000e+00
7.716605586952943741e-01
5.923968549451349430e-01
2.189080473647392056e-01
3.099934838478819454e-01
2.085909612770174559e-01
6.582274177809292748e-02
3.812848507827046318e-02
0.000000000000000000e+00
8.239559626510307988e-02
1.220700699689468774e-02
8.544921609730726439e-03
0.000000000000000000e+00
0.000000000000000000e+00
0.000000000000000000e+00
0.000000000000000000e+00
0.000000000000000000e+00
0.000000000000000000e+00
0.000000000000000000e+00
0.000000000000000000e+00
0.000000000000000000e+00
0.000000000000000000e+00
0.000000000000000000e+00
0.000000000000000000e+00
0.000000000000000000e+00
0.000000000000000000e+00
0.000000000000000000e+00
0.000000000000000000e+00
0.000000000000000000e+00
1.511150001924220776e+00
1.506195209978576255e+00
1.500678269864276437e+00
7.472588949136525827e+00
5.950472145631791498e+00
7.399329910228862772e+00
7.355638371518673502e+00
1.461243764860584493e+00
4.350072009832874897e+00
0.000000000000000000e+00
0.000000000000000000e+00
0.000000000000000000e+00
4.159429173642261723e+00
1.364076919001420141e+00
1.338054815040071732e+00
0.000000000000000000e+00
0.000000000000000000e+00
0.000000000000000000e+00
0.000000000000000000e+00
1.125116986457390666e+00
1.058888938575228922e+00
1.965174157376619934e+00
8.960553845713439269e-01
0.000000000000000000e+00
0.000000000000000000e+00
5.906318823794730610e-01
0.000000000000000000e+00
0.000000000000000000e+00
5.923968549451349430e-01
2.189080473647392056e-01
1.549967419239409727e-01
0.000000000000000000e+00
0.000000000000000000e+00
3.812848507827046318e-02
1.952876704141370823e-02
8.239559626510307641e-03
1.708980979565256214e-02
4.577636576641460654e-03
0.000000000000000000e+00
0.000000000000000000e+00
0.000000000000000000e+00
0.000000000000000000e+00
0.000000000000000000e+00
0.000000000000000000e+00
0.000000000000000000e+00
0.000000000000000000e+00
0.000000000000000000e+00
0.000000000000000000e+00
0.000000000000000000e+00
0.000000000000000000e+00
0.000000000000000000e+00
0.000000000000000000e+00
0.000000000000000000e+00
0.000000000000000000e+00
0.000000000000000000e+00
0.000000000000000000e+00
0.000000000000000000e+00
1.506195209978576255e+00
6.002713079457105749e+00
8.967106738963831702e+00
1.636379840048742551e+01
4.439597946137316953e+00
4.413383022911204101e+00
4.383731294581753701e+00
2.900048006555250080e+00
0.000000000000000000e+00
1.422619279714792961e+00
0.000000000000000000e+00
0.000000000000000000e+00
0.000000000000000000e+00
0.000000000000000000e+00
1.307719656795440555e+00
1.272255159682329495e+00
0.000000000000000000e+00
0.000000000000000000e+00
0.000000000000000000e+00
2.117777877150457844e+00
0.000000000000000000e+00
8.960553845713439269e-01
8.001600123562556677e-01
0.000000000000000000e+00
0.000000000000000000e+00
9.705651271184425610e-01
3.858302793476471870e-01
2.961984274725674715e-01
2.189080473647392056e-01
1.549967419239409727e-01
0.000000000000000000e+00
0.000000000000000000e+00
7.625697015654092636e-02
0.000000000000000000e+00
1.647911925302061528e-02
1.464840839627362667e-02
6.408691207298045263e-03
0.000000000000000000e+00
0.000000000000000000e+00
0.000000000000000000e+00
0.000000000000000000e+00
0.000000000000000000e+00
0.000000000000000000e+00
0.000000000000000000e+00
0.000000000000000000e+00
0.000000000000000000e+00
0.000000000000000000e+00
0.000000000000000000e+00
0.000000000000000000e+00
0.000000000000000000e+00
0.000000000000000000e+00
0.000000000000000000e+00
0.000000000000000000e+00
0.000000000000000000e+00
1.519640995800313421e+00
0.000000000000000000e+00
1.511150001924220776e+00
7.530976049892881719e+00
1.350610442877848882e+01
4.483553369481915851e+00
8.925708218447686804e+00
4.439597946137316953e+00
1.471127674303734700e+00
1.461243764860584493e+00
0.000000000000000000e+00
0.000000000000000000e+00
2.845238559429585923e+00
0.000000000000000000e+00
1.386476391214087167e+00
0.000000000000000000e+00
0.000000000000000000e+00
0.000000000000000000e+00
0.000000000000000000e+00
0.000000000000000000e+00
2.364083160491854407e+00
0.000000000000000000e+00
0.000000000000000000e+00
0.000000000000000000e+00
0.000000000000000000e+00
0.000000000000000000e+00
0.000000000000000000e+00
0.000000000000000000e+00
0.000000000000000000e+00
0.000000000000000000e+00
2.961984274725674715e-01
0.000000000000000000e+00
1.549967419239409727e-01
1.042954806385087280e-01
6.582274177809292748e-02
3.812848507827046318e-02
5.858630112424112468e-02
8.239559626510307641e-03
4.882802798757875269e-03
4.577636576641460654e-03
0.000000000000000000e+00
0.000000000000000000e+00
0.000000000000000000e+00
0.000000000000000000e+00
0.000000000000000000e+00
0.000000000000000000e+00
0.000000000000000000e+00
0.000000000000000000e+00
0.000000000000000000e+00
0.000000000000000000e+00
0.000000000000000000e+00
0.000000000000000000e+00
0.000000000000000000e+00
0.000000000000000000e+00
0.000000000000000000e+00
0.000000000000000000e+00
0.000000000000000000e+00
0.000000000000000000e+00
0.000000000000000000e+00
1.515612101736341533e+00
6.044600007696883104e+00
4.518585629935728321e+00
1.050474788904993417e+01
2.989035579654610419e+00
1.487618036407947875e+00
1.479865982045772466e+00
0.000000000000000000e+00
1.461243764860584493e+00
2.900048006555250080e+00
1.437240467635767294e+00
0.000000000000000000e+00
2.811661107804137583e+00
0.000000000000000000e+00
0.000000000000000000e+00
0.000000000000000000e+00
0.000000000000000000e+00
2.544510319364658990e+00
0.000000000000000000e+00
0.000000000000000000e+00
0.000000000000000000e+00
2.117777877150457844e+00
0.000000000000000000e+00
0.000000000000000000e+00
0.000000000000000000e+00
6.971348588680905678e-01
0.000000000000000000e+00
0.000000000000000000e+00
3.858302793476471870e-01
2.961984274725674715e-01
0.000000000000000000e+00
0.000000000000000000e+00
1.042954806385087280e-01
1.974682253342787686e-01
3.812848507827046318e-02
1.952876704141370823e-02
1.647911925302061528e-02
9.765605597515750538e-03
2.746581945984876479e-03
0.000000000000000000e+00
0.000000000000000000e+00
0.000000000000000000e+00
0.000000000000000000e+00
0.000000000000000000e+00
0.000000000000000000e+00
0.000000000000000000e+00
0.000000000000000000e+00
0.000000000000000000e+00
0.000000000000000000e+00
0.000000000000000000e+00
0.000000000000000000e+00
0.000000000000000000e+00
0.000000000000000000e+00
0.000000000000000000e+00
0.000000000000000000e+00
0.000000000000000000e+00
0.000000000000000000e+00
1.523287812427410515e+00
0.000000000000000000e+00
1.515612101736341533e+00
6.044600007696883104e+00
4.518585629935728321e+00
1.500678269864276437e+00
2.989035579654610419e+00
0.000000000000000000e+00
0.000000000000000000e+00
0.000000000000000000e+00
1.461243764860584493e+00
0.000000000000000000e+00
0.000000000000000000e+00
0.000000000000000000e+00
1.405830553902068791e+00
0.000000000000000000e+00
0.000000000000000000e+00
1.338054815040071732e+00
0.000000000000000000e+00
0.000000000000000000e+00
0.000000000000000000e+00
0.000000000000000000e+00
1.125116986457390666e+00
0.000000000000000000e+00
0.000000000000000000e+00
0.000000000000000000e+00
8.001600123562556677e-01
0.000000000000000000e+00
0.000000000000000000e+00
0.000000000000000000e+00
0.000000000000000000e+00
0.000000000000000000e+00
0.000000000000000000e+00
4.649902257718229182e-01
0.000000000000000000e+00
6.582274177809292748e-02
0.000000000000000000e+00
0.000000000000000000e+00
0.000000000000000000e+00
9.765605597515750538e-03
3.356933489537071349e-03
0.000000000000000000e+00
0.000000000000000000e+00
0.000000000000000000e+00
0.000000000000000000e+00
0.000000000000000000e+00
0.000000000000000000e+00
0.000000000000000000e+00
0.000000000000000000e+00
0.000000000000000000e+00
0.000000000000000000e+00
0.000000000000000000e+00
0.000000000000000000e+00
0.000000000000000000e+00
0.000000000000000000e+00
0.000000000000000000e+00
0.000000000000000000e+00
0.000000000000000000e+00
0.000000000000000000e+00
0.000000000000000000e+00
0.000000000000000000e+00
3.039281991600626842e+00
4.546836305209025042e+00
4.533450005772662550e+00
3.012390419957152510e+00
1.500678269864276437e+00
0.000000000000000000e+00
0.000000000000000000e+00
1.479865982045772466e+00
0.000000000000000000e+00
0.000000000000000000e+00
0.000000000000000000e+00
2.874480935271534587e+00
0.000000000000000000e+00
0.000000000000000000e+00
0.000000000000000000e+00
1.364076919001420141e+00
1.338054815040071732e+00
0.000000000000000000e+00
0.000000000000000000e+00
0.000000000000000000e+00
0.000000000000000000e+00
0.000000000000000000e+00
0.000000000000000000e+00
0.000000000000000000e+00
0.000000000000000000e+00
8.001600123562556677e-01
0.000000000000000000e+00
0.000000000000000000e+00
0.000000000000000000e+00
0.000000000000000000e+00
2.961984274725674715e-01
0.000000000000000000e+00
0.000000000000000000e+00
0.000000000000000000e+00
0.000000000000000000e+00
0.000000000000000000e+00
0.000000000000000000e+00
1.647911925302061528e-02
4.882802798757875269e-03
1.220703087104389522e-03
0.000000000000000000e+00
0.000000000000000000e+00
0.000000000000000000e+00
0.000000000000000000e+00
0.000000000000000000e+00
0.000000000000000000e+00
0.000000000000000000e+00
0.000000000000000000e+00
0.000000000000000000e+00
0.000000000000000000e+00
0.000000000000000000e+00
0.000000000000000000e+00
0.000000000000000000e+00
0.000000000000000000e+00
0.000000000000000000e+00
0.000000000000000000e+00
0.000000000000000000e+00
0.000000000000000000e+00
0.000000000000000000e+00
0.000000000000000000e+00
3.046575624854821029e+00
3.039281991600626842e+00
4.546836305209025042e+00
4.533450005772662550e+00
0.000000000000000000e+00
3.001356539728552875e+00
0.000000000000000000e+00
1.487618036407947875e+00
1.479865982045772466e+00
0.000000000000000000e+00
0.000000000000000000e+00
0.000000000000000000e+00
0.000000000000000000e+00
0.000000000000000000e+00
0.000000000000000000e+00
0.000000000000000000e+00
0.000000000000000000e+00
1.338054815040071732e+00
0.000000000000000000e+00
0.000000000000000000e+00
0.000000000000000000e+00
0.000000000000000000e+00
0.000000000000000000e+00
0.000000000000000000e+00
0.000000000000000000e+00
0.000000000000000000e+00
8.001600123562556677e-01
0.000000000000000000e+00
5.906318823794730610e-01
0.000000000000000000e+00
0.000000000000000000e+00
0.000000000000000000e+00
0.000000000000000000e+00
0.000000000000000000e+00
0.000000000000000000e+00
0.000000000000000000e+00
7.625697015654092636e-02
1.952876704141370823e-02
1.647911925302061528e-02
7.324204198136813337e-03
1.831054630656584175e-03
0.000000000000000000e+00
0.000000000000000000e+00
0.000000000000000000e+00
0.000000000000000000e+00
0.000000000000000000e+00
0.000000000000000000e+00
0.000000000000000000e+00
0.000000000000000000e+00
0.000000000000000000e+00
0.000000000000000000e+00
0.000000000000000000e+00
0.000000000000000000e+00
0.000000000000000000e+00
0.000000000000000000e+00
0.000000000000000000e+00
0.000000000000000000e+00
0.000000000000000000e+00
0.000000000000000000e+00
0.000000000000000000e+00
1.529605657132143248e+00
3.053193294526933776e+00
6.093151249709642059e+00
7.598204979001566883e+00
1.515612101736341533e+00
3.022300003848441552e+00
0.000000000000000000e+00
0.000000000000000000e+00
0.000000000000000000e+00
0.000000000000000000e+00
0.000000000000000000e+00
0.000000000000000000e+00
0.000000000000000000e+00
1.450024003277625040e+00
0.000000000000000000e+00
0.000000000000000000e+00
0.000000000000000000e+00
0.000000000000000000e+00
0.000000000000000000e+00
0.000000000000000000e+00
0.000000000000000000e+00
0.000000000000000000e+00
0.000000000000000000e+00
0.000000000000000000e+00
1.125116986457390666e+00
0.000000000000000000e+00
0.000000000000000000e+00
0.000000000000000000e+00
0.000000000000000000e+00
0.000000000000000000e+00
0.000000000000000000e+00
0.000000000000000000e+00
0.000000000000000000e+00
0.000000000000000000e+00
0.000000000000000000e+00
0.000000000000000000e+00
0.000000000000000000e+00
0.000000000000000000e+00
0.000000000000000000e+00
1.952876704141370823e-02
0.000000000000000000e+00
0.000000000000000000e+00
2.136230402432681610e-03
0.000000000000000000e+00
0.000000000000000000e+00
0.000000000000000000e+00
0.000000000000000000e+00
0.000000000000000000e+00
0.000000000000000000e+00
0.000000000000000000e+00
0.000000000000000000e+00
0.000000000000000000e+00
0.000000000000000000e+00
0.000000000000000000e+00
0.000000000000000000e+00
0.000000000000000000e+00
0.000000000000000000e+00
0.000000000000000000e+00
0.000000000000000000e+00
0.000000000000000000e+00
1.537144204738476017e+00
0.000000000000000000e+00
0.000000000000000000e+00
3.059211314264286496e+00
4.579789941790400221e+00
1.523287812427410515e+00
1.519640995800313421e+00
0.000000000000000000e+00
0.000000000000000000e+00
1.506195209978576255e+00
0.000000000000000000e+00
0.000000000000000000e+00
0.000000000000000000e+00
0.000000000000000000e+00
1.471127674303734700e+00
0.000000000000000000e+00
0.000000000000000000e+00
0.000000000000000000e+00
0.000000000000000000e+00
0.000000000000000000e+00
0.000000000000000000e+00
0.000000000000000000e+00
1.338054815040071732e+00
0.000000000000000000e+00
0.000000000000000000e+00
0.000000000000000000e+00
0.000000000000000000e+00
0.000000000000000000e+00
0.000000000000000000e+00
0.000000000000000000e+00
0.000000000000000000e+00
0.000000000000000000e+00
0.000000000000000000e+00
0.000000000000000000e+00
0.000000000000000000e+00
0.000000000000000000e+00
0.000000000000000000e+00
0.000000000000000000e+00
0.000000000000000000e+00
0.000000000000000000e+00
6.582274177809292748e-02
3.812848507827046318e-02
1.952876704141370823e-02
0.000000000000000000e+00
4.882802798757875269e-03
6.103515435521947611e-04
0.000000000000000000e+00
0.000000000000000000e+00
0.000000000000000000e+00
0.000000000000000000e+00
0.000000000000000000e+00
0.000000000000000000e+00
0.000000000000000000e+00
0.000000000000000000e+00
0.000000000000000000e+00
0.000000000000000000e+00
0.000000000000000000e+00
0.000000000000000000e+00
0.000000000000000000e+00
0.000000000000000000e+00
0.000000000000000000e+00
0.000000000000000000e+00
0.000000000000000000e+00
0.000000000000000000e+00
0.000000000000000000e+00
0.000000000000000000e+00
4.597043897901196274e+00
1.529605657132143248e+00
0.000000000000000000e+00
1.523287812427410515e+00
0.000000000000000000e+00
0.000000000000000000e+00
0.000000000000000000e+00
1.506195209978576255e+00
0.000000000000000000e+00
0.000000000000000000e+00
0.000000000000000000e+00
1.479865982045772466e+00
0.000000000000000000e+00
1.461243764860584493e+00
0.000000000000000000e+00
0.000000000000000000e+00
0.000000000000000000e+00
0.000000000000000000e+00
0.000000000000000000e+00
0.000000000000000000e+00
0.000000000000000000e+00
0.000000000000000000e+00
0.000000000000000000e+00
0.000000000000000000e+00
0.000000000000000000e+00
2.250233972914781333e+00
0.000000000000000000e+00
0.000000000000000000e+00
0.000000000000000000e+00
0.000000000000000000e+00
0.000000000000000000e+00
0.000000000000000000e+00
0.000000000000000000e+00
0.000000000000000000e+00
2.961984274725674715e-01
0.000000000000000000e+00
0.000000000000000000e+00
0.000000000000000000e+00
1.316454835561858550e-01
0.000000000000000000e+00
0.000000000000000000e+00
0.000000000000000000e+00
2.441401399378937635e-03
0.000000000000000000e+00
0.000000000000000000e+00
