# pd_vector
0.000000000000000000e+00
0.000000000000000000e+00
0.000000000000000000e+00
0.000000000000000000e+00
0.000000000000000000e+00
0.000000000000000000e+00
0.000000000000000000e+00
0.000000000000000000e+00
0.000000000000000000e+00
0.000000000000000000e+00
0.000000000000000000e+00
0.000000000000000000e+00
0.000000000000000000e+00
0.000000000000000000e+00
0.000000000000000000e+00
0.000000000000000000e+00
0.000000000000000000e+00
0.000000000000000000e+00
0.000000000000000000e+00
1.190185509926779822e-02
0.000000000000000000e+00
0.000000000000000000e+00
0.000000000000000000e+00
0.000000000000000000e+00
0.000000000000000000e+00
0.000000000000000000e+00
7.873534911823312776e-02
0.000000000000000000e+00
0.000000000000000000e+00
0.000000000000000000e+00
0.000000000000000000e+00
0.000000000000000000e+00
0.000000000000000000e+00
0.000000000000000000e+00
1.903686464339295448e+00
0.000000000000000000e+00
0.000000000000000000e+00
0.000000000000000000e+00
0.000000000000000000e+00
0.000000000000000000e+00
0.000000000000000000e+00
0.000000000000000000e+00
0.000000000000000000e+00
6.585693154928181414e+00
0.000000000000000000e+00
0.000000000000000000e+00
0.000000000000000000e+00
0.000000000000000000e+00
0.000000000000000000e+00
0.000000000000000000e+00
0.000000000000000000e+00
0.000000000000000000e+00
6.684557031499530844e+00
1.696746773497923755e+01
0.000000000000000000e+00
0.000000000000000000e+00
0.000000000000000000e+00
0.000000000000000000e+00
0.000000000000000000e+00
0.000000000000000000e+00
0.000000000000000000e+00
0.000000000000000000e+00
1.268892182482587394e+00
2.220942853015019480e+01
8.573302956505903794e+00
0.000000000000000000e+00
0.000000000000000000e+00
0.000000000000000000e+00
0.000000000000000000e+00
0.000000000000000000e+00
0.000000000000000000e+00
0.000000000000000000e+00
0.000000000000000000e+00
2.148164374555507905e-01
3.444135923881308514e+00
4.245597033519972641e+00
4.804687350842876903e+00
0.000000000000000000e+00
0.000000000000000000e+00
0.000000000000000000e+00
0.000000000000000000e+00
0.000000000000000000e+00
0.000000000000000000e+00
0.000000000000000000e+00
0.000000000000000000e+00
7.625697015654092636e-02
1.679473965561578908e+00
1.367766898000711162e+00
2.617182300134221151e+00
4.508056500676510758e+00
0.000000000000000000e+00
0.000000000000000000e+00
0.000000000000000000e+00
0.000000000000000000e+00
0.000000000000000000e+00
0.000000000000000000e+00
0.000000000000000000e+00
0.000000000000000000e+00
0.000000000000000000e+00
1.143854552348113895e-01
1.757589033727233740e-01
1.458402053892324357e+00
3.779289366238595349e+00
4.225463736011844773e+00
0.000000000000000000e+00
0.000000000000000000e+00
0.000000000000000000e+00
0.000000000000000000e+00
0.000000000000000000e+00
0.000000000000000000e+00
0.000000000000000000e+00
0.000000000000000000e+00
0.000000000000000000e+00
0.000000000000000000e+00
3.812848507827046318e-02
5.077479430767564139e-01
2.826168951893035519e+00
4.531240997247308222e+00
3.879394410817750050e+00
0.000000000000000000e+00
0.000000000000000000e+00
0.000000000000000000e+00
0.000000000000000000e+00
0.000000000000000000e+00
0.000000000000000000e+00
0.000000000000000000e+00
0.000000000000000000e+00
0.000000000000000000e+00
0.000000000000000000e+00
0.000000000000000000e+00
3.812848507827046318e-02
1.308427391774718451e+00
3.880832584086355119e+00
4.741201517593896853e+00
3.446655166439243967e+00
0.000000000000000000e+00
0.000000000000000000e+00
0.000000000000000000e+00
0.000000000000000000e+00
0.000000000000000000e+00
0.000000000000000000e+00
0.000000000000000000e+00
0.000000000000000000e+00
0.000000000000000000e+00
0.000000000000000000e+00
0.000000000000000000e+00
0.000000000000000000e+00
6.100557612523274109e-01
2.499682181300954653e+00
5.289797280219617370e+00
4.448233349668424097e+00
3.067016506349778737e+00
0.000000000000000000e+00
0.000000000000000000e+00
0.000000000000000000e+00
0.000000000000000000e+00
0.000000000000000000e+00
0.000000000000000000e+00
0.000000000000000000e+00
0.000000000000000000e+00
0.000000000000000000e+00
0.000000000000000000e+00
0.000000000000000000e+00
0.000000000000000000e+00
4.607591924466504785e-01
2.058938194226604956e+00
4.022926010531223895e+00
5.742973059677684233e+00
4.326163279699477116e+00
2.673339760758612904e+00
0.000000000000000000e+00
0.000000000000000000e+00
0.000000000000000000e+00
0.000000000000000000e+00
0.000000000000000000e+00
0.000000000000000000e+00
0.000000000000000000e+00
0.000000000000000000e+00
0.000000000000000000e+00
0.000000000000000000e+00
0.000000000000000000e+00
0.000000000000000000e+00
3.128864419155261700e-01
1.711391286230416142e+00
5.032960030331700807e+00
6.034389015796835842e+00
6.031357646605544964e+00
4.235831427922456704e+00
2.290344167179610757e+00
0.000000000000000000e+00
0.000000000000000000e+00
0.000000000000000000e+00
0.000000000000000000e+00
0.000000000000000000e+00
0.000000000000000000e+00
0.000000000000000000e+00
0.000000000000000000e+00
0.000000000000000000e+00
0.000000000000000000e+00
0.000000000000000000e+00
0.000000000000000000e+00
3.099934838478819454e-01
1.355841248300613477e+00
3.356959830682739288e+00
6.824998829010413104e+00
7.323287640530140585e+00
6.377419150918978374e+00
4.011222499179594614e+00
2.002563414394750829e+00
0.000000000000000000e+00
0.000000000000000000e+00
0.000000000000000000e+00
0.000000000000000000e+00
0.000000000000000000e+00
0.000000000000000000e+00
0.000000000000000000e+00
0.000000000000000000e+00
0.000000000000000000e+00
0.000000000000000000e+00
0.000000000000000000e+00
0.000000000000000000e+00
0.000000000000000000e+00
7.749837096197048636e-01
1.877318651493157020e+00
6.253160468918828485e+00
9.913406120350320094e+00
8.455956128932136551e+00
6.097274123617627772e+00
3.610832669681448781e+00
1.745300238787500957e+00
0.000000000000000000e+00
0.000000000000000000e+00
0.000000000000000000e+00
0.000000000000000000e+00
0.000000000000000000e+00
0.000000000000000000e+00
0.000000000000000000e+00
0.000000000000000000e+00
0.000000000000000000e+00
0.000000000000000000e+00
0.000000000000000000e+00
0.000000000000000000e+00
0.000000000000000000e+00
0.000000000000000000e+00
2.479947870783055563e+00
6.362024318949032420e+00
1.066328416805105483e+01
1.086661824730708226e+01
8.983232839050305785e+00
6.352700472039447099e+00
3.330071508752870724e+00
1.532592725859561078e+00
0.000000000000000000e+00
0.000000000000000000e+00
0.000000000000000000e+00
0.000000000000000000e+00
0.000000000000000000e+00
0.000000000000000000e+00
0.000000000000000000e+00
0.000000000000000000e+00
0.000000000000000000e+00
0.000000000000000000e+00
0.000000000000000000e+00
0.000000000000000000e+00
0.000000000000000000e+00
2.961984274725674715e-01
2.189080473647392111e+00
4.339908773870346792e+00
9.803775180019821178e+00
9.807588524935846763e+00
1.303994189676849835e+01
8.631715032304859037e+00
5.330995078352168903e+00
2.805170207886399147e+00
1.304931600114592305e+00
0.000000000000000000e+00
0.000000000000000000e+00
0.000000000000000000e+00
0.000000000000000000e+00
0.000000000000000000e+00
0.000000000000000000e+00
0.000000000000000000e+00
0.000000000000000000e+00
0.000000000000000000e+00
0.000000000000000000e+00
0.000000000000000000e+00
0.000000000000000000e+00
0.000000000000000000e+00
0.000000000000000000e+00
1.184793709890269886e+00
4.597068994659522900e+00
9.764794741208280726e+00
1.397559440556016952e+01
1.375695303162142125e+01
1.212485825489000746e+01
8.084909555145275206e+00
5.092047849183369834e+00
2.470698216171484773e+00
1.114807094298083667e+00
0.000000000000000000e+00
0.000000000000000000e+00
0.000000000000000000e+00
0.000000000000000000e+00
0.000000000000000000e+00
0.000000000000000000e+00
0.000000000000000000e+00
0.000000000000000000e+00
0.000000000000000000e+00
0.000000000000000000e+00
0.000000000000000000e+00
0.000000000000000000e+00
0.000000000000000000e+00
0.000000000000000000e+00
3.858302793476471870e-01
3.554381129670809436e+00
8.756321894589568444e+00
1.146975890237163220e+01
1.522714017322227420e+01
1.546834431785183739e+01
1.140041703840286935e+01
6.932712299701866421e+00
4.663590748604834246e+00
2.270503301422412079e+00
9.594726264640501823e-01
0.000000000000000000e+00
0.000000000000000000e+00
0.000000000000000000e+00
0.000000000000000000e+00
0.000000000000000000e+00
0.000000000000000000e+00
0.000000000000000000e+00
0.000000000000000000e+00
0.000000000000000000e+00
0.000000000000000000e+00
0.000000000000000000e+00
0.000000000000000000e+00
0.000000000000000000e+00
0.000000000000000000e+00
0.000000000000000000e+00
3.472472514128824628e+00
7.404960686814186843e+00
1.401011503134330916e+01
1.766962857932927022e+01
1.700016334407692398e+01
1.599492625207658136e+01
1.037094794128956643e+01
7.225643805323072044e+00
3.946749061098437483e+00
2.023921760085139354e+00
8.303832750027609899e-01
0.000000000000000000e+00
0.000000000000000000e+00
0.000000000000000000e+00
0.000000000000000000e+00
0.000000000000000000e+00
0.000000000000000000e+00
0.000000000000000000e+00
0.000000000000000000e+00
0.000000000000000000e+00
0.000000000000000000e+00
0.000000000000000000e+00
0.000000000000000000e+00
0.000000000000000000e+00
0.000000000000000000e+00
0.000000000000000000e+00
4.852825635592212805e-01
5.787454190214707417e+00
1.332892923626553561e+01
1.685591964708491730e+01
2.324951128859114746e+01
1.700016334407692398e+01
1.336201658095286504e+01
9.265221874019722748e+00
6.073446549879663259e+00
3.394698566122246852e+00
1.645504543181403934e+00
6.820678499195776956e-01
0.000000000000000000e+00
0.000000000000000000e+00
0.000000000000000000e+00
0.000000000000000000e+00
0.000000000000000000e+00
0.000000000000000000e+00
0.000000000000000000e+00
0.000000000000000000e+00
0.000000000000000000e+00
0.000000000000000000e+00
0.000000000000000000e+00
0.000000000000000000e+00
0.000000000000000000e+00
0.000000000000000000e+00
0.000000000000000000e+00
1.181263764758946122e+00
5.823390762710655366e+00
1.234656893912470998e+01
1.806810407582661426e+01
2.013954035755600813e+01
2.014957645011232756e+01
1.710445882471543300e+01
1.263796642139384119e+01
8.197624291828150334e+00
5.292295868223114930e+00
3.180470015832978614e+00
1.462399438227983683e+00
6.179809378465972447e-01
0.000000000000000000e+00
0.000000000000000000e+00
0.000000000000000000e+00
0.000000000000000000e+00
0.000000000000000000e+00
0.000000000000000000e+00
0.000000000000000000e+00
0.000000000000000000e+00
0.000000000000000000e+00
0.000000000000000000e+00
0.000000000000000000e+00
0.000000000000000000e+00
0.000000000000000000e+00
0.000000000000000000e+00
8.001600123562556677e-01
1.394269717736181136e+00
6.496950706174203560e+00
1.116149896186209034e+01
2.392147731955412482e+01
2.488066790769566694e+01
2.429879325748605012e+01
1.673964812778562461e+01
1.209827575406701250e+01
1.059746142627296095e+01
8.159495806749879065e+00
4.628317788815048850e+00
2.719054676748401622e+00
1.284177136073321179e+00
5.078124842354260204e-01
0.000000000000000000e+00
0.000000000000000000e+00
0.000000000000000000e+00
0.000000000000000000e+00
0.000000000000000000e+00
0.000000000000000000e+00
0.000000000000000000e+00
0.000000000000000000e+00
0.000000000000000000e+00
0.000000000000000000e+00
0.000000000000000000e+00
0.000000000000000000e+00
0.000000000000000000e+00
0.000000000000000000e+00
0.000000000000000000e+00
8.001600123562556677e-01
4.879944012076633975e+00
1.004074200045104170e+01
2.086715023304651595e+01
2.700811955433530187e+01
2.665785847253107121e+01
2.079626449965022417e+01
1.797962206317715328e+01
1.314123056045209914e+01
9.281006590711102788e+00
5.871786702053650941e+00
4.296328749111015810e+00
2.554263484218195490e+00
1.174314073101268896e+00
4.565429545770416930e-01
0.000000000000000000e+00
0.000000000000000000e+00
0.000000000000000000e+00
0.000000000000000000e+00
0.000000000000000000e+00
0.000000000000000000e+00
0.000000000000000000e+00
0.000000000000000000e+00
0.000000000000000000e+00
0.000000000000000000e+00
0.000000000000000000e+00
0.000000000000000000e+00
0.000000000000000000e+00
0.000000000000000000e+00
9.825870786883099672e-01
8.960553845713439269e-01
2.400480037068767114e+00
9.759888024153267949e+00
1.771895647138419250e+01
2.426412817796106225e+01
2.199232592281589049e+01
2.399207262527796658e+01
1.707482769444965953e+01
1.363971328930680471e+01
1.345411700236762620e+01
8.425310947595894717e+00
6.176814582679814869e+00
3.710465737868604563e+00
2.208201979904762524e+00
1.037595594736048454e+00
3.921508667322851083e-01
0.000000000000000000e+00
0.000000000000000000e+00
0.000000000000000000e+00
0.000000000000000000e+00
0.000000000000000000e+00
0.000000000000000000e+00
0.000000000000000000e+00
0.000000000000000000e+00
0.000000000000000000e+00
0.000000000000000000e+00
0.000000000000000000e+00
0.000000000000000000e+00
0.000000000000000000e+00
0.000000000000000000e+00
0.000000000000000000e+00
9.825870786883099672e-01
3.584221538285375708e+00
7.201440111206300898e+00
1.533696689509799249e+01
2.067211588328155614e+01
2.329356305084262146e+01
2.314981676085882967e+01
2.073388992307972245e+01
1.707482769444965953e+01
1.224474261199133629e+01
9.803775180019821178e+00
7.108856112034036556e+00
4.880446090018619287e+00
3.046487658460538483e+00
1.598474567542999658e+00
8.764631023770386165e-01
3.369140520408114847e-01
0.000000000000000000e+00
0.000000000000000000e+00
0.000000000000000000e+00
0.000000000000000000e+00
0.000000000000000000e+00
0.000000000000000000e+00
0.000000000000000000e+00
0.000000000000000000e+00
0.000000000000000000e+00
0.000000000000000000e+00
0.000000000000000000e+00
0.000000000000000000e+00
0.000000000000000000e+00
0.000000000000000000e+00
0.000000000000000000e+00
1.058888938575228922e+00
1.965174157376619934e+00
9.856609230284783862e+00
1.280256019770009068e+01
2.927966407245980207e+01
3.425664917800943954e+01
2.183771536016495673e+01
1.813402312933941829e+01
2.458446948022309897e+01
1.619919550499070127e+01
1.239973935391527782e+01
7.926456528526663270e+00
7.174678853812128665e+00
4.499161239235914600e+00
2.792613686922160277e+00
1.647911925302061542e+00
7.250962156155444926e-01
2.807617100340095706e-01
0.000000000000000000e+00
0.000000000000000000e+00
0.000000000000000000e+00
0.000000000000000000e+00
0.000000000000000000e+00
0.000000000000000000e+00
0.000000000000000000e+00
0.000000000000000000e+00
0.000000000000000000e+00
0.000000000000000000e+00
0.000000000000000000e+00
0.000000000000000000e+00
0.000000000000000000e+00
0.000000000000000000e+00
0.000000000000000000e+00
0.000000000000000000e+00
0.000000000000000000e+00
2.947761236064930124e+00
1.433688615314150283e+01
2.560512039540018137e+01
2.649112463698744335e+01
2.894096223659418143e+01
2.377884561440184186e+01
2.160649564346824292e+01
1.954909621318945412e+01
1.182103455769591704e+01
1.131476216044769068e+01
6.883501722141575740e+00
5.463287567581713411e+00
3.279049716731259778e+00
2.597326016508023194e+00
1.540797650157427423e+00
6.616197792316921289e-01
2.627563394992198376e-01
0.000000000000000000e+00
0.000000000000000000e+00
0.000000000000000000e+00
0.000000000000000000e+00
0.000000000000000000e+00
0.000000000000000000e+00
0.000000000000000000e+00
0.000000000000000000e+00
0.000000000000000000e+00
0.000000000000000000e+00
0.000000000000000000e+00
0.000000000000000000e+00
0.000000000000000000e+00
0.000000000000000000e+00
0.000000000000000000e+00
0.000000000000000000e+00
2.250233972914781333e+00
3.176666815725686988e+00
1.670398033770127100e+01
2.419349538342628492e+01
2.800560043246894892e+01
3.067393379019598498e+01
3.189412164849154507e+01
2.377884561440184186e+01
2.430730759890177239e+01
1.629091351099120999e+01
1.422902307870804783e+01
1.022978496698010353e+01
9.178002296188768838e+00
4.607591924466505340e+00
3.393435171966071362e+00
2.050520539348439364e+00
1.186496586217484328e+00
5.908191386497029240e-01
2.151489191021486447e-01
0.000000000000000000e+00
0.000000000000000000e+00
0.000000000000000000e+00
0.000000000000000000e+00
0.000000000000000000e+00
0.000000000000000000e+00
0.000000000000000000e+00
0.000000000000000000e+00
0.000000000000000000e+00
0.000000000000000000e+00
0.000000000000000000e+00
0.000000000000000000e+00
0.000000000000000000e+00
0.000000000000000000e+00
0.000000000000000000e+00
0.000000000000000000e+00
2.364083160491854407e+00
4.500467945829562666e+00
7.412222570026602675e+00
2.358208988851944099e+01
2.777771692171166151e+01
2.960592045718145826e+01
2.788539435472362271e+01
2.894096223659418143e+01
2.329356305084262146e+01
1.890568368803471344e+01
1.451372294615580572e+01
1.050758627350748142e+01
8.059830580044931025e+00
5.110478551286927740e+00
3.225314347126553294e+00
2.668993955478932367e+00
1.425599994023200701e+00
9.475493570486853701e-01
4.467764560863455858e-01
1.712036079663906418e-01
0.000000000000000000e+00
0.000000000000000000e+00
0.000000000000000000e+00
0.000000000000000000e+00
0.000000000000000000e+00
0.000000000000000000e+00
0.000000000000000000e+00
0.000000000000000000e+00
0.000000000000000000e+00
0.000000000000000000e+00
0.000000000000000000e+00
0.000000000000000000e+00
0.000000000000000000e+00
0.000000000000000000e+00
0.000000000000000000e+00
0.000000000000000000e+00
0.000000000000000000e+00
0.000000000000000000e+00
5.625584932286953332e+00
1.906000089435412193e+01
2.161691573114281795e+01
3.046588307542569396e+01
2.880576044482520359e+01
2.927966407245980207e+01
2.598780282469681424e+01
2.135243279660573634e+01
1.543321117390588704e+01
1.036694496153986123e+01
5.691609231483218956e+00
6.664859902729461716e+00
4.067523744901840210e+00
3.883541764907482818e+00
2.135195164383145716e+00
1.581830130354510366e+00
8.404350819040513620e-01
3.906242239006300077e-01
1.635742136719881834e-01
0.000000000000000000e+00
0.000000000000000000e+00
0.000000000000000000e+00
0.000000000000000000e+00
0.000000000000000000e+00
0.000000000000000000e+00
0.000000000000000000e+00
0.000000000000000000e+00
0.000000000000000000e+00
0.000000000000000000e+00
0.000000000000000000e+00
0.000000000000000000e+00
0.000000000000000000e+00
0.000000000000000000e+00
0.000000000000000000e+00
0.000000000000000000e+00
0.000000000000000000e+00
1.230715447488967884e+00
1.182041580245927292e+01
1.575163781040346933e+01
2.329555664865503672e+01
2.358208988851944099e+01
2.777771692171166151e+01
2.640528040775643603e+01
2.161118062491080849e+01
1.771895647138419250e+01
1.552904203389508098e+01
9.259926704343532933e+00
1.155173867143013133e+01
8.099597752495350633e+00
5.579882709261875462e+00
3.754637302986314040e+00
2.962023380014181750e+00
2.020809709148334576e+00
1.367013692898959576e+00
6.921230086268658210e-01
3.466789987118091276e-01
1.446533158218701598e-01
0.000000000000000000e+00
0.000000000000000000e+00
0.000000000000000000e+00
0.000000000000000000e+00
0.000000000000000000e+00
0.000000000000000000e+00
0.000000000000000000e+00
0.000000000000000000e+00
0.000000000000000000e+00
0.000000000000000000e+00
0.000000000000000000e+00
0.000000000000000000e+00
0.000000000000000000e+00
0.000000000000000000e+00
0.000000000000000000e+00
0.000000000000000000e+00
0.000000000000000000e+00
1.272255159682329495e+00
3.692146342466903874e+00
1.891266528393483526e+01
2.700280767497737600e+01
2.329555664865503672e+01
3.439054775409084641e+01
2.777771692171166151e+01
2.080416032126264625e+01
2.509685491925126044e+01
2.008148400090208341e+01
6.793955889829097927e+00
1.041741754238647388e+01
1.007074653406729325e+01
6.786149468306915011e+00
4.959895741566111127e+00
3.754637302986314040e+00
2.830377896457995757e+00
1.715781828522170871e+00
1.249841090650477327e+00
7.497999260124379450e-01
3.124993791205040172e-01
1.257324179717521084e-01
0.000000000000000000e+00
0.000000000000000000e+00
0.000000000000000000e+00
0.000000000000000000e+00
0.000000000000000000e+00
0.000000000000000000e+00
0.000000000000000000e+00
0.000000000000000000e+00
0.000000000000000000e+00
0.000000000000000000e+00
0.000000000000000000e+00
0.000000000000000000e+00
0.000000000000000000e+00
0.000000000000000000e+00
0.000000000000000000e+00
0.000000000000000000e+00
0.000000000000000000e+00
3.923158970386321442e+00
6.361275798411647031e+00
8.615008132422774523e+00
1.891266528393483526e+01
3.600374356663650133e+01
3.388444603440732550e+01
2.161691573114281795e+01
2.419349538342628492e+01
2.320464035833141381e+01
2.021691090717462558e+01
1.535642894186629981e+01
1.213206408898053112e+01
7.330775307605296831e+00
7.108762259341618872e+00
7.223965563036394144e+00
4.339908773870346792e+00
3.024568938516753125e+00
2.303795962233252670e+00
1.487010918052548147e+00
8.592657498222031620e-01
5.520504949761906310e-01
3.124993791205040172e-01
1.202392540797823650e-01
0.000000000000000000e+00
0.000000000000000000e+00
0.000000000000000000e+00
0.000000000000000000e+00
0.000000000000000000e+00
0.000000000000000000e+00
0.000000000000000000e+00
0.000000000000000000e+00
0.000000000000000000e+00
0.000000000000000000e+00
0.000000000000000000e+00
0.000000000000000000e+00
0.000000000000000000e+00
0.000000000000000000e+00
0.000000000000000000e+00
0.000000000000000000e+00
1.364076919001420141e+00
1.338054815040071732e+00
5.230878627181762219e+00
6.361275798411647031e+00
1.599930081735658227e+01
2.009470686418076113e+01
3.262839260726433110e+01
3.070777921868164029e+01
2.849502528196098794e+01
2.060927384514091187e+01
2.000400030890639158e+01
1.115415774188944908e+01
7.678214470933149904e+00
8.735086144065983049e+00
5.787454190214707417e+00
4.739174839561079544e+00
3.283620710471088167e+00
3.099934838478819454e+00
2.190205093408683190e+00
1.645568544452323145e+00
7.625697015654092636e-01
9.569095850292717031e-01
4.943735775906184515e-01
2.050777175478307734e-01
8.972167690217262848e-02
0.000000000000000000e+00
0.000000000000000000e+00
0.000000000000000000e+00
0.000000000000000000e+00
0.000000000000000000e+00
0.000000000000000000e+00
0.000000000000000000e+00
0.000000000000000000e+00
0.000000000000000000e+00
0.000000000000000000e+00
0.000000000000000000e+00
0.000000000000000000e+00
0.000000000000000000e+00
0.000000000000000000e+00
0.000000000000000000e+00
0.000000000000000000e+00
0.000000000000000000e+00
0.000000000000000000e+00
5.352219260160286929e+00
3.923158970386321442e+00
1.272255159682329406e+01
2.338359350229038824e+01
3.073308108639410818e+01
3.262839260726433110e+01
2.223666771007980714e+01
1.473880618032464973e+01
8.960553845713439713e+00
1.440288022241260180e+01
1.254842745962563022e+01
1.122200576520998894e+01
4.367543072032991525e+00
7.716605586952943518e+00
5.035373267033646627e+00
4.378160947294784222e+00
3.719921806174583345e+00
2.190205093408683190e+00
1.382277577339951380e+00
8.769551568002206254e-01
8.592657498222031620e-01
4.614153390845772140e-01
1.757809007552835201e-01
6.958007596495020819e-02
0.000000000000000000e+00
0.000000000000000000e+00
0.000000000000000000e+00
0.000000000000000000e+00
0.000000000000000000e+00
0.000000000000000000e+00
0.000000000000000000e+00
0.000000000000000000e+00
0.000000000000000000e+00
0.000000000000000000e+00
0.000000000000000000e+00
0.000000000000000000e+00
0.000000000000000000e+00
0.000000000000000000e+00
0.000000000000000000e+00
0.000000000000000000e+00
0.000000000000000000e+00
0.000000000000000000e+00
0.000000000000000000e+00
4.014164445120215419e+00
1.569263588154528577e+01
2.290059287428193002e+01
2.707573984475729389e+01
3.191512266664003405e+01
2.025210575623303200e+01
1.694222301720366275e+01
1.768656741638957897e+01
5.376332307428063118e+00
9.601920148275068456e+00
7.668483447548996246e+00
1.535642894186629981e+01
4.852825635592212805e+00
6.559114748910002568e+00
3.258182702198242353e+00
2.845804615741609478e+00
2.324951128859114480e+00
1.564432209577630850e+00
1.250632093783765608e+00
1.067597582191572858e+00
5.468054771595838304e-01
2.883845869278607865e-01
1.782223021546624486e-01
7.446288831336776715e-02
0.000000000000000000e+00
0.000000000000000000e+00
0.000000000000000000e+00
0.000000000000000000e+00
0.000000000000000000e+00
0.000000000000000000e+00
0.000000000000000000e+00
0.000000000000000000e+00
0.000000000000000000e+00
0.000000000000000000e+00
0.000000000000000000e+00
0.000000000000000000e+00
0.000000000000000000e+00
0.000000000000000000e+00
0.000000000000000000e+00
0.000000000000000000e+00
0.000000000000000000e+00
2.811661107804137583e+00
2.772952782428174334e+00
8.184461514008521732e+00
1.338054815040071688e+01
1.700035553834072743e+01
2.544510319364658812e+01
3.076788618722419599e+01
1.300245738270519880e+01
1.912698876977564311e+01
2.011888983292934796e+01
1.179104494425972049e+01
5.376332307428063118e+00
1.040208016063132312e+01
6.971348588680905678e+00
4.134423176656311760e+00
4.852825635592212805e+00
3.472472514128824628e+00
2.369587419780539772e+00
1.970172426282652767e+00
1.859960903087291673e+00
1.981614132131665817e+00
1.316454835561858605e+00
4.194133358609750672e-01
3.905753408282741646e-01
2.224681099157783115e-01
1.489254853621151953e-01
6.500243938830874146e-02
0.000000000000000000e+00
0.000000000000000000e+00
0.000000000000000000e+00
0.000000000000000000e+00
0.000000000000000000e+00
0.000000000000000000e+00
0.000000000000000000e+00
0.000000000000000000e+00
0.000000000000000000e+00
0.000000000000000000e+00
0.000000000000000000e+00
0.000000000000000000e+00
0.000000000000000000e+00
0.000000000000000000e+00
0.000000000000000000e+00
0.000000000000000000e+00
0.000000000000000000e+00
0.000000000000000000e+00
2.811661107804137583e+00
4.159429173642261723e+00
1.091261535201136113e+01
1.739471259552093230e+01
3.792387004706777276e+01
2.671735835332891895e+01
1.599930081735658227e+01
2.127674844442669055e+01
2.475257370206259466e+01
1.694222301720366275e+01
1.965174157376619846e+01
8.960553845713439713e+00
1.120224017298757957e+01
7.668483447548996246e+00
1.004074200045104170e+01
2.426412817796106403e+00
3.858302793476471759e+00
4.442976412088512461e+00
2.189080473647392111e+00
2.789941354630937731e+00
1.877318651493157020e+00
5.924046760028363057e-01
7.625697015654092636e-01
4.296328749111015810e-01
2.883845869278607865e-01
1.562496895602520086e-01
5.554199046324972272e-02
0.000000000000000000e+00
0.000000000000000000e+00
0.000000000000000000e+00
0.000000000000000000e+00
0.000000000000000000e+00
0.000000000000000000e+00
0.000000000000000000e+00
0.000000000000000000e+00
0.000000000000000000e+00
0.000000000000000000e+00
0.000000000000000000e+00
0.000000000000000000e+00
0.000000000000000000e+00
0.000000000000000000e+00
0.000000000000000000e+00
0.000000000000000000e+00
0.000000000000000000e+00
1.437240467635767294e+00
2.845238559429585923e+00
5.623322215608275165e+00
1.941066947699722078e+01
2.318930762302414195e+01
2.140887704064114772e+01
1.830807519513616910e+01
2.290059287428193002e+01
8.615008132422774523e+00
1.063837422221334528e+01
1.125116986457390666e+01
9.530000447177060963e+00
6.878109550818169993e+00
8.064498461142095564e+00
8.001600123562557343e+00
4.182809153208543407e+00
6.496950706174203560e+00
2.911695381355327683e+00
1.929151396738235880e+00
2.369587419780539772e+00
1.094540236823696056e+00
1.239973935391527782e+00
1.564432209577630850e+00
6.582274177809293025e-01
5.337987910957864290e-01
4.686904089939289975e-01
1.977494310362473695e-01
1.220700699689468843e-01
4.638671730996680315e-02
0.000000000000000000e+00
0.000000000000000000e+00
0.000000000000000000e+00
0.000000000000000000e+00
0.000000000000000000e+00
0.000000000000000000e+00
0.000000000000000000e+00
0.000000000000000000e+00
0.000000000000000000e+00
0.000000000000000000e+00
0.000000000000000000e+00
0.000000000000000000e+00
0.000000000000000000e+00
0.000000000000000000e+00
0.000000000000000000e+00
0.000000000000000000e+00
0.000000000000000000e+00
0.000000000000000000e+00
0.000000000000000000e+00
8.535715678288758212e+00
9.840813877314481317e+00
1.109181112971269734e+01
1.909707686601988286e+01
2.007082222560107709e+01
2.223123416552249054e+01
2.035608255491727192e+01
1.599930081735658227e+01
9.456332641967417629e+00
1.125116986457390666e+01
1.058888938575228877e+01
6.878109550818169993e+00
5.376332307428063118e+00
6.401280098850045341e+00
4.182809153208543407e+00
2.953159411897365416e+00
3.882260508473770244e+00
2.700811955433530365e+00
1.777190564835404718e+00
1.970172426282652767e+00
7.749837096197048636e-01
8.343638451080698237e-01
9.215183848933009569e-01
5.337987910957864290e-01
4.101041078696878728e-01
2.059889906627576928e-01
1.171872671701890134e-01
4.425048690753412284e-02
0.000000000000000000e+00
0.000000000000000000e+00
0.000000000000000000e+00
0.000000000000000000e+00
0.000000000000000000e+00
0.000000000000000000e+00
0.000000000000000000e+00
0.000000000000000000e+00
0.000000000000000000e+00
0.000000000000000000e+00
0.000000000000000000e+00
0.000000000000000000e+00
0.000000000000000000e+00
0.000000000000000000e+00
0.000000000000000000e+00
0.000000000000000000e+00
0.000000000000000000e+00
0.000000000000000000e+00
0.000000000000000000e+00
0.000000000000000000e+00
9.958334958003550952e+00
1.265247498511861934e+01
1.941066947699722078e+01
1.364076919001420052e+01
6.690274075200358439e+00
1.176947691115896433e+01
2.035608255491727192e+01
1.476858536986761550e+01
9.456332641967417629e+00
7.875818905201734665e+00
4.235555754300915687e+00
7.860696629506479738e+00
3.584221538285375708e+00
8.001600123562557343e+00
2.091404576604271703e+00
3.543791294276838144e+00
1.455847690677663842e+00
2.700811955433530365e+00
8.885952824177023590e-01
1.313448284188435178e+00
6.199869676957638909e-01
1.042954806385087307e+00
4.607591924466504785e-01
5.719272761740569200e-01
2.343452044969644987e-01
1.400725136506752178e-01
1.025388587739153867e-01
3.448486221069900493e-02
0.000000000000000000e+00
0.000000000000000000e+00
0.000000000000000000e+00
0.000000000000000000e+00
0.000000000000000000e+00
0.000000000000000000e+00
0.000000000000000000e+00
0.000000000000000000e+00
0.000000000000000000e+00
0.000000000000000000e+00
0.000000000000000000e+00
0.000000000000000000e+00
0.000000000000000000e+00
0.000000000000000000e+00
0.000000000000000000e+00
0.000000000000000000e+00
0.000000000000000000e+00
0.000000000000000000e+00
1.461243764860584493e+00
1.450024003277625040e+00
7.186202338178836690e+00
9.958334958003550952e+00
1.686996664682482461e+01
1.663771669456904689e+01
1.636892302801704346e+01
1.204249333536064626e+01
7.846317940772642885e+00
1.017804127745863596e+01
8.615008132422774523e+00
9.456332641967417629e+00
5.625584932286953332e+00
6.353333631451373975e+00
2.947761236064930124e+00
2.688166153714031559e+00
4.000800061781278671e+00
2.091404576604271703e+00
1.771895647138419072e+00
1.455847690677663842e+00
1.929151396738235880e+00
1.777190564835404718e+00
2.189080473647392056e-01
1.239973935391527782e+00
5.214774031925436537e-01
9.873411266713939538e-01
2.668993955478932145e-01
1.562301363313096658e-01
1.647911925302061598e-01
8.056624617950494671e-02
2.716064368807266649e-02
0.000000000000000000e+00
0.000000000000000000e+00
0.000000000000000000e+00
0.000000000000000000e+00
0.000000000000000000e+00
0.000000000000000000e+00
0.000000000000000000e+00
0.000000000000000000e+00
0.000000000000000000e+00
0.000000000000000000e+00
0.000000000000000000e+00
0.000000000000000000e+00
0.000000000000000000e+00
0.000000000000000000e+00
0.000000000000000000e+00
0.000000000000000000e+00
0.000000000000000000e+00
1.479865982045772466e+00
0.000000000000000000e+00
1.461243764860584493e+00
2.900048006555250080e+00
7.186202338178836690e+00
1.707143135657751642e+01
1.686996664682482461e+01
1.663771669456904689e+01
1.909707686601988286e+01
1.338054815040071688e+01
1.176947691115896433e+01
6.361275798411647031e+00
6.153577237444839199e+00
4.728166320983708815e+00
2.250233972914781333e+00
6.353333631451373975e+00
4.912935393441549614e+00
4.480276922856719857e+00
3.200640049425022671e+00
2.788539435472362271e+00
2.953159411897365416e+00
3.396977944914548964e+00
3.858302793476471870e-01
5.923968549451349430e-01
1.532356331553174522e+00
6.199869676957638909e-01
6.257728838310523400e-01
3.949364506685575371e-01
2.287709104696227791e-01
2.929315056212056234e-01
9.063515589161338926e-02
6.347643638385237763e-02
2.868652254695315540e-02
0.000000000000000000e+00
0.000000000000000000e+00
0.000000000000000000e+00
0.000000000000000000e+00
0.000000000000000000e+00
0.000000000000000000e+00
0.000000000000000000e+00
0.000000000000000000e+00
0.000000000000000000e+00
0.000000000000000000e+00
0.000000000000000000e+00
0.000000000000000000e+00
0.000000000000000000e+00
0.000000000000000000e+00
0.000000000000000000e+00
0.000000000000000000e+00
0.000000000000000000e+00
0.000000000000000000e+00
1.479865982045772466e+00
0.000000000000000000e+00
4.383731294581753701e+00
8.700144019665749795e+00
1.149792374108613835e+01
1.849405063629230739e+01
1.827579720072689540e+01
1.247828752092678428e+01
9.548538433009941429e+00
1.204249333536064626e+01
9.154037597568084550e+00
1.272255159682329406e+01
4.922861789955871537e+00
2.364083160491854407e+00
6.750701918744343999e+00
5.294444692876144387e+00
0.000000000000000000e+00
1.792110769142687854e+00
0.000000000000000000e+00
4.879944012076633975e+00
5.906318823794730610e-01
0.000000000000000000e+00
1.157490838042941617e+00
1.480992137362837413e+00
6.567241420942175889e-01
9.299804515436458363e-01
7.300683644695611374e-01
6.582274177809293025e-01
2.668993955478932145e-01
1.952876704141370823e-01
9.063515589161338926e-02
6.591783778323132004e-02
2.136230402432681696e-02
0.000000000000000000e+00
0.000000000000000000e+00
0.000000000000000000e+00
0.000000000000000000e+00
0.000000000000000000e+00
0.000000000000000000e+00
0.000000000000000000e+00
0.000000000000000000e+00
0.000000000000000000e+00
0.000000000000000000e+00
0.000000000000000000e+00
0.000000000000000000e+00
0.000000000000000000e+00
0.000000000000000000e+00
0.000000000000000000e+00
0.000000000000000000e+00
0.000000000000000000e+00
0.000000000000000000e+00
0.000000000000000000e+00
0.000000000000000000e+00
1.471127674303734700e+00
1.022870635402409079e+01
8.700144019665749795e+00
2.299584748217227670e+01
1.564881207686272191e+01
8.434983323412412304e+00
1.109181112971269734e+01
6.820384595007100259e+00
9.366383705280501459e+00
7.846317940772642885e+00
5.089020638729317980e+00
3.692146342466903874e+00
5.910207901229636462e+00
2.250233972914781333e+00
1.058888938575228922e+00
0.000000000000000000e+00
2.688166153714031559e+00
0.000000000000000000e+00
0.000000000000000000e+00
5.906318823794730610e-01
1.455847690677663842e+00
7.716605586952943741e-01
8.885952824177023590e-01
4.378160947294784111e-01
6.199869676957638909e-01
4.171819225540349119e-01
2.632909671123717099e-01
1.143854552348113895e-01
1.562301363313096658e-01
1.153538347711443035e-01
4.638662658819981549e-02
1.434326127347657770e-02
0.000000000000000000e+00
0.000000000000000000e+00
0.000000000000000000e+00
0.000000000000000000e+00
0.000000000000000000e+00
0.000000000000000000e+00
0.000000000000000000e+00
0.000000000000000000e+00
0.000000000000000000e+00
0.000000000000000000e+00
0.000000000000000000e+00
0.000000000000000000e+00
0.000000000000000000e+00
0.000000000000000000e+00
0.000000000000000000e+00
0.000000000000000000e+00
0.000000000000000000e+00
0.000000000000000000e+00
0.000000000000000000e+00
1.487618036407947875e+00
2.959731964091544931e+00
1.324014906873361141e+01
2.630238776749052221e+01
1.160019202622100032e+01
7.186202338178836690e+00
1.138095423771834369e+01
5.623322215608275165e+00
9.705334738498610392e+00
6.820384595007100259e+00
5.352219260160286929e+00
6.538598283977202996e+00
3.816765479046988485e+00
1.230715447488967884e+00
3.546124740737781611e+00
1.125116986457390666e+00
2.117777877150457844e+00
3.930348314753239869e+00
1.792110769142687854e+00
0.000000000000000000e+00
0.000000000000000000e+00
1.771895647138419072e+00
4.852825635592212805e-01
1.157490838042941617e+00
8.885952824177023590e-01
1.094540236823696056e+00
6.199869676957638909e-01
6.257728838310523400e-01
2.632909671123717099e-01
2.287709104696227791e-01
1.562301363313096658e-01
4.943735775906184238e-02
6.103503498447344217e-02
1.739501899123755205e-02
0.000000000000000000e+00
0.000000000000000000e+00
0.000000000000000000e+00
0.000000000000000000e+00
0.000000000000000000e+00
0.000000000000000000e+00
0.000000000000000000e+00
0.000000000000000000e+00
0.000000000000000000e+00
0.000000000000000000e+00
0.000000000000000000e+00
0.000000000000000000e+00
0.000000000000000000e+00
0.000000000000000000e+00
0.000000000000000000e+00
0.000000000000000000e+00
0.000000000000000000e+00
0.000000000000000000e+00
0.000000000000000000e+00
0.000000000000000000e+00
2.975236072815895749e+00
1.183892785636617973e+01
1.029789372012614379e+01
7.306218824302922243e+00
5.800096013110500159e+00
7.186202338178836690e+00
9.958334958003550952e+00
5.623322215608275165e+00
8.318858347284523447e+00
4.092230757004260866e+00
9.366383705280501459e+00
5.230878627181762219e+00
1.272255159682329495e+00
1.230715447488967884e+00
0.000000000000000000e+00
0.000000000000000000e+00
3.176666815725686988e+00
3.930348314753239869e+00
4.480276922856719857e+00
0.000000000000000000e+00
2.788539435472362271e+00
1.181263764758946122e+00
4.852825635592212805e-01
1.157490838042941617e+00
1.184793709890269886e+00
4.378160947294784111e-01
6.199869676957638909e-01
2.085909612770174559e-01
1.974682253342787686e-01
2.287709104696227791e-01
1.367013692898959576e-01
8.239559626510307988e-02
3.417961959130512428e-02
1.464843704525267340e-02
0.000000000000000000e+00
0.000000000000000000e+00
0.000000000000000000e+00
0.000000000000000000e+00
0.000000000000000000e+00
0.000000000000000000e+00
0.000000000000000000e+00
0.000000000000000000e+00
0.000000000000000000e+00
0.000000000000000000e+00
0.000000000000000000e+00
0.000000000000000000e+00
0.000000000000000000e+00
0.000000000000000000e+00
0.000000000000000000e+00
0.000000000000000000e+00
0.000000000000000000e+00
0.000000000000000000e+00
0.000000000000000000e+00
0.000000000000000000e+00
4.483553369481915851e+00
1.041332625485563490e+01
7.399329910228862772e+00
7.355638371518673502e+00
8.767462589163507403e+00
5.800096013110500159e+00
1.149792374108613835e+01
4.267857839144379106e+00
0.000000000000000000e+00
1.247828752092678428e+01
0.000000000000000000e+00
2.676109630080143464e+00
3.923158970386321442e+00
2.544510319364658990e+00
0.000000000000000000e+00
4.728166320983708815e+00
2.250233972914781333e+00
3.176666815725686988e+00
9.825870786883099672e-01
0.000000000000000000e+00
1.600320024712511335e+00
1.394269717736181136e+00
1.771895647138419072e+00
1.941130254236885122e+00
1.157490838042941617e+00
5.923968549451349430e-01
2.189080473647392056e-01
9.299804515436458363e-01
6.257728838310523400e-01
1.316454835561858550e-01
1.143854552348113895e-01
9.764383520706854114e-02
5.767691738557215175e-02
1.953121119503150108e-02
1.312255818637218796e-02
0.000000000000000000e+00
0.000000000000000000e+00
0.000000000000000000e+00
0.000000000000000000e+00
0.000000000000000000e+00
0.000000000000000000e+00
0.000000000000000000e+00
0.000000000000000000e+00
0.000000000000000000e+00
0.000000000000000000e+00
0.000000000000000000e+00
0.000000000000000000e+00
0.000000000000000000e+00
0.000000000000000000e+00
0.000000000000000000e+00
0.000000000000000000e+00
0.000000000000000000e+00
0.000000000000000000e+00
0.000000000000000000e+00
3.012390419957152510e+00
3.001356539728552875e+00
4.483553369481915851e+00
5.950472145631791498e+00
1.183892785636617973e+01
4.413383022911204101e+00
7.306218824302922243e+00
7.250120016388125421e+00
1.437240467635767294e+00
1.422619279714792961e+00
5.623322215608275165e+00
1.386476391214087167e+00
2.728153838002840281e+00
4.014164445120215419e+00
3.923158970386321442e+00
5.089020638729317980e+00
1.230715447488967884e+00
2.364083160491854407e+00
0.000000000000000000e+00
1.058888938575228922e+00
0.000000000000000000e+00
8.960553845713439269e-01
1.600320024712511335e+00
0.000000000000000000e+00
1.771895647138419072e+00
4.852825635592212805e-01
1.929151396738235880e+00
0.000000000000000000e+00
2.189080473647392056e-01
1.549967419239409727e-01
0.000000000000000000e+00
1.974682253342787686e-01
7.625697015654092636e-02
1.367013692898959576e-01
4.119779813255153994e-02
3.417961959130512428e-02
1.403808550170048026e-02
0.000000000000000000e+00
0.000000000000000000e+00
0.000000000000000000e+00
0.000000000000000000e+00
0.000000000000000000e+00
0.000000000000000000e+00
0.000000000000000000e+00
0.000000000000000000e+00
0.000000000000000000e+00
0.000000000000000000e+00
0.000000000000000000e+00
0.000000000000000000e+00
0.000000000000000000e+00
0.000000000000000000e+00
0.000000000000000000e+00
0.000000000000000000e+00
0.000000000000000000e+00
0.000000000000000000e+00
0.000000000000000000e+00
1.511150001924220776e+00
3.012390419957152510e+00
4.502034809592829312e+00
1.195614231861844168e+01
4.462854109223843402e+00
8.879195892274633906e+00
1.471127674303734700e+00
1.461243764860584493e+00
7.250120016388125421e+00
0.000000000000000000e+00
8.535715678288758212e+00
2.811661107804137583e+00
2.772952782428174334e+00
2.728153838002840281e+00
0.000000000000000000e+00
0.000000000000000000e+00
1.272255159682329495e+00
0.000000000000000000e+00
2.364083160491854407e+00
1.125116986457390666e+00
0.000000000000000000e+00
9.825870786883099672e-01
8.960553845713439269e-01
8.001600123562556677e-01
0.000000000000000000e+00
5.906318823794730610e-01
0.000000000000000000e+00
7.716605586952943741e-01
2.961984274725674715e-01
4.378160947294784111e-01
4.649902257718229182e-01
2.085909612770174559e-01
6.582274177809292748e-02
3.812848507827046318e-02
3.905753408282741646e-02
2.471867887953092119e-02
1.953121119503150108e-02
7.934570066178531569e-03
0.000000000000000000e+00
0.000000000000000000e+00
0.000000000000000000e+00
0.000000000000000000e+00
0.000000000000000000e+00
0.000000000000000000e+00
0.000000000000000000e+00
0.000000000000000000e+00
0.000000000000000000e+00
0.000000000000000000e+00
0.000000000000000000e+00
0.000000000000000000e+00
0.000000000000000000e+00
0.000000000000000000e+00
0.000000000000000000e+00
0.000000000000000000e+00
0.000000000000000000e+00
0.000000000000000000e+00
0.000000000000000000e+00
1.515612101736341533e+00
0.000000000000000000e+00
0.000000000000000000e+00
9.004069619185658624e+00
8.967106738963831702e+00
1.487618036407947919e+01
5.919463928183089863e+00
5.884510697214938801e+00
4.383731294581753701e+00
4.350072009832874897e+00
5.748961870543069175e+00
5.690477118859171846e+00
2.811661107804137583e+00
1.386476391214087167e+00
0.000000000000000000e+00
0.000000000000000000e+00
0.000000000000000000e+00
2.544510319364658990e+00
2.461430894977935768e+00
0.000000000000000000e+00
0.000000000000000000e+00
1.058888938575228922e+00
0.000000000000000000e+00
8.960553845713439269e-01
0.000000000000000000e+00
1.394269717736181136e+00
0.000000000000000000e+00
0.000000000000000000e+00
7.716605586952943741e-01
5.923968549451349430e-01
2.189080473647392056e-01
1.549967419239409727e-01
0.000000000000000000e+00
1.974682253342787686e-01
1.143854552348113895e-01
3.905753408282741646e-02
3.295823850604123056e-02
2.441401399378937548e-02
9.460448925059018743e-03
0.000000000000000000e+00
0.000000000000000000e+00
0.000000000000000000e+00
0.000000000000000000e+00
0.000000000000000000e+00
0.000000000000000000e+00
0.000000000000000000e+00
0.000000000000000000e+00
0.000000000000000000e+00
0.000000000000000000e+00
0.000000000000000000e+00
0.000000000000000000e+00
0.000000000000000000e+00
0.000000000000000000e+00
0.000000000000000000e+00
0.000000000000000000e+00
0.000000000000000000e+00
0.000000000000000000e+00
0.000000000000000000e+00
1.519640995800313421e+00
1.515612101736341533e+00
7.555750009621103658e+00
1.355575688980718674e+01
1.200542615891421150e+01
8.967106738963831702e+00
7.438090182039739595e+00
1.479865982045772466e+00
0.000000000000000000e+00
5.844975059442337972e+00
0.000000000000000000e+00
0.000000000000000000e+00
4.267857839144379106e+00
1.405830553902068791e+00
0.000000000000000000e+00
0.000000000000000000e+00
0.000000000000000000e+00
1.307719656795440555e+00
0.000000000000000000e+00
1.230715447488967884e+00
0.000000000000000000e+00
1.125116986457390666e+00
1.058888938575228922e+00
0.000000000000000000e+00
8.960553845713439269e-01
0.000000000000000000e+00
2.091404576604271703e+00
5.906318823794730610e-01
0.000000000000000000e+00
0.000000000000000000e+00
8.885952824177023590e-01
0.000000000000000000e+00
1.549967419239409727e-01
1.042954806385087280e-01
1.974682253342787686e-01
1.143854552348113895e-01
1.952876704141370823e-02
4.943735775906184238e-02
2.929681679254725335e-02
5.187988120193655524e-03
0.000000000000000000e+00
0.000000000000000000e+00
0.000000000000000000e+00
0.000000000000000000e+00
0.000000000000000000e+00
0.000000000000000000e+00
0.000000000000000000e+00
0.000000000000000000e+00
0.000000000000000000e+00
0.000000000000000000e+00
0.000000000000000000e+00
0.000000000000000000e+00
0.000000000000000000e+00
0.000000000000000000e+00
0.000000000000000000e+00
0.000000000000000000e+00
0.000000000000000000e+00
0.000000000000000000e+00
0.000000000000000000e+00
0.000000000000000000e+00
6.078563983201253684e+00
9.093672610418050084e+00
6.044600007696883104e+00
9.037171259871456641e+00
3.001356539728552875e+00
5.978071159309220839e+00
4.462854109223843402e+00
4.439597946137316953e+00
4.413383022911204101e+00
2.922487529721168986e+00
2.900048006555250080e+00
2.874480935271534587e+00
1.422619279714792961e+00
0.000000000000000000e+00
0.000000000000000000e+00
0.000000000000000000e+00
1.338054815040071732e+00
1.307719656795440555e+00
0.000000000000000000e+00
1.230715447488967884e+00
0.000000000000000000e+00
3.375350959372171999e+00
3.176666815725686988e+00
0.000000000000000000e+00
8.960553845713439269e-01
8.001600123562556677e-01
6.971348588680905678e-01
0.000000000000000000e+00
0.000000000000000000e+00
0.000000000000000000e+00
0.000000000000000000e+00
2.189080473647392056e-01
1.549967419239409727e-01
1.042954806385087280e-01
1.974682253342787686e-01
3.812848507827046318e-02
5.858630112424112468e-02
1.647911925302061528e-02
1.220700699689468774e-02
7.019042750850240132e-03
0.000000000000000000e+00
0.000000000000000000e+00
0.000000000000000000e+00
0.000000000000000000e+00
0.000000000000000000e+00
0.000000000000000000e+00
0.000000000000000000e+00
0.000000000000000000e+00
0.000000000000000000e+00
0.000000000000000000e+00
0.000000000000000000e+00
0.000000000000000000e+00
0.000000000000000000e+00
0.000000000000000000e+00
0.000000000000000000e+00
0.000000000000000000e+00
0.000000000000000000e+00
0.000000000000000000e+00
0.000000000000000000e+00
0.000000000000000000e+00
1.523287812427410515e+00
1.519640995800313421e+00
7.578060508681707219e+00
4.533450005772662550e+00
3.012390419957152510e+00
6.002713079457105749e+00
7.472588949136525827e+00
1.487618036407947875e+00
1.479865982045772466e+00
2.942255348607469401e+00
2.922487529721168986e+00
1.450024003277625040e+00
0.000000000000000000e+00
1.422619279714792961e+00
0.000000000000000000e+00
0.000000000000000000e+00
2.728153838002840281e+00
0.000000000000000000e+00
1.307719656795440555e+00
0.000000000000000000e+00
1.230715447488967884e+00
0.000000000000000000e+00
0.000000000000000000e+00
1.058888938575228922e+00
0.000000000000000000e+00
8.960553845713439269e-01
1.600320024712511335e+00
0.000000000000000000e+00
5.906318823794730610e-01
0.000000000000000000e+00
7.716605586952943741e-01
2.961984274725674715e-01
2.189080473647392056e-01
3.099934838478819454e-01
0.000000000000000000e+00
2.632909671123717099e-01
7.625697015654092636e-02
1.952876704141370823e-02
3.295823850604123056e-02
1.220700699689468774e-02
7.629394294402434135e-03
0.000000000000000000e+00
0.000000000000000000e+00
0.000000000000000000e+00
0.000000000000000000e+00
0.000000000000000000e+00
0.000000000000000000e+00
0.000000000000000000e+00
0.000000000000000000e+00
0.000000000000000000e+00
0.000000000000000000e+00
0.000000000000000000e+00
0.000000000000000000e+00
0.000000000000000000e+00
0.000000000000000000e+00
0.000000000000000000e+00
0.000000000000000000e+00
0.000000000000000000e+00
0.000000000000000000e+00
0.000000000000000000e+00
0.000000000000000000e+00
0.000000000000000000e+00
0.000000000000000000e+00
4.558922987400940485e+00
6.062448406945366131e+00
4.533450005772662550e+00
4.518585629935728321e+00
1.500678269864276437e+00
1.494517789827305210e+00
4.462854109223843402e+00
0.000000000000000000e+00
2.942255348607469401e+00
1.461243764860584493e+00
1.450024003277625040e+00
0.000000000000000000e+00
2.845238559429585923e+00
0.000000000000000000e+00
0.000000000000000000e+00
0.000000000000000000e+00
0.000000000000000000e+00
0.000000000000000000e+00
0.000000000000000000e+00
0.000000000000000000e+00
2.364083160491854407e+00
0.000000000000000000e+00
0.000000000000000000e+00
0.000000000000000000e+00
8.960553845713439269e-01
8.001600123562556677e-01
6.971348588680905678e-01
1.181263764758946122e+00
0.000000000000000000e+00
0.000000000000000000e+00
0.000000000000000000e+00
4.378160947294784111e-01
1.549967419239409727e-01
1.042954806385087280e-01
6.582274177809292748e-02
3.812848507827046318e-02
1.952876704141370823e-02
2.471867887953092119e-02
1.220700699689468774e-02
2.746581945984876479e-03
0.000000000000000000e+00
0.000000000000000000e+00
0.000000000000000000e+00
0.000000000000000000e+00
0.000000000000000000e+00
0.000000000000000000e+00
0.000000000000000000e+00
0.000000000000000000e+00
0.000000000000000000e+00
0.000000000000000000e+00
0.000000000000000000e+00
0.000000000000000000e+00
0.000000000000000000e+00
0.000000000000000000e+00
0.000000000000000000e+00
0.000000000000000000e+00
0.000000000000000000e+00
0.000000000000000000e+00
0.000000000000000000e+00
0.000000000000000000e+00
1.529605657132143248e+00
1.526596647263466888e+00
4.569863437282231544e+00
3.039281991600626842e+00
3.031224203472683065e+00
7.555750009621103658e+00
3.012390419957152510e+00
0.000000000000000000e+00
2.989035579654610419e+00
0.000000000000000000e+00
1.479865982045772466e+00
1.471127674303734700e+00
0.000000000000000000e+00
0.000000000000000000e+00
0.000000000000000000e+00
1.422619279714792961e+00
2.811661107804137583e+00
0.000000000000000000e+00
1.364076919001420141e+00
1.338054815040071732e+00
0.000000000000000000e+00
0.000000000000000000e+00
0.000000000000000000e+00
1.182041580245927204e+00
0.000000000000000000e+00
1.058888938575228922e+00
0.000000000000000000e+00
0.000000000000000000e+00
0.000000000000000000e+00
0.000000000000000000e+00
5.906318823794730610e-01
4.852825635592212805e-01
0.000000000000000000e+00
0.000000000000000000e+00
2.189080473647392056e-01
3.099934838478819454e-01
0.000000000000000000e+00
6.582274177809292748e-02
0.000000000000000000e+00
3.905753408282741646e-02
8.239559626510307641e-03
4.882802798757875269e-03
3.356933489537071349e-03
0.000000000000000000e+00
0.000000000000000000e+00
0.000000000000000000e+00
0.000000000000000000e+00
0.000000000000000000e+00
0.000000000000000000e+00
0.000000000000000000e+00
0.000000000000000000e+00
0.000000000000000000e+00
0.000000000000000000e+00
0.000000000000000000e+00
0.000000000000000000e+00
0.000000000000000000e+00
0.000000000000000000e+00
0.000000000000000000e+00
0.000000000000000000e+00
0.000000000000000000e+00
0.000000000000000000e+00
0.000000000000000000e+00
0.000000000000000000e+00
0.000000000000000000e+00
1.070723959992500340e+01
3.053193294526933776e+00
3.046575624854821029e+00
7.598204979001566883e+00
6.062448406945366131e+00
1.511150001924220776e+00
3.012390419957152510e+00
0.000000000000000000e+00
0.000000000000000000e+00
0.000000000000000000e+00
2.959731964091544931e+00
0.000000000000000000e+00
0.000000000000000000e+00
1.450024003277625040e+00
0.000000000000000000e+00
0.000000000000000000e+00
1.405830553902068791e+00
0.000000000000000000e+00
0.000000000000000000e+00
1.338054815040071732e+00
0.000000000000000000e+00
1.272255159682329495e+00
1.230715447488967884e+00
0.000000000000000000e+00
0.000000000000000000e+00
1.058888938575228922e+00
9.825870786883099672e-01
0.000000000000000000e+00
0.000000000000000000e+00
0.000000000000000000e+00
0.000000000000000000e+00
0.000000000000000000e+00
3.858302793476471870e-01
0.000000000000000000e+00
2.189080473647392056e-01
1.549967419239409727e-01
3.128864419155261700e-01
6.582274177809292748e-02
0.000000000000000000e+00
5.858630112424112468e-02
8.239559626510307641e-03
2.441401399378937635e-03
4.577636576641460654e-03
0.000000000000000000e+00
