# pd_vector
0.000000000000000000e+00
0.000000000000000000e+00
0.000000000000000000e+00
0.000000000000000000e+00
0.000000000000000000e+00
0.000000000000000000e+00
0.000000000000000000e+00
0.000000000000000000e+00
0.000000000000000000e+00
0.000000000000000000e+00
0.000000000000000000e+00
0.000000000000000000e+00
0.000000000000000000e+00
0.000000000000000000e+00
0.000000000000000000e+00
0.000000000000000000e+00
0.000000000000000000e+00
0.000000000000000000e+00
0.000000000000000000e+00
1.525878858880486957e-03
0.000000000000000000e+00
0.000000000000000000e+00
0.000000000000000000e+00
0.000000000000000000e+00
0.000000000000000000e+00
0.000000000000000000e+00
1.901245058165086654e-01
0.000000000000000000e+00
0.000000000000000000e+00
0.000000000000000000e+00
0.000000000000000000e+00
0.000000000000000000e+00
0.000000000000000000e+00
0.000000000000000000e+00
1.125183070538471108e+00
0.000000000000000000e+00
0.000000000000000000e+00
0.000000000000000000e+00
0.000000000000000000e+00
0.000000000000000000e+00
0.000000000000000000e+00
0.000000000000000000e+00
1.220700699689468774e-02
3.456115615364302673e+00
0.000000000000000000e+00
0.000000000000000000e+00
0.000000000000000000e+00
0.000000000000000000e+00
0.000000000000000000e+00
0.000000000000000000e+00
0.000000000000000000e+00
0.000000000000000000e+00
7.055650044205129534e-01
6.903686309118874931e+00
0.000000000000000000e+00
0.000000000000000000e+00
0.000000000000000000e+00
0.000000000000000000e+00
0.000000000000000000e+00
0.000000000000000000e+00
0.000000000000000000e+00
0.000000000000000000e+00
5.767691738557215175e-02
2.697748546313726070e+00
1.100341762715896721e+01
0.000000000000000000e+00
0.000000000000000000e+00
0.000000000000000000e+00
0.000000000000000000e+00
0.000000000000000000e+00
0.000000000000000000e+00
0.000000000000000000e+00
0.000000000000000000e+00
0.000000000000000000e+00
8.569142011570719530e-01
6.347643638385237708e+00
1.290069540029096373e+01
0.000000000000000000e+00
0.000000000000000000e+00
0.000000000000000000e+00
0.000000000000000000e+00
0.000000000000000000e+00
0.000000000000000000e+00
0.000000000000000000e+00
0.000000000000000000e+00
0.000000000000000000e+00
1.757589033727233740e-01
3.435896364254798385e+00
1.198483946955120416e+01
1.325958210789965541e+01
0.000000000000000000e+00
0.000000000000000000e+00
0.000000000000000000e+00
0.000000000000000000e+00
0.000000000000000000e+00
0.000000000000000000e+00
0.000000000000000000e+00
0.000000000000000000e+00
0.000000000000000000e+00
0.000000000000000000e+00
1.308427391774718451e+00
9.681482561149611143e+00
1.730953592159666954e+01
1.248016318678350167e+01
0.000000000000000000e+00
0.000000000000000000e+00
0.000000000000000000e+00
0.000000000000000000e+00
0.000000000000000000e+00
0.000000000000000000e+00
0.000000000000000000e+00
0.000000000000000000e+00
0.000000000000000000e+00
0.000000000000000000e+00
5.719272761740569200e-01
5.995331481714008426e+00
1.931352776454016151e+01
2.021724498825698291e+01
1.104675258675117355e+01
0.000000000000000000e+00
0.000000000000000000e+00
0.000000000000000000e+00
0.000000000000000000e+00
0.000000000000000000e+00
0.000000000000000000e+00
0.000000000000000000e+00
0.000000000000000000e+00
0.000000000000000000e+00
0.000000000000000000e+00
1.316454835561858550e-01
4.194133358609750672e+00
1.687285472378144391e+01
2.723998412524307611e+01
2.025874881204642364e+01
9.385070509430322616e+00
0.000000000000000000e+00
0.000000000000000000e+00
0.000000000000000000e+00
0.000000000000000000e+00
0.000000000000000000e+00
0.000000000000000000e+00
0.000000000000000000e+00
0.000000000000000000e+00
0.000000000000000000e+00
0.000000000000000000e+00
0.000000000000000000e+00
3.093668863570367744e+00
1.639524858365630067e+01
3.394099711797702668e+01
3.216724078189623981e+01
1.857906464927371459e+01
7.656249762318730667e+00
0.000000000000000000e+00
0.000000000000000000e+00
0.000000000000000000e+00
0.000000000000000000e+00
0.000000000000000000e+00
0.000000000000000000e+00
0.000000000000000000e+00
0.000000000000000000e+00
0.000000000000000000e+00
0.000000000000000000e+00
0.000000000000000000e+00
1.460136728939122275e+00
1.428353496584616522e+01
3.671773113037445313e+01
4.618553405294341729e+01
3.123617054410057747e+01
1.616207726388856614e+01
6.074828912974994388e+00
0.000000000000000000e+00
0.000000000000000000e+00
0.000000000000000000e+00
0.000000000000000000e+00
0.000000000000000000e+00
0.000000000000000000e+00
0.000000000000000000e+00
0.000000000000000000e+00
0.000000000000000000e+00
0.000000000000000000e+00
0.000000000000000000e+00
6.199869676957638909e-01
1.355841248300613522e+01
4.265313667220421934e+01
6.173001734171987920e+01
4.725961624022117746e+01
2.887965649091862730e+01
1.269040447397171789e+01
4.813842623996159809e+00
0.000000000000000000e+00
0.000000000000000000e+00
0.000000000000000000e+00
0.000000000000000000e+00
0.000000000000000000e+00
0.000000000000000000e+00
0.000000000000000000e+00
0.000000000000000000e+00
0.000000000000000000e+00
0.000000000000000000e+00
0.000000000000000000e+00
4.378160947294784111e-01
9.299804515436457919e+00
3.952798716199480822e+01
7.010121999366896262e+01
6.561912281970346328e+01
4.317810392856571156e+01
2.329323506414463907e+01
1.028074129278470572e+01
3.667907600976914484e+00
0.000000000000000000e+00
0.000000000000000000e+00
0.000000000000000000e+00
0.000000000000000000e+00
0.000000000000000000e+00
0.000000000000000000e+00
0.000000000000000000e+00
0.000000000000000000e+00
0.000000000000000000e+00
0.000000000000000000e+00
0.000000000000000000e+00
2.961984274725674715e-01
7.005057515671654578e+00
4.448406493217105862e+01
7.863879240143558036e+01
8.517462786085225446e+01
6.153937491632852641e+01
3.653832313448504721e+01
1.812703117832267807e+01
7.868636710198315676e+00
2.810058506514304888e+00
0.000000000000000000e+00
0.000000000000000000e+00
0.000000000000000000e+00
0.000000000000000000e+00
0.000000000000000000e+00
0.000000000000000000e+00
0.000000000000000000e+00
0.000000000000000000e+00
0.000000000000000000e+00
0.000000000000000000e+00
0.000000000000000000e+00
0.000000000000000000e+00
4.442976412088512461e+00
3.743327609937040279e+01
9.129308099320122949e+01
1.016880936225460061e+02
7.826323997415249778e+01
5.097778454964760897e+01
2.644195057407416272e+01
1.315033716391045182e+01
5.913074189295786987e+00
2.072448666131477157e+00
0.000000000000000000e+00
0.000000000000000000e+00
0.000000000000000000e+00
0.000000000000000000e+00
0.000000000000000000e+00
0.000000000000000000e+00
0.000000000000000000e+00
0.000000000000000000e+00
0.000000000000000000e+00
0.000000000000000000e+00
0.000000000000000000e+00
0.000000000000000000e+00
4.244133072824118891e+00
2.813885060989391107e+01
9.369264427210838164e+01
1.179525206041190870e+02
9.720338795509013607e+01
6.384805952475014124e+01
3.721340143639196896e+01
2.095436703543690982e+01
9.945148469197940599e+00
4.350577293693266512e+00
1.631469675915016682e+00
0.000000000000000000e+00
0.000000000000000000e+00
0.000000000000000000e+00
0.000000000000000000e+00
0.000000000000000000e+00
0.000000000000000000e+00
0.000000000000000000e+00
0.000000000000000000e+00
0.000000000000000000e+00
0.000000000000000000e+00
0.000000000000000000e+00
0.000000000000000000e+00
2.911695381355327683e+00
3.163808290650706923e+01
8.589754396704456951e+01
1.258721272347250419e+02
1.146975890237163185e+02
7.603140538547286553e+01
4.699743762955834825e+01
2.611801227861526797e+01
1.437317254248048926e+01
7.390884984979745553e+00
3.352044121347281358e+00
1.174316369794422776e+00
0.000000000000000000e+00
0.000000000000000000e+00
0.000000000000000000e+00
0.000000000000000000e+00
0.000000000000000000e+00
0.000000000000000000e+00
0.000000000000000000e+00
0.000000000000000000e+00
0.000000000000000000e+00
0.000000000000000000e+00
0.000000000000000000e+00
0.000000000000000000e+00
4.134423176656311760e+00
1.747017228813196610e+01
8.874096424995885002e+01
1.418790467593598237e+02
1.219317823821597386e+02
8.958811683203788334e+01
5.809258271564936393e+01
3.343795282327121043e+01
1.853044374803944550e+01
1.038930406603209278e+01
5.133245647315921367e+00
2.529291849756579502e+00
8.938598355321891731e-01
0.000000000000000000e+00
0.000000000000000000e+00
0.000000000000000000e+00
0.000000000000000000e+00
0.000000000000000000e+00
0.000000000000000000e+00
0.000000000000000000e+00
0.000000000000000000e+00
0.000000000000000000e+00
0.000000000000000000e+00
0.000000000000000000e+00
0.000000000000000000e+00
2.788539435472362271e+00
1.299390141234840712e+01
8.055690555083073434e+01
1.493163181075394732e+02
1.457296263165031860e+02
9.741408107730894983e+01
6.602861205959885638e+01
3.712919110730910432e+01
2.409112349078201021e+01
1.467946675513412913e+01
8.202082157393757456e+00
4.045623776616561251e+00
1.894527485918055643e+00
7.159423605867244467e-01
0.000000000000000000e+00
0.000000000000000000e+00
0.000000000000000000e+00
0.000000000000000000e+00
0.000000000000000000e+00
0.000000000000000000e+00
0.000000000000000000e+00
0.000000000000000000e+00
0.000000000000000000e+00
0.000000000000000000e+00
0.000000000000000000e+00
0.000000000000000000e+00
0.000000000000000000e+00
6.971348588680905678e+00
5.847255635556783204e+01
1.509228772669178227e+02
1.512454695042777075e+02
1.214413552637526692e+02
7.136402344090498673e+01
4.386407796447529250e+01
2.941132554005946176e+01
1.553416705962993127e+01
9.379607329254534775e+00
5.038421896684736723e+00
3.155751336953447783e+00
1.391598797645994479e+00
5.297851398033051051e-01
0.000000000000000000e+00
0.000000000000000000e+00
0.000000000000000000e+00
0.000000000000000000e+00
0.000000000000000000e+00
0.000000000000000000e+00
0.000000000000000000e+00
0.000000000000000000e+00
0.000000000000000000e+00
0.000000000000000000e+00
0.000000000000000000e+00
0.000000000000000000e+00
1.792110769142687854e+00
9.601920148275068456e+00
5.646792356831533510e+01
1.293483822411045878e+02
1.596579634109837968e+02
1.161349140836418030e+02
7.375340844066930401e+01
4.093580485720622875e+01
2.681443635284178839e+01
1.720875430535393846e+01
9.807588524935846763e+00
6.672484888697330696e+00
4.003397243489810187e+00
2.224681099157783226e+00
9.960917709466065029e-01
3.869628786120914987e-01
0.000000000000000000e+00
0.000000000000000000e+00
0.000000000000000000e+00
0.000000000000000000e+00
0.000000000000000000e+00
0.000000000000000000e+00
0.000000000000000000e+00
0.000000000000000000e+00
0.000000000000000000e+00
0.000000000000000000e+00
0.000000000000000000e+00
0.000000000000000000e+00
0.000000000000000000e+00
2.688166153714031559e+00
3.520704054367524805e+01
1.247871397373882161e+02
1.488392343596271985e+02
1.188942280720092128e+02
8.449683117713473735e+01
4.828034367802850113e+01
2.802023006268661831e+01
1.890960251472079889e+01
1.136820738959745114e+01
6.648096919587385578e+00
4.727932149705537768e+00
3.066016425501952192e+00
1.565516329036958476e+00
7.324204198136813337e-01
2.706909095653983743e-01
0.000000000000000000e+00
0.000000000000000000e+00
0.000000000000000000e+00
0.000000000000000000e+00
0.000000000000000000e+00
0.000000000000000000e+00
0.000000000000000000e+00
0.000000000000000000e+00
0.000000000000000000e+00
0.000000000000000000e+00
0.000000000000000000e+00
0.000000000000000000e+00
1.058888938575228922e+00
1.965174157376619934e+00
3.046588307542569396e+01
1.336267220634946966e+02
1.756779844347588266e+02
1.305296460058635546e+02
7.424823222456085148e+01
4.514214268367472016e+01
2.576926319011337085e+01
1.926390816809704987e+01
1.038478170890404506e+01
7.196388164057101910e+00
5.792401276472177507e+00
3.126535776418177814e+00
2.812142453963573985e+00
1.277131742109097745e+00
5.615223218571556707e-01
2.032470640028808673e-01
0.000000000000000000e+00
0.000000000000000000e+00
0.000000000000000000e+00
0.000000000000000000e+00
0.000000000000000000e+00
0.000000000000000000e+00
0.000000000000000000e+00
0.000000000000000000e+00
0.000000000000000000e+00
0.000000000000000000e+00
0.000000000000000000e+00
0.000000000000000000e+00
0.000000000000000000e+00
2.117777877150457844e+00
1.670398033770127100e+01
1.057345353794185883e+02
1.520304023476885789e+02
1.268785443139924780e+02
7.441961717981359925e+01
4.755769122880368371e+01
2.855144067172589217e+01
1.895669935824431818e+01
1.072649432087222188e+01
6.974853386577343883e+00
6.674910760864558590e+00
4.541769182688412343e+00
2.287709104696227680e+00
1.210783556567649910e+00
9.887471551812369031e-01
4.223624420925561895e-01
1.715087837381667202e-01
0.000000000000000000e+00
0.000000000000000000e+00
0.000000000000000000e+00
0.000000000000000000e+00
0.000000000000000000e+00
0.000000000000000000e+00
0.000000000000000000e+00
0.000000000000000000e+00
0.000000000000000000e+00
0.000000000000000000e+00
0.000000000000000000e+00
0.000000000000000000e+00
0.000000000000000000e+00
1.125116986457390666e+00
1.800111195577889234e+01
8.548507584588296027e+01
1.353043630702729274e+02
1.176235218163695890e+02
6.622781159246859772e+01
4.075359988418364310e+01
2.766110612287561210e+01
1.929151396738236102e+01
1.095934181648499717e+01
8.537413847224829766e+00
6.664859902729461716e+00
3.650341822347805465e+00
2.632909671123717210e+00
1.525139403130818527e+00
1.093610954319167661e+00
5.108526968436390980e-01
3.222649847180197868e-01
1.223754844822150523e-01
0.000000000000000000e+00
0.000000000000000000e+00
0.000000000000000000e+00
0.000000000000000000e+00
0.000000000000000000e+00
0.000000000000000000e+00
0.000000000000000000e+00
0.000000000000000000e+00
0.000000000000000000e+00
0.000000000000000000e+00
0.000000000000000000e+00
0.000000000000000000e+00
0.000000000000000000e+00
1.182041580245927204e+00
7.875818905201734665e+00
5.400333586733667346e+01
1.414925393311166317e+02
1.039424246102758929e+02
6.081216093907543296e+01
4.391949610868970666e+01
2.244401153041997787e+01
2.135243279660573634e+01
1.041741754238647388e+01
5.923968549451349652e+00
4.159252899930044656e+00
3.719921806174583345e+00
2.503091535324209360e+00
1.382277577339951380e+00
1.105726067269843460e+00
9.764383520706854114e-01
5.273318160966596890e-01
2.490229427366516257e-01
9.368896193526189686e-02
0.000000000000000000e+00
0.000000000000000000e+00
0.000000000000000000e+00
0.000000000000000000e+00
0.000000000000000000e+00
0.000000000000000000e+00
0.000000000000000000e+00
0.000000000000000000e+00
0.000000000000000000e+00
0.000000000000000000e+00
0.000000000000000000e+00
0.000000000000000000e+00
0.000000000000000000e+00
1.230715447488967884e+00
7.092249481475563222e+00
5.625584932286953688e+01
1.334200062604788570e+02
8.548507584588296027e+01
6.093176615085138792e+01
4.000800061781278316e+01
2.161118062491080849e+01
1.004074200045104170e+01
1.164678152542131073e+01
8.874096424995885357e+00
7.404960686814186843e+00
4.159252899930044656e+00
2.169954386935173396e+00
2.190205093408683190e+00
1.382277577339951380e+00
9.150836418784911164e-01
6.835068464494797880e-01
3.625406235664535570e-01
1.831051049534203334e-01
8.056640374888970890e-02
0.000000000000000000e+00
0.000000000000000000e+00
0.000000000000000000e+00
0.000000000000000000e+00
0.000000000000000000e+00
0.000000000000000000e+00
0.000000000000000000e+00
0.000000000000000000e+00
0.000000000000000000e+00
0.000000000000000000e+00
0.000000000000000000e+00
0.000000000000000000e+00
0.000000000000000000e+00
0.000000000000000000e+00
6.153577237444839199e+00
5.082778795057487287e+01
1.271382194696851400e+02
8.047555933171739184e+01
4.519900561966225894e+01
2.777771692171166151e+01
1.760352027183762402e+01
1.324556231849372168e+01
1.122200576520998894e+01
7.279238453388319208e+00
5.015793631519413154e+00
3.258182702198242353e+00
1.532356331553174522e+00
2.324951128859114480e+00
1.147250287023596105e+00
9.873411266713939538e-01
6.863127314088683928e-01
3.710465737868604563e-01
2.307076695422886070e-01
1.293942741670836838e-01
6.469726361653264923e-02
0.000000000000000000e+00
0.000000000000000000e+00
0.000000000000000000e+00
0.000000000000000000e+00
0.000000000000000000e+00
0.000000000000000000e+00
0.000000000000000000e+00
0.000000000000000000e+00
0.000000000000000000e+00
0.000000000000000000e+00
0.000000000000000000e+00
0.000000000000000000e+00
0.000000000000000000e+00
0.000000000000000000e+00
2.544510319364658990e+00
3.692146342466903519e+01
8.747107693819860685e+01
7.650795507910257243e+01
3.494333497298255509e+01
2.652985112458436845e+01
1.971321846056956772e+01
1.200240018534383424e+01
5.577078870944724542e+00
7.087582588553676288e+00
1.941130254236885122e+00
4.244133072824118891e+00
2.665785847253107299e+00
1.970172426282652767e+00
6.199869676957638909e-01
5.214774031925436537e-01
6.582274177809293025e-01
3.431563657044341964e-01
3.515178067454467481e-01
1.895098714097370740e-01
8.056624617950494671e-02
4.455566267931021507e-02
0.000000000000000000e+00
0.000000000000000000e+00
0.000000000000000000e+00
0.000000000000000000e+00
0.000000000000000000e+00
0.000000000000000000e+00
0.000000000000000000e+00
0.000000000000000000e+00
0.000000000000000000e+00
0.000000000000000000e+00
0.000000000000000000e+00
0.000000000000000000e+00
0.000000000000000000e+00
0.000000000000000000e+00
2.615439313590881110e+00
4.834569606792852170e+01
8.122721953427188168e+01
7.919678587647712220e+01
3.262839260726433110e+01
2.647222346438072194e+01
8.843283708194789483e+00
1.075266461485612624e+01
8.801760135918812011e+00
6.274213729812815110e+00
4.725055059035784488e+00
2.911695381355327683e+00
7.716605586952943741e-01
8.885952824177023590e-01
2.407988521012131233e+00
9.299804515436458363e-01
1.251545767662104680e+00
1.974682253342787686e-01
5.719272761740569200e-01
2.148164374555507905e-01
1.071142751446339941e-01
7.568344338074706190e-02
3.173828026471412628e-02
0.000000000000000000e+00
0.000000000000000000e+00
0.000000000000000000e+00
0.000000000000000000e+00
0.000000000000000000e+00
0.000000000000000000e+00
0.000000000000000000e+00
0.000000000000000000e+00
0.000000000000000000e+00
0.000000000000000000e+00
0.000000000000000000e+00
0.000000000000000000e+00
0.000000000000000000e+00
0.000000000000000000e+00
0.000000000000000000e+00
3.138527176309057154e+01
9.033011633744538926e+01
5.661291058449252489e+01
2.718695634565632702e+01
1.237628685103129733e+01
1.164777832432751836e+01
6.878109550818169993e+00
3.584221538285375708e+00
2.400480037068767114e+00
4.182809153208543407e+00
1.771895647138419072e+00
1.941130254236885122e+00
3.086642234781177496e+00
2.369587419780539772e+00
1.751264378917913644e+00
1.084977193467586698e+00
9.386593257465785101e-01
2.632909671123717099e-01
1.906424253913523159e-01
1.367013692898959576e-01
1.483120732771855410e-01
5.126942938695769336e-02
2.258300711143120670e-02
0.000000000000000000e+00
0.000000000000000000e+00
0.000000000000000000e+00
0.000000000000000000e+00
0.000000000000000000e+00
0.000000000000000000e+00
0.000000000000000000e+00
0.000000000000000000e+00
0.000000000000000000e+00
0.000000000000000000e+00
0.000000000000000000e+00
0.000000000000000000e+00
0.000000000000000000e+00
0.000000000000000000e+00
0.000000000000000000e+00
2.676109630080143376e+01
6.800142215336290974e+01
4.325667542919920550e+01
2.092216260731245470e+01
9.456332641967417629e+00
3.375350959372171999e+00
5.294444692876144387e+00
1.375621910163633999e+01
1.792110769142687854e+00
4.000800061781278671e+00
1.394269717736181136e+00
5.906318823794730610e-01
1.941130254236885122e+00
1.543321117390588748e+00
2.073388992307972245e+00
1.094540236823696056e+00
1.549967419239409727e-01
6.257728838310523400e-01
1.316454835561858550e-01
3.050278806261637055e-01
1.171726022484822494e-01
1.235933943976546129e-01
4.882802798757875096e-02
1.861572207834194179e-02
0.000000000000000000e+00
0.000000000000000000e+00
0.000000000000000000e+00
0.000000000000000000e+00
0.000000000000000000e+00
0.000000000000000000e+00
0.000000000000000000e+00
0.000000000000000000e+00
0.000000000000000000e+00
0.000000000000000000e+00
0.000000000000000000e+00
0.000000000000000000e+00
0.000000000000000000e+00
0.000000000000000000e+00
2.772952782428174334e+00
1.773299994701846316e+01
5.753635704672308293e+01
2.484667347911337032e+01
1.781157223555261382e+01
8.615008132422774523e+00
4.728166320983708815e+00
2.250233972914781333e+00
7.412222570026602675e+00
1.965174157376619934e+00
1.792110769142687854e+00
0.000000000000000000e+00
2.091404576604271703e+00
1.181263764758946122e+00
4.852825635592212805e-01
3.858302793476471870e-01
5.923968549451349430e-01
1.313448284188435178e+00
7.749837096197048636e-01
4.171819225540349119e-01
2.632909671123717099e-01
2.287709104696227791e-01
1.171726022484822494e-01
4.943735775906184238e-02
2.685541539316831441e-02
1.281738241459609053e-02
0.000000000000000000e+00
0.000000000000000000e+00
0.000000000000000000e+00
0.000000000000000000e+00
0.000000000000000000e+00
0.000000000000000000e+00
0.000000000000000000e+00
0.000000000000000000e+00
0.000000000000000000e+00
0.000000000000000000e+00
0.000000000000000000e+00
0.000000000000000000e+00
0.000000000000000000e+00
0.000000000000000000e+00
1.405830553902068791e+00
1.941066947699722078e+01
5.183492292205396268e+01
3.478942519104186459e+01
9.154037597568084550e+00
7.633530958093976970e+00
6.153577237444839199e+00
2.364083160491854407e+00
5.625584932286953332e+00
0.000000000000000000e+00
1.965174157376619934e+00
8.960553845713439269e-01
8.001600123562556677e-01
1.394269717736181136e+00
5.906318823794730610e-01
1.455847690677663842e+00
7.716605586952943741e-01
0.000000000000000000e+00
6.567241420942175889e-01
3.099934838478819454e-01
4.171819225540349119e-01
6.582274177809292748e-02
3.812848507827046318e-02
3.905753408282741646e-02
7.415603663859277050e-02
1.464840839627362667e-02
1.281738241459609053e-02
0.000000000000000000e+00
0.000000000000000000e+00
0.000000000000000000e+00
0.000000000000000000e+00
0.000000000000000000e+00
0.000000000000000000e+00
0.000000000000000000e+00
0.000000000000000000e+00
0.000000000000000000e+00
0.000000000000000000e+00
0.000000000000000000e+00
0.000000000000000000e+00
0.000000000000000000e+00
0.000000000000000000e+00
0.000000000000000000e+00
4.217491661706206152e+00
3.050248060670991634e+01
3.137376913703266368e+01
9.366383705280501459e+00
6.538598283977202996e+00
6.361275798411647031e+00
1.230715447488967884e+00
0.000000000000000000e+00
1.125116986457390666e+00
1.058888938575228922e+00
9.825870786883099672e-01
8.960553845713439269e-01
0.000000000000000000e+00
1.394269717736181136e+00
5.906318823794730610e-01
0.000000000000000000e+00
3.858302793476471870e-01
5.923968549451349430e-01
2.189080473647392056e-01
6.199869676957638909e-01
0.000000000000000000e+00
1.316454835561858550e-01
0.000000000000000000e+00
9.764383520706854114e-02
1.647911925302061528e-02
2.197261259441044001e-02
6.103515435521947828e-03
0.000000000000000000e+00
0.000000000000000000e+00
0.000000000000000000e+00
0.000000000000000000e+00
0.000000000000000000e+00
0.000000000000000000e+00
0.000000000000000000e+00
0.000000000000000000e+00
0.000000000000000000e+00
0.000000000000000000e+00
0.000000000000000000e+00
0.000000000000000000e+00
0.000000000000000000e+00
0.000000000000000000e+00
1.437240467635767294e+00
4.267857839144379106e+00
3.936325550925792527e+01
2.218362225942539467e+01
1.091261535201136113e+01
6.690274075200358439e+00
1.307719656795440555e+00
0.000000000000000000e+00
0.000000000000000000e+00
0.000000000000000000e+00
0.000000000000000000e+00
1.058888938575228922e+00
9.825870786883099672e-01
8.960553845713439269e-01
0.000000000000000000e+00
1.394269717736181136e+00
5.906318823794730610e-01
0.000000000000000000e+00
0.000000000000000000e+00
0.000000000000000000e+00
4.378160947294784111e-01
0.000000000000000000e+00
2.085909612770174559e-01
0.000000000000000000e+00
7.625697015654092636e-02
3.905753408282741646e-02
8.239559626510307641e-03
1.953121119503150108e-02
7.019042750850240132e-03
0.000000000000000000e+00
0.000000000000000000e+00
0.000000000000000000e+00
0.000000000000000000e+00
0.000000000000000000e+00
0.000000000000000000e+00
0.000000000000000000e+00
0.000000000000000000e+00
0.000000000000000000e+00
0.000000000000000000e+00
0.000000000000000000e+00
0.000000000000000000e+00
0.000000000000000000e+00
0.000000000000000000e+00
0.000000000000000000e+00
1.437240467635767294e+00
2.702976631458106738e+01
2.952244163194344395e+01
4.159429173642261723e+00
6.820384595007100259e+00
1.338054815040071732e+00
0.000000000000000000e+00
0.000000000000000000e+00
0.000000000000000000e+00
0.000000000000000000e+00
1.125116986457390666e+00
0.000000000000000000e+00
0.000000000000000000e+00
8.960553845713439269e-01
1.600320024712511335e+00
6.971348588680905678e-01
5.906318823794730610e-01
4.852825635592212805e-01
3.858302793476471870e-01
0.000000000000000000e+00
0.000000000000000000e+00
1.549967419239409727e-01
1.042954806385087280e-01
1.316454835561858550e-01
0.000000000000000000e+00
1.952876704141370823e-02
4.119779813255153994e-02
1.220700699689468774e-02
6.408691207298045263e-03
0.000000000000000000e+00
0.000000000000000000e+00
0.000000000000000000e+00
0.000000000000000000e+00
0.000000000000000000e+00
0.000000000000000000e+00
0.000000000000000000e+00
0.000000000000000000e+00
0.000000000000000000e+00
0.000000000000000000e+00
0.000000000000000000e+00
0.000000000000000000e+00
0.000000000000000000e+00
0.000000000000000000e+00
0.000000000000000000e+00
7.250120016388125421e+00
3.018204982035111428e+01
1.422619279714792917e+01
8.434983323412412304e+00
0.000000000000000000e+00
1.364076919001420141e+00
1.338054815040071732e+00
1.307719656795440555e+00
1.272255159682329495e+00
0.000000000000000000e+00
0.000000000000000000e+00
0.000000000000000000e+00
0.000000000000000000e+00
9.825870786883099672e-01
8.960553845713439269e-01
0.000000000000000000e+00
0.000000000000000000e+00
0.000000000000000000e+00
4.852825635592212805e-01
0.000000000000000000e+00
2.961984274725674715e-01
2.189080473647392056e-01
3.099934838478819454e-01
0.000000000000000000e+00
0.000000000000000000e+00
0.000000000000000000e+00
1.952876704141370823e-02
1.647911925302061528e-02
1.464840839627362667e-02
5.187988120193655524e-03
0.000000000000000000e+00
0.000000000000000000e+00
0.000000000000000000e+00
0.000000000000000000e+00
0.000000000000000000e+00
0.000000000000000000e+00
0.000000000000000000e+00
0.000000000000000000e+00
0.000000000000000000e+00
0.000000000000000000e+00
0.000000000000000000e+00
0.000000000000000000e+00
0.000000000000000000e+00
0.000000000000000000e+00
0.000000000000000000e+00
5.844975059442337972e+00
2.030033604588675189e+01
5.748961870543069175e+00
4.267857839144379106e+00
4.217491661706206152e+00
1.386476391214087167e+00
0.000000000000000000e+00
0.000000000000000000e+00
0.000000000000000000e+00
1.272255159682329495e+00
1.230715447488967884e+00
0.000000000000000000e+00
0.000000000000000000e+00
1.058888938575228922e+00
9.825870786883099672e-01
1.792110769142687854e+00
0.000000000000000000e+00
0.000000000000000000e+00
0.000000000000000000e+00
0.000000000000000000e+00
0.000000000000000000e+00
0.000000000000000000e+00
0.000000000000000000e+00
0.000000000000000000e+00
1.042954806385087280e-01
6.582274177809292748e-02
0.000000000000000000e+00
1.952876704141370823e-02
8.239559626510307641e-03
4.882802798757875269e-03
4.272460804865363219e-03
0.000000000000000000e+00
0.000000000000000000e+00
0.000000000000000000e+00
0.000000000000000000e+00
0.000000000000000000e+00
0.000000000000000000e+00
0.000000000000000000e+00
0.000000000000000000e+00
0.000000000000000000e+00
0.000000000000000000e+00
0.000000000000000000e+00
0.000000000000000000e+00
0.000000000000000000e+00
0.000000000000000000e+00
0.000000000000000000e+00
0.000000000000000000e+00
1.607368141346642787e+01
7.250120016388125421e+00
1.006068327345037083e+01
0.000000000000000000e+00
0.000000000000000000e+00
1.386476391214087167e+00
0.000000000000000000e+00
0.000000000000000000e+00
0.000000000000000000e+00
0.000000000000000000e+00
0.000000000000000000e+00
0.000000000000000000e+00
1.125116986457390666e+00
0.000000000000000000e+00
0.000000000000000000e+00
0.000000000000000000e+00
0.000000000000000000e+00
0.000000000000000000e+00
0.000000000000000000e+00
4.852825635592212805e-01
0.000000000000000000e+00
0.000000000000000000e+00
0.000000000000000000e+00
3.099934838478819454e-01
1.042954806385087280e-01
0.000000000000000000e+00
1.143854552348113895e-01
0.000000000000000000e+00
8.239559626510307641e-03
4.882802798757875269e-03
3.662109261313168350e-03
0.000000000000000000e+00
0.000000000000000000e+00
0.000000000000000000e+00
0.000000000000000000e+00
0.000000000000000000e+00
0.000000000000000000e+00
0.000000000000000000e+00
0.000000000000000000e+00
0.000000000000000000e+00
0.000000000000000000e+00
0.000000000000000000e+00
0.000000000000000000e+00
0.000000000000000000e+00
0.000000000000000000e+00
0.000000000000000000e+00
2.959731964091544931e+00
1.471127674303734700e+01
2.922487529721168986e+00
1.450024003277625040e+00
4.311721402907301659e+00
1.422619279714792961e+00
2.811661107804137583e+00
1.386476391214087167e+00
0.000000000000000000e+00
0.000000000000000000e+00
0.000000000000000000e+00
1.272255159682329495e+00
0.000000000000000000e+00
0.000000000000000000e+00
1.125116986457390666e+00
0.000000000000000000e+00
0.000000000000000000e+00
0.000000000000000000e+00
0.000000000000000000e+00
6.971348588680905678e-01
5.906318823794730610e-01
0.000000000000000000e+00
0.000000000000000000e+00
0.000000000000000000e+00
0.000000000000000000e+00
0.000000000000000000e+00
0.000000000000000000e+00
0.000000000000000000e+00
0.000000000000000000e+00
1.952876704141370823e-02
0.000000000000000000e+00
2.441401399378937635e-03
2.746581945984876479e-03
0.000000000000000000e+00
0.000000000000000000e+00
0.000000000000000000e+00
0.000000000000000000e+00
0.000000000000000000e+00
0.000000000000000000e+00
0.000000000000000000e+00
0.000000000000000000e+00
0.000000000000000000e+00
0.000000000000000000e+00
0.000000000000000000e+00
0.000000000000000000e+00
0.000000000000000000e+00
0.000000000000000000e+00
0.000000000000000000e+00
0.000000000000000000e+00
8.879195892274633906e+00
2.942255348607469401e+00
0.000000000000000000e+00
0.000000000000000000e+00
0.000000000000000000e+00
0.000000000000000000e+00
0.000000000000000000e+00
0.000000000000000000e+00
0.000000000000000000e+00
0.000000000000000000e+00
0.000000000000000000e+00
0.000000000000000000e+00
0.000000000000000000e+00
1.182041580245927204e+00
0.000000000000000000e+00
0.000000000000000000e+00
0.000000000000000000e+00
0.000000000000000000e+00
0.000000000000000000e+00
0.000000000000000000e+00
0.000000000000000000e+00
0.000000000000000000e+00
0.000000000000000000e+00
0.000000000000000000e+00
2.189080473647392056e-01
1.549967419239409727e-01
0.000000000000000000e+00
0.000000000000000000e+00
1.143854552348113895e-01
1.952876704141370823e-02
0.000000000000000000e+00
0.000000000000000000e+00
1.525878858880486957e-03
0.000000000000000000e+00
0.000000000000000000e+00
0.000000000000000000e+00
0.000000000000000000e+00
0.000000000000000000e+00
0.000000000000000000e+00
0.000000000000000000e+00
0.000000000000000000e+00
0.000000000000000000e+00
0.000000000000000000e+00
0.000000000000000000e+00
0.000000000000000000e+00
0.000000000000000000e+00
0.000000000000000000e+00
0.000000000000000000e+00
0.000000000000000000e+00
1.041332625485563490e+01
2.959731964091544931e+00
0.000000000000000000e+00
1.461243764860584493e+00
0.000000000000000000e+00
1.437240467635767294e+00
0.000000000000000000e+00
0.000000000000000000e+00
0.000000000000000000e+00
1.364076919001420141e+00
0.000000000000000000e+00
0.000000000000000000e+00
0.000000000000000000e+00
0.000000000000000000e+00
0.000000000000000000e+00
0.000000000000000000e+00
0.000000000000000000e+00
0.000000000000000000e+00
0.000000000000000000e+00
0.000000000000000000e+00
0.000000000000000000e+00
0.000000000000000000e+00
4.852825635592212805e-01
0.000000000000000000e+00
0.000000000000000000e+00
0.000000000000000000e+00
0.000000000000000000e+00
0.000000000000000000e+00
0.000000000000000000e+00
0.000000000000000000e+00
1.952876704141370823e-02
0.000000000000000000e+00
2.441401399378937635e-03
9.155273153282920875e-04
0.000000000000000000e+00
0.000000000000000000e+00
0.000000000000000000e+00
0.000000000000000000e+00
0.000000000000000000e+00
0.000000000000000000e+00
0.000000000000000000e+00
0.000000000000000000e+00
0.000000000000000000e+00
0.000000000000000000e+00
0.000000000000000000e+00
0.000000000000000000e+00
0.000000000000000000e+00
0.000000000000000000e+00
0.000000000000000000e+00
3.001356539728552875e+00
5.978071159309220839e+00
5.950472145631791498e+00
1.479865982045772466e+00
0.000000000000000000e+00
0.000000000000000000e+00
0.000000000000000000e+00
2.874480935271534587e+00
1.422619279714792961e+00
0.000000000000000000e+00
0.000000000000000000e+00
0.000000000000000000e+00
0.000000000000000000e+00
0.000000000000000000e+00
0.000000000000000000e+00
0.000000000000000000e+00
0.000000000000000000e+00
0.000000000000000000e+00
0.000000000000000000e+00
0.000000000000000000e+00
0.000000000000000000e+00
0.000000000000000000e+00
0.000000000000000000e+00
0.000000000000000000e+00
0.000000000000000000e+00
0.000000000000000000e+00
0.000000000000000000e+00
0.000000000000000000e+00
0.000000000000000000e+00
2.085909612770174559e-01
0.000000000000000000e+00
0.000000000000000000e+00
1.952876704141370823e-02
8.239559626510307641e-03
2.441401399378937635e-03
1.220703087104389522e-03
0.000000000000000000e+00
0.000000000000000000e+00
0.000000000000000000e+00
0.000000000000000000e+00
0.000000000000000000e+00
0.000000000000000000e+00
0.000000000000000000e+00
0.000000000000000000e+00
0.000000000000000000e+00
0.000000000000000000e+00
0.000000000000000000e+00
0.000000000000000000e+00
0.000000000000000000e+00
0.000000000000000000e+00
0.000000000000000000e+00
0.000000000000000000e+00
6.002713079457105749e+00
4.483553369481915851e+00
0.000000000000000000e+00
2.959731964091544931e+00
0.000000000000000000e+00
0.000000000000000000e+00
1.450024003277625040e+00
0.000000000000000000e+00
0.000000000000000000e+00
0.000000000000000000e+00
0.000000000000000000e+00
0.000000000000000000e+00
0.000000000000000000e+00
0.000000000000000000e+00
0.000000000000000000e+00
0.000000000000000000e+00
0.000000000000000000e+00
0.000000000000000000e+00
0.000000000000000000e+00
0.000000000000000000e+00
0.000000000000000000e+00
0.000000000000000000e+00
0.000000000000000000e+00
0.000000000000000000e+00
0.000000000000000000e+00
0.000000000000000000e+00
0.000000000000000000e+00
0.000000000000000000e+00
0.000000000000000000e+00
0.000000000000000000e+00
0.000000000000000000e+00
0.000000000000000000e+00
1.952876704141370823e-02
0.000000000000000000e+00
0.000000000000000000e+00
6.103515435521947611e-04
0.000000000000000000e+00
0.000000000000000000e+00
0.000000000000000000e+00
0.000000000000000000e+00
0.000000000000000000e+00
0.000000000000000000e+00
0.000000000000000000e+00
0.000000000000000000e+00
0.000000000000000000e+00
0.000000000000000000e+00
0.000000000000000000e+00
0.000000000000000000e+00
0.000000000000000000e+00
0.000000000000000000e+00
0.000000000000000000e+00
0.000000000000000000e+00
9.037171259871456641e+00
0.000000000000000000e+00
0.000000000000000000e+00
1.487618036407947875e+00
1.479865982045772466e+00
0.000000000000000000e+00
0.000000000000000000e+00
0.000000000000000000e+00
0.000000000000000000e+00
0.000000000000000000e+00
0.000000000000000000e+00
0.000000000000000000e+00
0.000000000000000000e+00
0.000000000000000000e+00
0.000000000000000000e+00
0.000000000000000000e+00
0.000000000000000000e+00
1.182041580245927204e+00
0.000000000000000000e+00
0.000000000000000000e+00
0.000000000000000000e+00
0.000000000000000000e+00
8.001600123562556677e-01
0.000000000000000000e+00
0.000000000000000000e+00
0.000000000000000000e+00
0.000000000000000000e+00
0.000000000000000000e+00
0.000000000000000000e+00
1.549967419239409727e-01
0.000000000000000000e+00
0.000000000000000000e+00
3.812848507827046318e-02
0.000000000000000000e+00
0.000000000000000000e+00
0.000000000000000000e+00
3.051757717760973806e-04
0.000000000000000000e+00
0.000000000000000000e+00
0.000000000000000000e+00
0.000000000000000000e+00
0.000000000000000000e+00
0.000000000000000000e+00
0.000000000000000000e+00
0.000000000000000000e+00
0.000000000000000000e+00
0.000000000000000000e+00
0.000000000000000000e+00
0.000000000000000000e+00
0.000000000000000000e+00
0.000000000000000000e+00
0.000000000000000000e+00
0.000000000000000000e+00
4.533450005772662550e+00
0.000000000000000000e+00
1.500678269864276437e+00
2.989035579654610419e+00
0.000000000000000000e+00
0.000000000000000000e+00
0.000000000000000000e+00
0.000000000000000000e+00
0.000000000000000000e+00
0.000000000000000000e+00
0.000000000000000000e+00
0.000000000000000000e+00
0.000000000000000000e+00
0.000000000000000000e+00
1.338054815040071732e+00
0.000000000000000000e+00
0.000000000000000000e+00
0.000000000000000000e+00
0.000000000000000000e+00
0.000000000000000000e+00
0.000000000000000000e+00
0.000000000000000000e+00
0.000000000000000000e+00
0.000000000000000000e+00
0.000000000000000000e+00
0.000000000000000000e+00
0.000000000000000000e+00
0.000000000000000000e+00
0.000000000000000000e+00
0.000000000000000000e+00
0.000000000000000000e+00
0.000000000000000000e+00
6.582274177809292748e-02
0.000000000000000000e+00
0.000000000000000000e+00
0.000000000000000000e+00
0.000000000000000000e+00
6.103515435521947611e-04
0.000000000000000000e+00
0.000000000000000000e+00
0.000000000000000000e+00
0.000000000000000000e+00
0.000000000000000000e+00
0.000000000000000000e+00
0.000000000000000000e+00
0.000000000000000000e+00
0.000000000000000000e+00
0.000000000000000000e+00
0.000000000000000000e+00
0.000000000000000000e+00
0.000000000000000000e+00
0.000000000000000000e+00
0.000000000000000000e+00
0.000000000000000000e+00
4.546836305209025042e+00
0.000000000000000000e+00
0.000000000000000000e+00
0.000000000000000000e+00
0.000000000000000000e+00
0.000000000000000000e+00
0.000000000000000000e+00
1.471127674303734700e+00
0.000000000000000000e+00
0.000000000000000000e+00
0.000000000000000000e+00
0.000000000000000000e+00
0.000000000000000000e+00
0.000000000000000000e+00
0.000000000000000000e+00
0.000000000000000000e+00
0.000000000000000000e+00
0.000000000000000000e+00
0.000000000000000000e+00
0.000000000000000000e+00
0.000000000000000000e+00
0.000000000000000000e+00
0.000000000000000000e+00
0.000000000000000000e+00
0.000000000000000000e+00
0.000000000000000000e+00
0.000000000000000000e+00
0.000000000000000000e+00
0.000000000000000000e+00
0.000000000000000000e+00
0.000000000000000000e+00
0.000000000000000000e+00
0.000000000000000000e+00
0.000000000000000000e+00
0.000000000000000000e+00
0.000000000000000000e+00
0.000000000000000000e+00
2.441401399378937635e-03
3.051757717760973806e-04
0.000000000000000000e+00
0.000000000000000000e+00
0.000000000000000000e+00
0.000000000000000000e+00
0.000000000000000000e+00
0.000000000000000000e+00
0.000000000000000000e+00
0.000000000000000000e+00
0.000000000000000000e+00
0.000000000000000000e+00
0.000000000000000000e+00
0.000000000000000000e+00
0.000000000000000000e+00
0.000000000000000000e+00
0.000000000000000000e+00
0.000000000000000000e+00
4.558922987400940485e+00
0.000000000000000000e+00
1.511150001924220776e+00
0.000000000000000000e+00
0.000000000000000000e+00
0.000000000000000000e+00
0.000000000000000000e+00
0.000000000000000000e+00
0.000000000000000000e+00
0.000000000000000000e+00
0.000000000000000000e+00
0.000000000000000000e+00
0.000000000000000000e+00
0.000000000000000000e+00
0.000000000000000000e+00
0.000000000000000000e+00
0.000000000000000000e+00
0.000000000000000000e+00
0.000000000000000000e+00
0.000000000000000000e+00
0.000000000000000000e+00
0.000000000000000000e+00
0.000000000000000000e+00
0.000000000000000000e+00
0.000000000000000000e+00
0.000000000000000000e+00
0.000000000000000000e+00
0.000000000000000000e+00
0.000000000000000000e+00
0.000000000000000000e+00
0.000000000000000000e+00
0.000000000000000000e+00
0.000000000000000000e+00
0.000000000000000000e+00
0.000000000000000000e+00
0.000000000000000000e+00
0.000000000000000000e+00
0.000000000000000000e+00
0.000000000000000000e+00
0.000000000000000000e+00
0.000000000000000000e+00
0.000000000000000000e+00
0.000000000000000000e+00
0.000000000000000000e+00
0.000000000000000000e+00
0.000000000000000000e+00
0.000000000000000000e+00
0.000000000000000000e+00
0.000000000000000000e+00
0.000000000000000000e+00
0.000000000000000000e+00
0.000000000000000000e+00
0.000000000000000000e+00
0.000000000000000000e+00
0.000000000000000000e+00
0.000000000000000000e+00
0.000000000000000000e+00
0.000000000000000000e+00
0.000000000000000000e+00
0.000000000000000000e+00
0.000000000000000000e+00
0.000000000000000000e+00
0.000000000000000000e+00
0.000000000000000000e+00
0.000000000000000000e+00
0.000000000000000000e+00
0.000000000000000000e+00
0.000000000000000000e+00
0.000000000000000000e+00
0.000000000000000000e+00
0.000000000000000000e+00
0.000000000000000000e+00
0.000000000000000000e+00
0.000000000000000000e+00
0.000000000000000000e+00
0.000000000000000000e+00
0.000000000000000000e+00
0.000000000000000000e+00
0.000000000000000000e+00
0.000000000000000000e+00
0.000000000000000000e+00
0.000000000000000000e+00
0.000000000000000000e+00
0.000000000000000000e+00
0.000000000000000000e+00
0.000000000000000000e+00
0.000000000000000000e+00
0.000000000000000000e+00
0.000000000000000000e+00
0.000000000000000000e+00
0.000000000000000000e+00
0.000000000000000000e+00
0.000000000000000000e+00
0.000000000000000000e+00
0.000000000000000000e+00
0.000000000000000000e+00
0.000000000000000000e+00
0.000000000000000000e+00
0.000000000000000000e+00
0.000000000000000000e+00
0.000000000000000000e+00
0.000000000000000000e+00
0.000000000000000000e+00
0.000000000000000000e+00
0.000000000000000000e+00
0.000000000000000000e+00
0.000000000000000000e+00
0.000000000000000000e+00
0.000000000000000000e+00
0.000000000000000000e+00
0.000000000000000000e+00
0.000000000000000000e+00
0.000000000000000000e+00
0.000000000000000000e+00
0.000000000000000000e+00
1.519640995800313421e+00
1.515612101736341533e+00
0.000000000000000000e+00
0.000000000000000000e+00
0.000000000000000000e+00
0.000000000000000000e+00
0.000000000000000000e+00
0.000000000000000000e+00
0.000000000000000000e+00
0.000000000000000000e+00
0.000000000000000000e+00
0.000000000000000000e+00
0.000000000000000000e+00
0.000000000000000000e+00
0.000000000000000000e+00
0.000000000000000000e+00
0.000000000000000000e+00
0.000000000000000000e+00
0.000000000000000000e+00
0.000000000000000000e+00
0.000000000000000000e+00
0.000000000000000000e+00
0.000000000000000000e+00
0.000000000000000000e+00
0.000000000000000000e+00
0.000000000000000000e+00
0.000000000000000000e+00
0.000000000000000000e+00
0.000000000000000000e+00
0.000000000000000000e+00
0.000000000000000000e+00
0.000000000000000000e+00
0.000000000000000000e+00
0.000000000000000000e+00
0.000000000000000000e+00
0.000000000000000000e+00
0.000000000000000000e+00
0.000000000000000000e+00
0.000000000000000000e+00
0.000000000000000000e+00
0.000000000000000000e+00
0.000000000000000000e+00
0.000000000000000000e+00
0.000000000000000000e+00
0.000000000000000000e+00
0.000000000000000000e+00
0.000000000000000000e+00
0.000000000000000000e+00
0.000000000000000000e+00
0.000000000000000000e+00
0.000000000000000000e+00
0.000000000000000000e+00
0.000000000000000000e+00
0.000000000000000000e+00
0.000000000000000000e+00
0.000000000000000000e+00
1.529605657132143248e+00
0.000000000000000000e+00
0.000000000000000000e+00
1.519640995800313421e+00
0.000000000000000000e+00
0.000000000000000000e+00
0.000000000000000000e+00
0.000000000000000000e+00
0.000000000000000000e+00
0.000000000000000000e+00
0.000000000000000000e+00
0.000000000000000000e+00
0.000000000000000000e+00
0.000000000000000000e+00
0.000000000000000000e+00
0.000000000000000000e+00
0.000000000000000000e+00
0.000000000000000000e+00
0.000000000000000000e+00
0.000000000000000000e+00
0.000000000000000000e+00
0.000000000000000000e+00
0.000000000000000000e+00
0.000000000000000000e+00
0.000000000000000000e+00
0.000000000000000000e+00
0.000000000000000000e+00
0.000000000000000000e+00
0.000000000000000000e+00
0.000000000000000000e+00
0.000000000000000000e+00
0.000000000000000000e+00
0.000000000000000000e+00
0.000000000000000000e+00
0.000000000000000000e+00
0.000000000000000000e+00
0.000000000000000000e+00
0.000000000000000000e+00
0.000000000000000000e+00
0.000000000000000000e+00
0.000000000000000000e+00
0.000000000000000000e+00
0.000000000000000000e+00
0.000000000000000000e+00
0.000000000000000000e+00
0.000000000000000000e+00
0.000000000000000000e+00
0.000000000000000000e+00
0.000000000000000000e+00
0.000000000000000000e+00
0.000000000000000000e+00
0.000000000000000000e+00
0.000000000000000000e+00
0.000000000000000000e+00
0.000000000000000000e+00
0.000000000000000000e+00
0.000000000000000000e+00
0.000000000000000000e+00
1.534852417784438039e+00
3.064695931934130702e+00
0.000000000000000000e+00
0.000000000000000000e+00
0.000000000000000000e+00
0.000000000000000000e+00
0.000000000000000000e+00
0.000000000000000000e+00
0.000000000000000000e+00
0.000000000000000000e+00
0.000000000000000000e+00
0.000000000000000000e+00
0.000000000000000000e+00
0.000000000000000000e+00
0.000000000000000000e+00
0.000000000000000000e+00
0.000000000000000000e+00
0.000000000000000000e+00
0.000000000000000000e+00
0.000000000000000000e+00
0.000000000000000000e+00
0.000000000000000000e+00
0.000000000000000000e+00
0.000000000000000000e+00
0.000000000000000000e+00
0.000000000000000000e+00
0.000000000000000000e+00
1.058888938575228922e+00
0.000000000000000000e+00
0.000000000000000000e+00
0.000000000000000000e+00
0.000000000000000000e+00
0.000000000000000000e+00
0.000000000000000000e+00
0.000000000000000000e+00
0.000000000000000000e+00
0.000000000000000000e+00
0.000000000000000000e+00
0.000000000000000000e+00
0.000000000000000000e+00
0.000000000000000000e+00
0.000000000000000000e+00
0.000000000000000000e+00
0.000000000000000000e+00
6.103515435521947611e-04
0.000000000000000000e+00
0.000000000000000000e+00
0.000000000000000000e+00
0.000000000000000000e+00
0.000000000000000000e+00
0.000000000000000000e+00
0.000000000000000000e+00
0.000000000000000000e+00
0.000000000000000000e+00
0.000000000000000000e+00
0.000000000000000000e+00
0.000000000000000000e+00
0.000000000000000000e+00
0.000000000000000000e+00
0.000000000000000000e+00
0.000000000000000000e+00
6.139409671137752156e+00
0.000000000000000000e+00
0.000000000000000000e+00
0.000000000000000000e+00
0.000000000000000000e+00
0.000000000000000000e+00
0.000000000000000000e+00
0.000000000000000000e+00
0.000000000000000000e+00
0.000000000000000000e+00
0.000000000000000000e+00
0.000000000000000000e+00
0.000000000000000000e+00
0.000000000000000000e+00
0.000000000000000000e+00
0.000000000000000000e+00
0.000000000000000000e+00
0.000000000000000000e+00
0.000000000000000000e+00
0.000000000000000000e+00
0.000000000000000000e+00
0.000000000000000000e+00
0.000000000000000000e+00
0.000000000000000000e+00
0.000000000000000000e+00
0.000000000000000000e+00
0.000000000000000000e+00
0.000000000000000000e+00
0.000000000000000000e+00
0.000000000000000000e+00
8.001600123562556677e-01
0.000000000000000000e+00
0.000000000000000000e+00
0.000000000000000000e+00
0.000000000000000000e+00
0.000000000000000000e+00
0.000000000000000000e+00
0.000000000000000000e+00
0.000000000000000000e+00
0.000000000000000000e+00
0.000000000000000000e+00
0.000000000000000000e+00
8.239559626510307641e-03
0.000000000000000000e+00
3.051757717760973806e-04
0.000000000000000000e+00
0.000000000000000000e+00
0.000000000000000000e+00
0.000000000000000000e+00
0.000000000000000000e+00
0.000000000000000000e+00
0.000000000000000000e+00
0.000000000000000000e+00
0.000000000000000000e+00
0.000000000000000000e+00
0.000000000000000000e+00
0.000000000000000000e+00
0.000000000000000000e+00
0.000000000000000000e+00
0.000000000000000000e+00
0.000000000000000000e+00
0.000000000000000000e+00
0.000000000000000000e+00
0.000000000000000000e+00
0.000000000000000000e+00
0.000000000000000000e+00
0.000000000000000000e+00
0.000000000000000000e+00
0.000000000000000000e+00
0.000000000000000000e+00
0.000000000000000000e+00
0.000000000000000000e+00
0.000000000000000000e+00
0.000000000000000000e+00
0.000000000000000000e+00
0.000000000000000000e+00
0.000000000000000000e+00
0.000000000000000000e+00
0.000000000000000000e+00
0.000000000000000000e+00
0.000000000000000000e+00
0.000000000000000000e+00
0.000000000000000000e+00
0.000000000000000000e+00
0.000000000000000000e+00
0.000000000000000000e+00
0.000000000000000000e+00
0.000000000000000000e+00
0.000000000000000000e+00
0.000000000000000000e+00
0.000000000000000000e+00
0.000000000000000000e+00
0.000000000000000000e+00
0.000000000000000000e+00
0.000000000000000000e+00
0.000000000000000000e+00
0.000000000000000000e+00
0.000000000000000000e+00
0.000000000000000000e+00
0.000000000000000000e+00
0.000000000000000000e+00
0.000000000000000000e+00
0.000000000000000000e+00
0.000000000000000000e+00
0.000000000000000000e+00
0.000000000000000000e+00
6.103515435521947611e-04
0.000000000000000000e+00
0.000000000000000000e+00
0.000000000000000000e+00
0.000000000000000000e+00
0.000000000000000000e+00
0.000000000000000000e+00
0.000000000000000000e+00
0.000000000000000000e+00
0.000000000000000000e+00
0.000000000000000000e+00
0.000000000000000000e+00
0.000000000000000000e+00
0.000000000000000000e+00
0.000000000000000000e+00
0.000000000000000000e+00
0.000000000000000000e+00
1.539245392815994817e+00
0.000000000000000000e+00
0.000000000000000000e+00
1.532347965967065351e+00
0.000000000000000000e+00
0.000000000000000000e+00
0.000000000000000000e+00
0.000000000000000000e+00
0.000000000000000000e+00
0.000000000000000000e+00
0.000000000000000000e+00
0.000000000000000000e+00
0.000000000000000000e+00
0.000000000000000000e+00
0.000000000000000000e+00
0.000000000000000000e+00
0.000000000000000000e+00
0.000000000000000000e+00
0.000000000000000000e+00
0.000000000000000000e+00
0.000000000000000000e+00
0.000000000000000000e+00
0.000000000000000000e+00
0.000000000000000000e+00
0.000000000000000000e+00
0.000000000000000000e+00
0.000000000000000000e+00
0.000000000000000000e+00
0.000000000000000000e+00
0.000000000000000000e+00
0.000000000000000000e+00
0.000000000000000000e+00
0.000000000000000000e+00
0.000000000000000000e+00
0.000000000000000000e+00
0.000000000000000000e+00
0.000000000000000000e+00
0.000000000000000000e+00
0.000000000000000000e+00
0.000000000000000000e+00
0.000000000000000000e+00
0.000000000000000000e+00
0.000000000000000000e+00
0.000000000000000000e+00
0.000000000000000000e+00
2.441401399378937635e-03
0.000000000000000000e+00
0.000000000000000000e+00
0.000000000000000000e+00
0.000000000000000000e+00
0.000000000000000000e+00
0.000000000000000000e+00
0.000000000000000000e+00
0.000000000000000000e+00
0.000000000000000000e+00
0.000000000000000000e+00
0.000000000000000000e+00
0.000000000000000000e+00
0.000000000000000000e+00
0.000000000000000000e+00
0.000000000000000000e+00
0.000000000000000000e+00
0.000000000000000000e+00
1.541175363365770545e+00
0.000000000000000000e+00
0.000000000000000000e+00
0.000000000000000000e+00
0.000000000000000000e+00
0.000000000000000000e+00
0.000000000000000000e+00
0.000000000000000000e+00
0.000000000000000000e+00
0.000000000000000000e+00
0.000000000000000000e+00
0.000000000000000000e+00
0.000000000000000000e+00
0.000000000000000000e+00
0.000000000000000000e+00
0.000000000000000000e+00
0.000000000000000000e+00
0.000000000000000000e+00
0.000000000000000000e+00
0.000000000000000000e+00
0.000000000000000000e+00
0.000000000000000000e+00
0.000000000000000000e+00
0.000000000000000000e+00
0.000000000000000000e+00
0.000000000000000000e+00
0.000000000000000000e+00
0.000000000000000000e+00
0.000000000000000000e+00
0.000000000000000000e+00
0.000000000000000000e+00
0.000000000000000000e+00
0.000000000000000000e+00
0.000000000000000000e+00
0.000000000000000000e+00
0.000000000000000000e+00
0.000000000000000000e+00
0.000000000000000000e+00
0.000000000000000000e+00
0.000000000000000000e+00
0.000000000000000000e+00
0.000000000000000000e+00
0.000000000000000000e+00
0.000000000000000000e+00
0.000000000000000000e+00
0.000000000000000000e+00
0.000000000000000000e+00
0.000000000000000000e+00
0.000000000000000000e+00
