# pd_vector
0.000000000000000000e+00
0.000000000000000000e+00
0.000000000000000000e+00
0.000000000000000000e+00
0.000000000000000000e+00
0.000000000000000000e+00
0.000000000000000000e+00
0.000000000000000000e+00
0.000000000000000000e+00
0.000000000000000000e+00
0.000000000000000000e+00
0.000000000000000000e+00
0.000000000000000000e+00
5.493163891969752959e-03
0.000000000000000000e+00
0.000000000000000000e+00
0.000000000000000000e+00
0.000000000000000000e+00
0.000000000000000000e+00
2.838134677517705623e-02
0.000000000000000000e+00
0.000000000000000000e+00
0.000000000000000000e+00
0.000000000000000000e+00
0.000000000000000000e+00
0.000000000000000000e+00
4.565429545770416930e-01
0.000000000000000000e+00
0.000000000000000000e+00
0.000000000000000000e+00
0.000000000000000000e+00
0.000000000000000000e+00
0.000000000000000000e+00
2.441401399378937635e-03
1.466369583384147912e+00
0.000000000000000000e+00
0.000000000000000000e+00
0.000000000000000000e+00
0.000000000000000000e+00
0.000000000000000000e+00
0.000000000000000000e+00
0.000000000000000000e+00
2.978509707242303906e-01
5.133056481273958305e+00
0.000000000000000000e+00
0.000000000000000000e+00
0.000000000000000000e+00
0.000000000000000000e+00
0.000000000000000000e+00
0.000000000000000000e+00
0.000000000000000000e+00
0.000000000000000000e+00
2.355952350400674966e+00
8.880309782912657823e+00
0.000000000000000000e+00
0.000000000000000000e+00
0.000000000000000000e+00
0.000000000000000000e+00
0.000000000000000000e+00
0.000000000000000000e+00
0.000000000000000000e+00
0.000000000000000000e+00
3.954988620724947390e-01
5.454090726212546869e+00
8.233947498290882905e+00
0.000000000000000000e+00
0.000000000000000000e+00
0.000000000000000000e+00
0.000000000000000000e+00
0.000000000000000000e+00
0.000000000000000000e+00
0.000000000000000000e+00
0.000000000000000000e+00
7.811506816565483291e-02
1.590235007916489307e+00
5.195302177878379446e+00
8.180846914001842052e+00
0.000000000000000000e+00
0.000000000000000000e+00
0.000000000000000000e+00
0.000000000000000000e+00
0.000000000000000000e+00
0.000000000000000000e+00
0.000000000000000000e+00
0.000000000000000000e+00
0.000000000000000000e+00
3.515178067454467481e-01
3.180470015832978614e+00
7.358383817728118004e+00
7.942809812016486504e+00
0.000000000000000000e+00
0.000000000000000000e+00
0.000000000000000000e+00
0.000000000000000000e+00
0.000000000000000000e+00
0.000000000000000000e+00
0.000000000000000000e+00
0.000000000000000000e+00
0.000000000000000000e+00
1.143854552348113895e-01
1.581830130354510366e+00
6.509252104943143102e+00
9.570293485565436242e+00
7.721252201707040186e+00
0.000000000000000000e+00
0.000000000000000000e+00
0.000000000000000000e+00
0.000000000000000000e+00
0.000000000000000000e+00
0.000000000000000000e+00
0.000000000000000000e+00
0.000000000000000000e+00
0.000000000000000000e+00
0.000000000000000000e+00
5.719272761740569200e-01
5.155594498933218972e+00
1.107396813802985314e+01
1.108640375457975580e+01
6.987609646357301862e+00
0.000000000000000000e+00
0.000000000000000000e+00
0.000000000000000000e+00
0.000000000000000000e+00
0.000000000000000000e+00
0.000000000000000000e+00
0.000000000000000000e+00
0.000000000000000000e+00
0.000000000000000000e+00
0.000000000000000000e+00
1.974682253342787686e-01
4.194133358609750672e+00
1.093610954319167661e+01
1.490536336435714659e+01
1.135984071131019668e+01
6.109008599413916940e+00
0.000000000000000000e+00
0.000000000000000000e+00
0.000000000000000000e+00
0.000000000000000000e+00
0.000000000000000000e+00
0.000000000000000000e+00
0.000000000000000000e+00
0.000000000000000000e+00
0.000000000000000000e+00
0.000000000000000000e+00
2.085909612770174559e-01
2.501264187567531216e+00
1.014217703081994237e+01
1.763447663839657764e+01
1.844837400375658021e+01
1.110593496577478767e+01
5.333251787559078139e+00
0.000000000000000000e+00
0.000000000000000000e+00
0.000000000000000000e+00
0.000000000000000000e+00
0.000000000000000000e+00
0.000000000000000000e+00
0.000000000000000000e+00
0.000000000000000000e+00
0.000000000000000000e+00
0.000000000000000000e+00
0.000000000000000000e+00
1.460136728939122275e+00
9.610120299601566884e+00
1.883547162866560853e+01
2.302441634182676111e+01
1.895098714097370873e+01
1.031980371517476947e+01
4.513854840340256303e+00
0.000000000000000000e+00
0.000000000000000000e+00
0.000000000000000000e+00
0.000000000000000000e+00
0.000000000000000000e+00
0.000000000000000000e+00
0.000000000000000000e+00
0.000000000000000000e+00
0.000000000000000000e+00
0.000000000000000000e+00
0.000000000000000000e+00
4.649902257718229182e-01
5.423364993202453910e+00
1.737720382941653341e+01
2.726186683096338115e+01
2.724263002277212209e+01
1.765737627961159006e+01
9.182110663064184664e+00
3.725280646070820545e+00
0.000000000000000000e+00
0.000000000000000000e+00
0.000000000000000000e+00
0.000000000000000000e+00
0.000000000000000000e+00
0.000000000000000000e+00
0.000000000000000000e+00
0.000000000000000000e+00
0.000000000000000000e+00
0.000000000000000000e+00
0.000000000000000000e+00
0.000000000000000000e+00
4.494905515794288320e+00
1.814741363110051964e+01
3.001517025081037460e+01
3.271424019715605880e+01
2.630524920478426409e+01
1.595178743692395607e+01
7.785629062619432439e+00
3.002319242733245908e+00
0.000000000000000000e+00
0.000000000000000000e+00
0.000000000000000000e+00
0.000000000000000000e+00
0.000000000000000000e+00
0.000000000000000000e+00
0.000000000000000000e+00
0.000000000000000000e+00
0.000000000000000000e+00
0.000000000000000000e+00
0.000000000000000000e+00
2.961984274725674715e-01
3.721436805200566411e+00
1.627465790201380358e+01
2.993280294325200330e+01
3.817719023129389910e+01
3.378183777934763299e+01
2.419614236431158361e+01
1.342224263158529141e+01
6.254870385208838535e+00
2.453613205079822723e+00
0.000000000000000000e+00
0.000000000000000000e+00
0.000000000000000000e+00
0.000000000000000000e+00
0.000000000000000000e+00
0.000000000000000000e+00
0.000000000000000000e+00
0.000000000000000000e+00
0.000000000000000000e+00
0.000000000000000000e+00
0.000000000000000000e+00
0.000000000000000000e+00
2.961984274725674826e+00
1.072649432087222188e+01
3.130934186863607493e+01
4.307403350370410777e+01
4.081009990241761187e+01
3.107471533879042624e+01
2.124729854105811455e+01
1.160953951375302395e+01
5.461414930410683155e+00
2.047729428617613312e+00
0.000000000000000000e+00
0.000000000000000000e+00
0.000000000000000000e+00
0.000000000000000000e+00
0.000000000000000000e+00
0.000000000000000000e+00
0.000000000000000000e+00
0.000000000000000000e+00
0.000000000000000000e+00
0.000000000000000000e+00
0.000000000000000000e+00
0.000000000000000000e+00
1.543321117390588748e+00
9.478349679122159088e+00
2.758241396795714095e+01
4.293409751293165044e+01
5.350358156755497419e+01
4.127085909486426374e+01
2.905390562964209167e+01
1.714625746236123405e+01
9.360139735715709008e+00
4.353018695092646162e+00
1.582641552430841037e+00
0.000000000000000000e+00
0.000000000000000000e+00
0.000000000000000000e+00
0.000000000000000000e+00
0.000000000000000000e+00
0.000000000000000000e+00
0.000000000000000000e+00
0.000000000000000000e+00
0.000000000000000000e+00
0.000000000000000000e+00
0.000000000000000000e+00
5.906318823794730610e-01
1.455847690677663842e+00
5.401623910867060729e+00
2.251108048791512672e+01
5.231902332017266843e+01
5.114892483490051944e+01
4.964464878393015113e+01
3.745314007173487880e+01
2.142820861398800147e+01
1.326003282111990700e+01
7.250812471329070696e+00
3.273919276567155201e+00
1.295471151189533376e+00
0.000000000000000000e+00
0.000000000000000000e+00
0.000000000000000000e+00
0.000000000000000000e+00
0.000000000000000000e+00
0.000000000000000000e+00
0.000000000000000000e+00
0.000000000000000000e+00
0.000000000000000000e+00
0.000000000000000000e+00
0.000000000000000000e+00
0.000000000000000000e+00
2.362527529517892244e+00
4.852825635592212805e+00
2.083483508477294777e+01
4.087538299121430896e+01
6.173206935685645647e+01
5.238889877029205167e+01
4.067523744901840388e+01
2.876453815702661032e+01
1.887360011374387980e+01
1.095563831023309120e+01
6.113753242870648030e+00
2.573237074945400327e+00
1.029052702429000377e+00
0.000000000000000000e+00
0.000000000000000000e+00
0.000000000000000000e+00
0.000000000000000000e+00
0.000000000000000000e+00
0.000000000000000000e+00
0.000000000000000000e+00
0.000000000000000000e+00
0.000000000000000000e+00
0.000000000000000000e+00
0.000000000000000000e+00
0.000000000000000000e+00
0.000000000000000000e+00
1.771895647138419072e+00
1.795545485169118649e+01
4.012634905215530523e+01
6.605224932638255098e+01
6.435896592523332060e+01
4.758399977064988207e+01
3.243589447857621622e+01
2.376200978189154611e+01
1.380251159833390773e+01
8.553599964139204204e+00
4.737746785243427183e+00
2.180171449645391224e+00
8.364867904382828900e-01
0.000000000000000000e+00
0.000000000000000000e+00
0.000000000000000000e+00
0.000000000000000000e+00
0.000000000000000000e+00
0.000000000000000000e+00
0.000000000000000000e+00
0.000000000000000000e+00
0.000000000000000000e+00
0.000000000000000000e+00
0.000000000000000000e+00
0.000000000000000000e+00
0.000000000000000000e+00
2.091404576604271703e+00
1.004074200045104170e+01
4.221958302965224874e+01
6.327616581301413845e+01
7.138382102088876024e+01
5.735390840956166869e+01
4.231411054523588433e+01
2.805548429175884806e+01
1.783796302186318172e+01
1.201047279965519543e+01
6.932712299701866421e+00
3.674843593423597010e+00
1.850582260729234818e+00
6.454467573064459618e-01
0.000000000000000000e+00
0.000000000000000000e+00
0.000000000000000000e+00
0.000000000000000000e+00
0.000000000000000000e+00
0.000000000000000000e+00
0.000000000000000000e+00
0.000000000000000000e+00
0.000000000000000000e+00
0.000000000000000000e+00
0.000000000000000000e+00
0.000000000000000000e+00
0.000000000000000000e+00
1.600320024712511335e+00
8.365618306417086814e+00
3.602854482514785417e+01
6.648371120761331099e+01
6.674863832714297018e+01
6.012828077693119866e+01
4.597068994659523611e+01
3.363429299749519430e+01
2.117198256961727054e+01
1.540252157607374528e+01
9.074579448628369960e+00
5.097008197808977847e+00
3.032157942555793184e+00
1.389157396246615495e+00
5.322265459775138430e-01
0.000000000000000000e+00
0.000000000000000000e+00
0.000000000000000000e+00
0.000000000000000000e+00
0.000000000000000000e+00
0.000000000000000000e+00
0.000000000000000000e+00
0.000000000000000000e+00
0.000000000000000000e+00
0.000000000000000000e+00
0.000000000000000000e+00
0.000000000000000000e+00
0.000000000000000000e+00
1.792110769142687854e+00
3.200640049425022671e+00
3.555387780227261629e+01
6.083508388508572295e+01
7.133653684320552202e+01
7.793771642822473211e+01
4.472596254835768548e+01
3.436856343626405419e+01
2.386949825628691002e+01
1.428848084747569658e+01
1.217720722894719110e+01
7.244412164871388171e+00
3.495649300413053773e+00
2.496586566832623255e+00
1.076658017126111533e+00
4.217529165945665959e-01
0.000000000000000000e+00
0.000000000000000000e+00
0.000000000000000000e+00
0.000000000000000000e+00
0.000000000000000000e+00
0.000000000000000000e+00
0.000000000000000000e+00
0.000000000000000000e+00
0.000000000000000000e+00
0.000000000000000000e+00
0.000000000000000000e+00
0.000000000000000000e+00
0.000000000000000000e+00
9.825870786883099672e-01
2.688166153714031559e+00
2.320464035833141381e+01
6.413640701586433579e+01
7.382898529743413008e+01
6.405729838981720548e+01
5.826037218149472352e+01
3.643240657912579650e+01
2.802023006268661831e+01
1.844461228894897431e+01
1.303693507981359012e+01
9.346829332489194897e+00
5.643015791584028662e+00
3.163660260709020733e+00
2.101087704760128627e+00
8.520490883832492202e-01
3.463745009658705243e-01
0.000000000000000000e+00
0.000000000000000000e+00
0.000000000000000000e+00
0.000000000000000000e+00
0.000000000000000000e+00
0.000000000000000000e+00
0.000000000000000000e+00
0.000000000000000000e+00
0.000000000000000000e+00
0.000000000000000000e+00
0.000000000000000000e+00
0.000000000000000000e+00
0.000000000000000000e+00
0.000000000000000000e+00
2.947761236064930124e+00
2.150532922971225247e+01
3.360672051896273871e+01
7.529056475775378487e+01
7.146645776791623916e+01
5.435164711863278342e+01
5.054376659454177911e+01
3.080463645714701570e+01
2.276643692593287582e+01
1.410470351507862929e+01
9.178002296188768838e+00
7.108856112034036556e+00
3.927233963061857569e+00
2.343452044969644987e+00
1.433683375012793526e+00
7.250962156155444926e-01
2.713012611089505866e-01
0.000000000000000000e+00
0.000000000000000000e+00
0.000000000000000000e+00
0.000000000000000000e+00
0.000000000000000000e+00
0.000000000000000000e+00
0.000000000000000000e+00
0.000000000000000000e+00
0.000000000000000000e+00
0.000000000000000000e+00
0.000000000000000000e+00
0.000000000000000000e+00
0.000000000000000000e+00
0.000000000000000000e+00
1.058888938575228922e+00
8.843283708194789483e+00
4.838699076685256983e+01
6.641328102556921920e+01
7.389629504001760552e+01
5.433813317891151939e+01
4.367543072032991347e+01
3.356723430324530710e+01
2.695405690000363919e+01
1.663701159972017862e+01
1.301972632161104215e+01
7.717865567249646119e+00
5.594933051137898516e+00
4.117876388453209913e+00
1.816175334851474865e+00
1.005226274434257494e+00
5.175770966683347352e-01
2.157592706457008569e-01
0.000000000000000000e+00
0.000000000000000000e+00
0.000000000000000000e+00
0.000000000000000000e+00
0.000000000000000000e+00
0.000000000000000000e+00
0.000000000000000000e+00
0.000000000000000000e+00
0.000000000000000000e+00
0.000000000000000000e+00
0.000000000000000000e+00
0.000000000000000000e+00
0.000000000000000000e+00
1.182041580245927204e+00
2.250233972914781333e+00
6.353333631451373975e+00
3.144278651802591895e+01
6.182782153542272852e+01
6.881376106263799386e+01
5.228511441510678992e+01
4.429739117846047947e+01
3.494034457626393220e+01
2.816561039237824460e+01
1.866050093077175021e+01
1.291557479451961399e+01
8.524820805816753833e+00
6.987797202780084760e+00
4.541769182688412343e+00
2.478351530087580024e+00
1.679473965561578908e+00
9.557889166751957211e-01
4.345694490894508877e-01
1.861572207834193970e-01
0.000000000000000000e+00
0.000000000000000000e+00
0.000000000000000000e+00
0.000000000000000000e+00
0.000000000000000000e+00
0.000000000000000000e+00
0.000000000000000000e+00
0.000000000000000000e+00
0.000000000000000000e+00
0.000000000000000000e+00
0.000000000000000000e+00
0.000000000000000000e+00
0.000000000000000000e+00
0.000000000000000000e+00
0.000000000000000000e+00
9.000935891659125332e+00
2.964889028010641070e+01
5.109452809179212096e+01
6.720415384285080052e+01
5.361072082786913029e+01
4.461663096755779634e+01
3.839107235466575219e+01
2.426412817796106225e+01
2.006317452607765262e+01
1.510611980110094166e+01
9.194137989319045801e+00
5.424885967337933934e+00
3.858932783624823060e+00
1.908859511564694911e+00
2.287709104696227680e+00
9.569095850292717031e-01
8.321955222775411221e-01
2.807611609285778353e-01
1.409912065605569975e-01
0.000000000000000000e+00
0.000000000000000000e+00
0.000000000000000000e+00
0.000000000000000000e+00
0.000000000000000000e+00
0.000000000000000000e+00
0.000000000000000000e+00
0.000000000000000000e+00
0.000000000000000000e+00
0.000000000000000000e+00
0.000000000000000000e+00
0.000000000000000000e+00
0.000000000000000000e+00
0.000000000000000000e+00
0.000000000000000000e+00
4.728166320983708815e+00
2.475257370206259466e+01
3.917889072728347344e+01
6.288557303605183790e+01
6.630809845827944571e+01
5.201040080315662095e+01
3.834241723774498212e+01
2.480653905993786879e+01
1.213206408898053112e+01
1.543321117390588704e+01
7.997357541759321897e+00
7.223965563036394144e+00
5.114892483490051767e+00
3.128864419155261700e+00
2.369618704011345223e+00
1.372625462817736786e+00
1.308427391774718451e+00
5.273318160966596890e-01
2.636713511329252801e-01
1.226806602539911445e-01
0.000000000000000000e+00
0.000000000000000000e+00
0.000000000000000000e+00
0.000000000000000000e+00
0.000000000000000000e+00
0.000000000000000000e+00
0.000000000000000000e+00
0.000000000000000000e+00
0.000000000000000000e+00
0.000000000000000000e+00
0.000000000000000000e+00
0.000000000000000000e+00
0.000000000000000000e+00
0.000000000000000000e+00
0.000000000000000000e+00
1.230715447488967884e+00
2.482287318516447172e+01
3.150327562080693866e+01
6.141555843736328058e+01
5.699005056392197588e+01
3.853038153656778775e+01
3.520704054367524805e+01
2.370258520151507753e+01
1.771895647138419250e+01
1.261734665253975329e+01
8.874096424995885357e+00
7.701159114286753926e+00
3.064712663106349044e+00
3.874918548098524429e+00
1.668727690216139647e+00
2.040504995120880682e+00
1.639524858365629889e+00
7.616219146151346209e-01
3.707801831929638525e-01
2.172847245447254438e-01
8.972167690217262848e-02
0.000000000000000000e+00
0.000000000000000000e+00
0.000000000000000000e+00
0.000000000000000000e+00
0.000000000000000000e+00
0.000000000000000000e+00
0.000000000000000000e+00
0.000000000000000000e+00
0.000000000000000000e+00
0.000000000000000000e+00
0.000000000000000000e+00
0.000000000000000000e+00
0.000000000000000000e+00
0.000000000000000000e+00
0.000000000000000000e+00
0.000000000000000000e+00
6.153577237444839199e+00
5.555595427155857635e+01
6.188143425515648488e+01
5.506222480591190305e+01
4.028607022622070843e+01
2.688166153714031736e+01
1.840368028419387869e+01
1.812550633057035299e+01
1.299390141234840712e+01
9.705651271184425610e+00
1.080324782173412146e+01
2.665785847253107299e+00
3.940344852565305533e+00
3.564925064250642261e+00
1.981614132131665817e+00
1.118986610227579837e+00
1.220111522504654822e+00
3.905753408282741646e-01
5.026131372171287470e-01
2.075191189472097020e-01
6.835937287784581151e-02
0.000000000000000000e+00
0.000000000000000000e+00
0.000000000000000000e+00
0.000000000000000000e+00
0.000000000000000000e+00
0.000000000000000000e+00
0.000000000000000000e+00
0.000000000000000000e+00
0.000000000000000000e+00
0.000000000000000000e+00
0.000000000000000000e+00
0.000000000000000000e+00
0.000000000000000000e+00
0.000000000000000000e+00
0.000000000000000000e+00
1.307719656795440555e+00
1.272255159682329406e+01
3.938289431964697229e+01
5.437391269131265403e+01
4.387956247183823422e+01
3.917889072728347344e+01
2.947761236064929946e+01
2.867377230628300566e+01
1.440288022241260180e+01
1.045702288302135941e+01
8.268846353312623521e+00
6.308673326269876647e+00
3.858302793476471759e+00
3.554381129670809436e+00
3.064712663106349044e+00
1.859960903087291673e+00
1.564432209577630850e+00
1.053163868449486840e+00
8.006981866436797546e-01
4.101041078696878728e-01
2.719054676748401400e-01
1.538082881608730801e-01
6.469726361653264923e-02
0.000000000000000000e+00
0.000000000000000000e+00
0.000000000000000000e+00
0.000000000000000000e+00
0.000000000000000000e+00
0.000000000000000000e+00
0.000000000000000000e+00
0.000000000000000000e+00
0.000000000000000000e+00
0.000000000000000000e+00
0.000000000000000000e+00
0.000000000000000000e+00
0.000000000000000000e+00
0.000000000000000000e+00
0.000000000000000000e+00
6.690274075200358439e+00
9.154037597568084550e+00
2.290059287428193002e+01
3.692146342466903519e+01
3.427920582713188935e+01
2.137722274269042089e+01
2.647222346438072194e+01
8.843283708194789483e+00
1.792110769142687943e+01
1.040208016063132312e+01
7.668483447548996246e+00
1.063137388283051443e+01
7.279238453388319208e+00
3.858302793476471759e+00
2.665785847253107299e+00
2.845804615741609478e+00
2.014957645011232756e+00
8.343638451080698237e-01
7.898729013371150742e-01
1.029469097113302478e+00
4.882191760353427057e-01
2.142285502892679883e-01
1.293942741670836838e-01
4.791259616884729206e-02
0.000000000000000000e+00
0.000000000000000000e+00
0.000000000000000000e+00
0.000000000000000000e+00
0.000000000000000000e+00
0.000000000000000000e+00
0.000000000000000000e+00
0.000000000000000000e+00
0.000000000000000000e+00
0.000000000000000000e+00
0.000000000000000000e+00
0.000000000000000000e+00
0.000000000000000000e+00
0.000000000000000000e+00
0.000000000000000000e+00
1.364076919001420141e+00
5.352219260160286929e+00
1.961579485193160721e+01
3.943990995015221301e+01
4.184432521462490939e+01
2.245879002467261643e+01
1.800187178331825066e+01
1.058888938575228877e+01
1.572139325901295948e+01
8.960553845713439713e+00
8.001600123562557343e+00
9.062753165285176493e+00
3.543791294276838144e+00
3.396977944914548964e+00
3.858302793476471759e+00
2.665785847253107299e+00
3.064712663106349044e+00
1.394970677315468865e+00
1.355841248300613477e+00
3.291137088904646513e-01
6.863127314088683928e-01
3.515178067454467481e-01
1.812703117832267785e-01
1.049802601732943153e-01
3.784179570023607497e-02
0.000000000000000000e+00
0.000000000000000000e+00
0.000000000000000000e+00
0.000000000000000000e+00
0.000000000000000000e+00
0.000000000000000000e+00
0.000000000000000000e+00
0.000000000000000000e+00
0.000000000000000000e+00
0.000000000000000000e+00
0.000000000000000000e+00
0.000000000000000000e+00
0.000000000000000000e+00
0.000000000000000000e+00
0.000000000000000000e+00
0.000000000000000000e+00
4.092230757004260866e+00
1.739471259552093230e+01
4.969334695822674064e+01
4.452893058888152922e+01
2.584502439726832534e+01
7.092249481475563222e+00
1.462652082394607866e+01
1.058888938575228877e+01
8.843283708194789483e+00
9.856609230284783862e+00
4.800960074137534228e+00
7.668483447548996246e+00
2.362527529517892244e+00
3.882260508473770244e+00
2.314981676085883233e+00
1.777190564835404718e+00
6.567241420942175889e-01
1.239973935391527782e+00
6.257728838310523400e-01
8.556956431152080711e-01
4.194133358609750672e-01
1.562301363313096658e-01
1.730307521567164553e-01
7.080064058198919097e-02
3.295898335181851602e-02
0.000000000000000000e+00
0.000000000000000000e+00
0.000000000000000000e+00
0.000000000000000000e+00
0.000000000000000000e+00
0.000000000000000000e+00
0.000000000000000000e+00
0.000000000000000000e+00
0.000000000000000000e+00
0.000000000000000000e+00
0.000000000000000000e+00
0.000000000000000000e+00
0.000000000000000000e+00
0.000000000000000000e+00
0.000000000000000000e+00
0.000000000000000000e+00
2.772952782428174334e+00
1.364076919001420052e+01
4.281775408128229543e+01
3.530843073347689653e+01
2.290059287428193002e+01
1.969144715982348615e+01
1.418449896295112644e+01
1.800187178331825066e+01
1.058888938575228877e+01
5.895522472129860247e+00
6.272387691999407267e+00
3.200640049425022671e+00
4.879944012076633975e+00
2.362527529517892244e+00
2.911695381355327683e+00
7.716605586952943741e-01
8.885952824177023590e-01
1.751264378917913644e+00
7.749837096197048636e-01
6.257728838310523400e-01
3.291137088904646513e-01
1.525139403130818527e-01
3.124602726626193316e-01
1.647911925302061598e-01
7.080064058198919097e-02
3.570556529780339466e-02
0.000000000000000000e+00
0.000000000000000000e+00
0.000000000000000000e+00
0.000000000000000000e+00
0.000000000000000000e+00
0.000000000000000000e+00
0.000000000000000000e+00
0.000000000000000000e+00
0.000000000000000000e+00
0.000000000000000000e+00
0.000000000000000000e+00
0.000000000000000000e+00
0.000000000000000000e+00
0.000000000000000000e+00
0.000000000000000000e+00
0.000000000000000000e+00
4.217491661706206152e+00
1.941066947699722078e+01
4.092230757004260511e+01
3.478942519104186459e+01
2.484667347911337032e+01
8.905786117776306909e+00
1.476858536986761550e+01
1.182041580245927204e+00
7.875818905201734665e+00
2.117777877150457844e+00
6.878109550818169993e+00
1.792110769142687854e+00
4.000800061781278671e+00
0.000000000000000000e+00
5.906318823794730610e-01
0.000000000000000000e+00
1.929151396738235880e+00
8.885952824177023590e-01
6.567241420942175889e-01
4.649902257718229182e-01
7.300683644695611374e-01
1.974682253342787686e-01
7.625697015654092636e-02
2.148164374555507905e-01
1.647911925302061598e-01
5.615223218571556429e-02
2.349853442675949727e-02
0.000000000000000000e+00
0.000000000000000000e+00
0.000000000000000000e+00
0.000000000000000000e+00
0.000000000000000000e+00
0.000000000000000000e+00
0.000000000000000000e+00
0.000000000000000000e+00
0.000000000000000000e+00
0.000000000000000000e+00
0.000000000000000000e+00
0.000000000000000000e+00
0.000000000000000000e+00
0.000000000000000000e+00
0.000000000000000000e+00
0.000000000000000000e+00
2.845238559429585923e+00
1.265247498511861934e+01
1.802419308578313206e+01
3.546599989403692632e+01
1.204249333536064626e+01
9.154037597568084550e+00
8.905786117776306909e+00
1.107643902740071162e+01
7.092249481475563222e+00
5.625584932286953332e+00
6.353333631451373975e+00
5.895522472129860247e+00
2.688166153714031559e+00
1.600320024712511335e+00
2.788539435472362271e+00
1.771895647138419072e+00
9.705651271184425610e-01
1.929151396738235880e+00
1.777190564835404718e+00
4.378160947294784111e-01
4.649902257718229182e-01
4.171819225540349119e-01
3.291137088904646513e-01
3.812848507827046318e-01
1.952876704141370823e-01
8.239559626510307988e-02
6.347643638385237763e-02
2.136230402432681696e-02
0.000000000000000000e+00
0.000000000000000000e+00
0.000000000000000000e+00
0.000000000000000000e+00
0.000000000000000000e+00
0.000000000000000000e+00
0.000000000000000000e+00
0.000000000000000000e+00
0.000000000000000000e+00
0.000000000000000000e+00
0.000000000000000000e+00
0.000000000000000000e+00
0.000000000000000000e+00
0.000000000000000000e+00
0.000000000000000000e+00
0.000000000000000000e+00
2.874480935271534587e+00
1.422619279714792917e+01
2.108745830853103342e+01
2.218362225942539467e+01
2.318930762302414195e+01
9.366383705280501459e+00
6.538598283977202996e+00
8.905786117776306909e+00
6.153577237444839199e+00
3.546124740737781611e+00
1.125116986457390666e+00
3.176666815725686988e+00
2.947761236064930124e+00
0.000000000000000000e+00
1.600320024712511335e+00
2.788539435472362271e+00
1.181263764758946122e+00
4.852825635592212805e-01
1.929151396738235880e+00
1.184793709890269886e+00
4.378160947294784111e-01
1.549967419239409727e-01
4.171819225540349119e-01
2.632909671123717099e-01
2.668993955478932145e-01
3.905753408282741646e-02
8.239559626510307988e-02
4.394522518882088002e-02
1.708984321946145288e-02
0.000000000000000000e+00
0.000000000000000000e+00
0.000000000000000000e+00
0.000000000000000000e+00
0.000000000000000000e+00
0.000000000000000000e+00
0.000000000000000000e+00
0.000000000000000000e+00
0.000000000000000000e+00
0.000000000000000000e+00
0.000000000000000000e+00
0.000000000000000000e+00
0.000000000000000000e+00
0.000000000000000000e+00
0.000000000000000000e+00
0.000000000000000000e+00
0.000000000000000000e+00
1.149792374108613835e+01
2.418452775515148190e+01
2.671078052413930592e+01
1.247828752092678428e+01
1.500484610901562199e+01
2.676109630080143464e+00
7.846317940772642885e+00
3.816765479046988485e+00
8.615008132422774523e+00
2.364083160491854407e+00
0.000000000000000000e+00
1.058888938575228922e+00
1.965174157376619934e+00
8.960553845713439269e-01
8.001600123562556677e-01
2.091404576604271703e+00
5.906318823794730610e-01
4.852825635592212805e-01
7.716605586952943741e-01
2.961984274725674715e-01
6.567241420942175889e-01
3.099934838478819454e-01
4.171819225540349119e-01
0.000000000000000000e+00
3.812848507827046318e-02
7.811506816565483291e-02
4.943735775906184238e-02
3.662102099068406669e-02
9.765624696835116178e-03
0.000000000000000000e+00
0.000000000000000000e+00
0.000000000000000000e+00
0.000000000000000000e+00
0.000000000000000000e+00
0.000000000000000000e+00
0.000000000000000000e+00
0.000000000000000000e+00
0.000000000000000000e+00
0.000000000000000000e+00
0.000000000000000000e+00
0.000000000000000000e+00
0.000000000000000000e+00
0.000000000000000000e+00
0.000000000000000000e+00
0.000000000000000000e+00
1.461243764860584493e+00
2.900048006555250080e+00
2.299584748217227670e+01
1.849405063629230739e+01
1.124664443121655033e+01
1.525124030335495817e+01
5.456307676005680563e+00
1.338054815040071732e+00
2.615439313590881110e+00
2.544510319364658990e+00
4.922861789955871537e+00
0.000000000000000000e+00
0.000000000000000000e+00
1.058888938575228922e+00
0.000000000000000000e+00
1.792110769142687854e+00
1.600320024712511335e+00
1.394269717736181136e+00
5.906318823794730610e-01
4.852825635592212805e-01
1.157490838042941617e+00
5.923968549451349430e-01
4.378160947294784111e-01
1.549967419239409727e-01
1.042954806385087280e-01
6.582274177809292748e-02
1.525139403130818527e-01
9.764383520706854114e-02
5.767691738557215175e-02
3.662102099068406669e-02
8.544921609730726439e-03
0.000000000000000000e+00
0.000000000000000000e+00
0.000000000000000000e+00
0.000000000000000000e+00
0.000000000000000000e+00
0.000000000000000000e+00
0.000000000000000000e+00
0.000000000000000000e+00
0.000000000000000000e+00
0.000000000000000000e+00
0.000000000000000000e+00
0.000000000000000000e+00
0.000000000000000000e+00
0.000000000000000000e+00
0.000000000000000000e+00
1.479865982045772466e+00
2.942255348607469401e+00
7.306218824302922243e+00
1.885031204260912574e+01
1.149792374108613835e+01
1.280357351743313643e+01
0.000000000000000000e+00
9.705334738498610392e+00
1.364076919001420141e+00
1.338054815040071732e+00
3.923158970386321442e+00
0.000000000000000000e+00
3.692146342466903874e+00
3.546124740737781611e+00
1.125116986457390666e+00
3.176666815725686988e+00
0.000000000000000000e+00
8.960553845713439269e-01
8.001600123562556677e-01
6.971348588680905678e-01
0.000000000000000000e+00
9.705651271184425610e-01
0.000000000000000000e+00
0.000000000000000000e+00
2.189080473647392056e-01
1.549967419239409727e-01
2.085909612770174559e-01
1.974682253342787686e-01
1.143854552348113895e-01
1.952876704141370823e-02
4.943735775906184238e-02
1.708980979565256214e-02
7.629394294402434135e-03
0.000000000000000000e+00
0.000000000000000000e+00
0.000000000000000000e+00
0.000000000000000000e+00
0.000000000000000000e+00
0.000000000000000000e+00
0.000000000000000000e+00
0.000000000000000000e+00
0.000000000000000000e+00
0.000000000000000000e+00
0.000000000000000000e+00
0.000000000000000000e+00
0.000000000000000000e+00
0.000000000000000000e+00
0.000000000000000000e+00
0.000000000000000000e+00
1.479865982045772466e+00
8.826766045822408202e+00
2.191865647290876851e+01
1.885031204260912574e+01
1.149792374108613835e+01
2.845238559429585923e+00
1.405830553902068791e+00
6.932381956070435614e+00
1.364076919001420141e+00
4.014164445120215419e+00
0.000000000000000000e+00
2.544510319364658990e+00
2.461430894977935768e+00
0.000000000000000000e+00
0.000000000000000000e+00
2.117777877150457844e+00
2.947761236064930124e+00
8.960553845713439269e-01
8.001600123562556677e-01
6.971348588680905678e-01
1.181263764758946122e+00
4.852825635592212805e-01
7.716605586952943741e-01
0.000000000000000000e+00
2.189080473647392056e-01
1.549967419239409727e-01
1.042954806385087280e-01
1.316454835561858550e-01
1.143854552348113895e-01
5.858630112424112468e-02
5.767691738557215175e-02
9.765605597515750538e-03
7.019042750850240132e-03
0.000000000000000000e+00
0.000000000000000000e+00
0.000000000000000000e+00
0.000000000000000000e+00
0.000000000000000000e+00
0.000000000000000000e+00
0.000000000000000000e+00
0.000000000000000000e+00
0.000000000000000000e+00
0.000000000000000000e+00
0.000000000000000000e+00
0.000000000000000000e+00
0.000000000000000000e+00
0.000000000000000000e+00
0.000000000000000000e+00
0.000000000000000000e+00
1.487618036407947875e+00
1.479865982045772466e+00
1.912465976594855022e+01
1.315119388374526110e+01
8.700144019665749795e+00
1.293516420872190587e+01
1.422619279714792961e+00
2.811661107804137583e+00
2.772952782428174334e+00
0.000000000000000000e+00
2.676109630080143464e+00
0.000000000000000000e+00
2.544510319364658990e+00
1.230715447488967884e+00
0.000000000000000000e+00
0.000000000000000000e+00
2.117777877150457844e+00
0.000000000000000000e+00
0.000000000000000000e+00
0.000000000000000000e+00
0.000000000000000000e+00
1.181263764758946122e+00
4.852825635592212805e-01
3.858302793476471870e-01
1.184793709890269886e+00
0.000000000000000000e+00
0.000000000000000000e+00
2.085909612770174559e-01
1.974682253342787686e-01
3.812848507827046318e-02
0.000000000000000000e+00
3.295823850604123056e-02
1.953121119503150108e-02
3.967285033089265785e-03
0.000000000000000000e+00
0.000000000000000000e+00
0.000000000000000000e+00
0.000000000000000000e+00
0.000000000000000000e+00
0.000000000000000000e+00
0.000000000000000000e+00
0.000000000000000000e+00
0.000000000000000000e+00
0.000000000000000000e+00
0.000000000000000000e+00
0.000000000000000000e+00
0.000000000000000000e+00
0.000000000000000000e+00
0.000000000000000000e+00
0.000000000000000000e+00
0.000000000000000000e+00
1.487618036407947875e+00
1.627852580250349845e+01
1.176902139442987760e+01
1.461243764860584493e+00
2.900048006555250080e+00
5.748961870543069175e+00
2.845238559429585923e+00
0.000000000000000000e+00
1.386476391214087167e+00
0.000000000000000000e+00
0.000000000000000000e+00
0.000000000000000000e+00
1.272255159682329495e+00
2.461430894977935768e+00
0.000000000000000000e+00
0.000000000000000000e+00
1.058888938575228922e+00
0.000000000000000000e+00
0.000000000000000000e+00
0.000000000000000000e+00
1.394269717736181136e+00
1.181263764758946122e+00
0.000000000000000000e+00
3.858302793476471870e-01
0.000000000000000000e+00
0.000000000000000000e+00
0.000000000000000000e+00
0.000000000000000000e+00
0.000000000000000000e+00
7.625697015654092636e-02
0.000000000000000000e+00
2.471867887953092119e-02
1.464840839627362667e-02
2.746581945984876479e-03
0.000000000000000000e+00
0.000000000000000000e+00
0.000000000000000000e+00
0.000000000000000000e+00
0.000000000000000000e+00
0.000000000000000000e+00
0.000000000000000000e+00
0.000000000000000000e+00
0.000000000000000000e+00
0.000000000000000000e+00
0.000000000000000000e+00
0.000000000000000000e+00
0.000000000000000000e+00
0.000000000000000000e+00
0.000000000000000000e+00
0.000000000000000000e+00
0.000000000000000000e+00
1.494517789827305210e+00
8.925708218447686804e+00
1.331879383841195263e+01
1.471127674303734700e+00
0.000000000000000000e+00
1.450024003277625040e+00
1.437240467635767294e+00
0.000000000000000000e+00
2.811661107804137583e+00
1.386476391214087167e+00
0.000000000000000000e+00
0.000000000000000000e+00
0.000000000000000000e+00
2.544510319364658990e+00
0.000000000000000000e+00
0.000000000000000000e+00
1.125116986457390666e+00
1.058888938575228922e+00
0.000000000000000000e+00
0.000000000000000000e+00
0.000000000000000000e+00
6.971348588680905678e-01
0.000000000000000000e+00
0.000000000000000000e+00
0.000000000000000000e+00
5.923968549451349430e-01
0.000000000000000000e+00
1.549967419239409727e-01
0.000000000000000000e+00
1.974682253342787686e-01
7.625697015654092636e-02
0.000000000000000000e+00
0.000000000000000000e+00
7.324204198136813337e-03
4.272460804865363219e-03
0.000000000000000000e+00
0.000000000000000000e+00
0.000000000000000000e+00
0.000000000000000000e+00
0.000000000000000000e+00
0.000000000000000000e+00
0.000000000000000000e+00
0.000000000000000000e+00
0.000000000000000000e+00
0.000000000000000000e+00
0.000000000000000000e+00
0.000000000000000000e+00
0.000000000000000000e+00
0.000000000000000000e+00
0.000000000000000000e+00
0.000000000000000000e+00
0.000000000000000000e+00
3.001356539728552875e+00
1.046162452879113580e+01
2.975236072815895749e+00
1.479865982045772466e+00
0.000000000000000000e+00
1.461243764860584493e+00
0.000000000000000000e+00
1.437240467635767294e+00
1.422619279714792961e+00
0.000000000000000000e+00
0.000000000000000000e+00
0.000000000000000000e+00
0.000000000000000000e+00
0.000000000000000000e+00
0.000000000000000000e+00
0.000000000000000000e+00
0.000000000000000000e+00
0.000000000000000000e+00
0.000000000000000000e+00
0.000000000000000000e+00
0.000000000000000000e+00
2.400480037068767114e+00
0.000000000000000000e+00
0.000000000000000000e+00
0.000000000000000000e+00
0.000000000000000000e+00
0.000000000000000000e+00
0.000000000000000000e+00
0.000000000000000000e+00
1.042954806385087280e-01
6.582274177809292748e-02
3.812848507827046318e-02
0.000000000000000000e+00
4.119779813255153994e-02
1.220700699689468774e-02
3.051757717760973914e-03
0.000000000000000000e+00
0.000000000000000000e+00
0.000000000000000000e+00
0.000000000000000000e+00
0.000000000000000000e+00
0.000000000000000000e+00
0.000000000000000000e+00
0.000000000000000000e+00
0.000000000000000000e+00
0.000000000000000000e+00
0.000000000000000000e+00
0.000000000000000000e+00
0.000000000000000000e+00
0.000000000000000000e+00
0.000000000000000000e+00
0.000000000000000000e+00
0.000000000000000000e+00
0.000000000000000000e+00
7.503391349321382187e+00
5.978071159309220839e+00
2.975236072815895749e+00
2.959731964091544931e+00
0.000000000000000000e+00
0.000000000000000000e+00
0.000000000000000000e+00
1.437240467635767294e+00
1.422619279714792961e+00
0.000000000000000000e+00
0.000000000000000000e+00
0.000000000000000000e+00
0.000000000000000000e+00
0.000000000000000000e+00
0.000000000000000000e+00
0.000000000000000000e+00
0.000000000000000000e+00
1.125116986457390666e+00
0.000000000000000000e+00
0.000000000000000000e+00
0.000000000000000000e+00
0.000000000000000000e+00
0.000000000000000000e+00
0.000000000000000000e+00
0.000000000000000000e+00
0.000000000000000000e+00
0.000000000000000000e+00
2.189080473647392056e-01
0.000000000000000000e+00
1.042954806385087280e-01
0.000000000000000000e+00
0.000000000000000000e+00
5.858630112424112468e-02
8.239559626510307641e-03
4.882802798757875269e-03
2.746581945984876479e-03
0.000000000000000000e+00
0.000000000000000000e+00
0.000000000000000000e+00
0.000000000000000000e+00
0.000000000000000000e+00
0.000000000000000000e+00
0.000000000000000000e+00
0.000000000000000000e+00
0.000000000000000000e+00
0.000000000000000000e+00
0.000000000000000000e+00
0.000000000000000000e+00
0.000000000000000000e+00
0.000000000000000000e+00
0.000000000000000000e+00
0.000000000000000000e+00
0.000000000000000000e+00
3.022300003848441552e+00
7.530976049892881719e+00
7.503391349321382187e+00
8.967106738963831702e+00
1.487618036407947875e+00
1.479865982045772466e+00
1.471127674303734700e+00
0.000000000000000000e+00
0.000000000000000000e+00
0.000000000000000000e+00
1.422619279714792961e+00
0.000000000000000000e+00
1.386476391214087167e+00
0.000000000000000000e+00
1.338054815040071732e+00
2.615439313590881110e+00
2.544510319364658990e+00
0.000000000000000000e+00
1.182041580245927204e+00
0.000000000000000000e+00
0.000000000000000000e+00
9.825870786883099672e-01
8.960553845713439269e-01
0.000000000000000000e+00
6.971348588680905678e-01
0.000000000000000000e+00
0.000000000000000000e+00
0.000000000000000000e+00
0.000000000000000000e+00
0.000000000000000000e+00
1.549967419239409727e-01
0.000000000000000000e+00
0.000000000000000000e+00
3.812848507827046318e-02
0.000000000000000000e+00
8.239559626510307641e-03
9.765605597515750538e-03
1.220703087104389522e-03
0.000000000000000000e+00
0.000000000000000000e+00
0.000000000000000000e+00
0.000000000000000000e+00
0.000000000000000000e+00
0.000000000000000000e+00
0.000000000000000000e+00
0.000000000000000000e+00
0.000000000000000000e+00
0.000000000000000000e+00
0.000000000000000000e+00
0.000000000000000000e+00
0.000000000000000000e+00
0.000000000000000000e+00
0.000000000000000000e+00
0.000000000000000000e+00
0.000000000000000000e+00
1.515612101736341533e+00
4.533450005772662550e+00
9.037171259871456641e+00
0.000000000000000000e+00
4.483553369481915851e+00
0.000000000000000000e+00
0.000000000000000000e+00
0.000000000000000000e+00
0.000000000000000000e+00
1.450024003277625040e+00
0.000000000000000000e+00
2.845238559429585923e+00
0.000000000000000000e+00
0.000000000000000000e+00
0.000000000000000000e+00
0.000000000000000000e+00
0.000000000000000000e+00
0.000000000000000000e+00
0.000000000000000000e+00
0.000000000000000000e+00
0.000000000000000000e+00
0.000000000000000000e+00
0.000000000000000000e+00
0.000000000000000000e+00
8.001600123562556677e-01
0.000000000000000000e+00
0.000000000000000000e+00
4.852825635592212805e-01
0.000000000000000000e+00
0.000000000000000000e+00
0.000000000000000000e+00
0.000000000000000000e+00
0.000000000000000000e+00
6.582274177809292748e-02
0.000000000000000000e+00
0.000000000000000000e+00
0.000000000000000000e+00
9.765605597515750538e-03
2.746581945984876479e-03
0.000000000000000000e+00
0.000000000000000000e+00
0.000000000000000000e+00
0.000000000000000000e+00
0.000000000000000000e+00
0.000000000000000000e+00
0.000000000000000000e+00
0.000000000000000000e+00
0.000000000000000000e+00
0.000000000000000000e+00
0.000000000000000000e+00
0.000000000000000000e+00
0.000000000000000000e+00
0.000000000000000000e+00
0.000000000000000000e+00
0.000000000000000000e+00
0.000000000000000000e+00
1.519640995800313421e+00
7.578060508681707219e+00
6.044600007696883104e+00
3.012390419957152510e+00
1.500678269864276437e+00
0.000000000000000000e+00
0.000000000000000000e+00
1.479865982045772466e+00
0.000000000000000000e+00
0.000000000000000000e+00
0.000000000000000000e+00
0.000000000000000000e+00
0.000000000000000000e+00
0.000000000000000000e+00
0.000000000000000000e+00
0.000000000000000000e+00
0.000000000000000000e+00
0.000000000000000000e+00
1.272255159682329495e+00
0.000000000000000000e+00
0.000000000000000000e+00
0.000000000000000000e+00
0.000000000000000000e+00
0.000000000000000000e+00
1.792110769142687854e+00
0.000000000000000000e+00
0.000000000000000000e+00
5.906318823794730610e-01
0.000000000000000000e+00
0.000000000000000000e+00
0.000000000000000000e+00
0.000000000000000000e+00
0.000000000000000000e+00
0.000000000000000000e+00
6.582274177809292748e-02
3.812848507827046318e-02
3.905753408282741646e-02
8.239559626510307641e-03
0.000000000000000000e+00
1.525878858880486957e-03
0.000000000000000000e+00
0.000000000000000000e+00
0.000000000000000000e+00
0.000000000000000000e+00
0.000000000000000000e+00
0.000000000000000000e+00
0.000000000000000000e+00
0.000000000000000000e+00
0.000000000000000000e+00
0.000000000000000000e+00
0.000000000000000000e+00
0.000000000000000000e+00
0.000000000000000000e+00
0.000000000000000000e+00
0.000000000000000000e+00
0.000000000000000000e+00
0.000000000000000000e+00
1.523287812427410515e+00
4.558922987400940485e+00
3.031224203472683065e+00
0.000000000000000000e+00
0.000000000000000000e+00
0.000000000000000000e+00
2.989035579654610419e+00
1.487618036407947875e+00
0.000000000000000000e+00
0.000000000000000000e+00
1.461243764860584493e+00
0.000000000000000000e+00
1.437240467635767294e+00
0.000000000000000000e+00
0.000000000000000000e+00
0.000000000000000000e+00
1.364076919001420141e+00
0.000000000000000000e+00
1.307719656795440555e+00
0.000000000000000000e+00
0.000000000000000000e+00
0.000000000000000000e+00
0.000000000000000000e+00
1.058888938575228922e+00
0.000000000000000000e+00
1.792110769142687854e+00
0.000000000000000000e+00
0.000000000000000000e+00
0.000000000000000000e+00
0.000000000000000000e+00
0.000000000000000000e+00
0.000000000000000000e+00
0.000000000000000000e+00
0.000000000000000000e+00
0.000000000000000000e+00
0.000000000000000000e+00
0.000000000000000000e+00
5.858630112424112468e-02
0.000000000000000000e+00
7.324204198136813337e-03
1.220703087104389522e-03
0.000000000000000000e+00
0.000000000000000000e+00
0.000000000000000000e+00
0.000000000000000000e+00
0.000000000000000000e+00
0.000000000000000000e+00
0.000000000000000000e+00
0.000000000000000000e+00
0.000000000000000000e+00
0.000000000000000000e+00
0.000000000000000000e+00
0.000000000000000000e+00
0.000000000000000000e+00
0.000000000000000000e+00
0.000000000000000000e+00
0.000000000000000000e+00
0.000000000000000000e+00
4.579789941790400221e+00
0.000000000000000000e+00
3.039281991600626842e+00
0.000000000000000000e+00
1.511150001924220776e+00
0.000000000000000000e+00
1.500678269864276437e+00
1.494517789827305210e+00
0.000000000000000000e+00
1.479865982045772466e+00
0.000000000000000000e+00
0.000000000000000000e+00
0.000000000000000000e+00
1.437240467635767294e+00
0.000000000000000000e+00
0.000000000000000000e+00
0.000000000000000000e+00
0.000000000000000000e+00
0.000000000000000000e+00
0.000000000000000000e+00
0.000000000000000000e+00
0.000000000000000000e+00
0.000000000000000000e+00
0.000000000000000000e+00
0.000000000000000000e+00
0.000000000000000000e+00
0.000000000000000000e+00
0.000000000000000000e+00
6.971348588680905678e-01
0.000000000000000000e+00
0.000000000000000000e+00
0.000000000000000000e+00
0.000000000000000000e+00
0.000000000000000000e+00
0.000000000000000000e+00
0.000000000000000000e+00
6.582274177809292748e-02
0.000000000000000000e+00
0.000000000000000000e+00
0.000000000000000000e+00
0.000000000000000000e+00
1.220703087104389522e-03
0.000000000000000000e+00
0.000000000000000000e+00
0.000000000000000000e+00
0.000000000000000000e+00
0.000000000000000000e+00
0.000000000000000000e+00
0.000000000000000000e+00
0.000000000000000000e+00
0.000000000000000000e+00
0.000000000000000000e+00
0.000000000000000000e+00
0.000000000000000000e+00
0.000000000000000000e+00
0.000000000000000000e+00
0.000000000000000000e+00
0.000000000000000000e+00
0.000000000000000000e+00
3.059211314264286496e+00
3.053193294526933776e+00
6.093151249709642059e+00
3.039281991600626842e+00
0.000000000000000000e+00
0.000000000000000000e+00
0.000000000000000000e+00
0.000000000000000000e+00
0.000000000000000000e+00
0.000000000000000000e+00
0.000000000000000000e+00
0.000000000000000000e+00
0.000000000000000000e+00
0.000000000000000000e+00
0.000000000000000000e+00
0.000000000000000000e+00
0.000000000000000000e+00
0.000000000000000000e+00
0.000000000000000000e+00
0.000000000000000000e+00
0.000000000000000000e+00
1.272255159682329495e+00
0.000000000000000000e+00
0.000000000000000000e+00
0.000000000000000000e+00
0.000000000000000000e+00
0.000000000000000000e+00
0.000000000000000000e+00
0.000000000000000000e+00
0.000000000000000000e+00
0.000000000000000000e+00
0.000000000000000000e+00
0.000000000000000000e+00
0.000000000000000000e+00
0.000000000000000000e+00
0.000000000000000000e+00
0.000000000000000000e+00
6.582274177809292748e-02
0.000000000000000000e+00
0.000000000000000000e+00
0.000000000000000000e+00
0.000000000000000000e+00
6.103515435521947611e-04
0.000000000000000000e+00
0.000000000000000000e+00
0.000000000000000000e+00
0.000000000000000000e+00
0.000000000000000000e+00
0.000000000000000000e+00
0.000000000000000000e+00
0.000000000000000000e+00
0.000000000000000000e+00
0.000000000000000000e+00
0.000000000000000000e+00
0.000000000000000000e+00
0.000000000000000000e+00
0.000000000000000000e+00
0.000000000000000000e+00
0.000000000000000000e+00
0.000000000000000000e+00
0.000000000000000000e+00
3.059211314264286496e+00
4.579789941790400221e+00
0.000000000000000000e+00
0.000000000000000000e+00
0.000000000000000000e+00
0.000000000000000000e+00
0.000000000000000000e+00
0.000000000000000000e+00
0.000000000000000000e+00
0.000000000000000000e+00
0.000000000000000000e+00
0.000000000000000000e+00
0.000000000000000000e+00
0.000000000000000000e+00
0.000000000000000000e+00
1.422619279714792961e+00
0.000000000000000000e+00
0.000000000000000000e+00
0.000000000000000000e+00
0.000000000000000000e+00
0.000000000000000000e+00
0.000000000000000000e+00
0.000000000000000000e+00
0.000000000000000000e+00
0.000000000000000000e+00
0.000000000000000000e+00
0.000000000000000000e+00
0.000000000000000000e+00
0.000000000000000000e+00
6.971348588680905678e-01
0.000000000000000000e+00
0.000000000000000000e+00
0.000000000000000000e+00
0.000000000000000000e+00
0.000000000000000000e+00
0.000000000000000000e+00
0.000000000000000000e+00
0.000000000000000000e+00
0.000000000000000000e+00
0.000000000000000000e+00
0.000000000000000000e+00
0.000000000000000000e+00
1.220703087104389522e-03
0.000000000000000000e+00
0.000000000000000000e+00
0.000000000000000000e+00
0.000000000000000000e+00
0.000000000000000000e+00
0.000000000000000000e+00
0.000000000000000000e+00
0.000000000000000000e+00
0.000000000000000000e+00
0.000000000000000000e+00
0.000000000000000000e+00
0.000000000000000000e+00
0.000000000000000000e+00
0.000000000000000000e+00
0.000000000000000000e+00
0.000000000000000000e+00
0.000000000000000000e+00
0.000000000000000000e+00
4.597043897901196274e+00
3.059211314264286496e+00
0.000000000000000000e+00
0.000000000000000000e+00
0.000000000000000000e+00
0.000000000000000000e+00
0.000000000000000000e+00
0.000000000000000000e+00
0.000000000000000000e+00
0.000000000000000000e+00
0.000000000000000000e+00
0.000000000000000000e+00
0.000000000000000000e+00
0.000000000000000000e+00
0.000000000000000000e+00
0.000000000000000000e+00
0.000000000000000000e+00
0.000000000000000000e+00
0.000000000000000000e+00
0.000000000000000000e+00
0.000000000000000000e+00
0.000000000000000000e+00
0.000000000000000000e+00
0.000000000000000000e+00
0.000000000000000000e+00
1.125116986457390666e+00
0.000000000000000000e+00
0.000000000000000000e+00
0.000000000000000000e+00
0.000000000000000000e+00
0.000000000000000000e+00
0.000000000000000000e+00
0.000000000000000000e+00
0.000000000000000000e+00
0.000000000000000000e+00
0.000000000000000000e+00
1.549967419239409727e-01
0.000000000000000000e+00
0.000000000000000000e+00
0.000000000000000000e+00
1.952876704141370823e-02
8.239559626510307641e-03
2.441401399378937635e-03
3.051757717760973806e-04
0.000000000000000000e+00
0.000000000000000000e+00
0.000000000000000000e+00
0.000000000000000000e+00
0.000000000000000000e+00
0.000000000000000000e+00
0.000000000000000000e+00
0.000000000000000000e+00
0.000000000000000000e+00
0.000000000000000000e+00
0.000000000000000000e+00
0.000000000000000000e+00
0.000000000000000000e+00
0.000000000000000000e+00
0.000000000000000000e+00
0.000000000000000000e+00
0.000000000000000000e+00
0.000000000000000000e+00
1.534852417784438039e+00
0.000000000000000000e+00
3.059211314264286496e+00
0.000000000000000000e+00
0.000000000000000000e+00
0.000000000000000000e+00
0.000000000000000000e+00
0.000000000000000000e+00
0.000000000000000000e+00
0.000000000000000000e+00
0.000000000000000000e+00
0.000000000000000000e+00
0.000000000000000000e+00
0.000000000000000000e+00
0.000000000000000000e+00
0.000000000000000000e+00
0.000000000000000000e+00
0.000000000000000000e+00
0.000000000000000000e+00
0.000000000000000000e+00
0.000000000000000000e+00
0.000000000000000000e+00
0.000000000000000000e+00
0.000000000000000000e+00
0.000000000000000000e+00
0.000000000000000000e+00
0.000000000000000000e+00
0.000000000000000000e+00
0.000000000000000000e+00
0.000000000000000000e+00
0.000000000000000000e+00
0.000000000000000000e+00
0.000000000000000000e+00
0.000000000000000000e+00
0.000000000000000000e+00
0.000000000000000000e+00
0.000000000000000000e+00
0.000000000000000000e+00
0.000000000000000000e+00
0.000000000000000000e+00
0.000000000000000000e+00
0.000000000000000000e+00
8.239559626510307641e-03
0.000000000000000000e+00
3.051757717760973806e-04
0.000000000000000000e+00
0.000000000000000000e+00
0.000000000000000000e+00
0.000000000000000000e+00
0.000000000000000000e+00
0.000000000000000000e+00
0.000000000000000000e+00
0.000000000000000000e+00
0.000000000000000000e+00
0.000000000000000000e+00
0.000000000000000000e+00
0.000000000000000000e+00
0.000000000000000000e+00
0.000000000000000000e+00
0.000000000000000000e+00
0.000000000000000000e+00
0.000000000000000000e+00
0.000000000000000000e+00
4.611432614215427606e+00
1.534852417784438039e+00
1.532347965967065351e+00
0.000000000000000000e+00
0.000000000000000000e+00
0.000000000000000000e+00
0.000000000000000000e+00
0.000000000000000000e+00
0.000000000000000000e+00
0.000000000000000000e+00
0.000000000000000000e+00
0.000000000000000000e+00
0.000000000000000000e+00
0.000000000000000000e+00
0.000000000000000000e+00
0.000000000000000000e+00
0.000000000000000000e+00
0.000000000000000000e+00
0.000000000000000000e+00
0.000000000000000000e+00
0.000000000000000000e+00
0.000000000000000000e+00
0.000000000000000000e+00
0.000000000000000000e+00
0.000000000000000000e+00
0.000000000000000000e+00
0.000000000000000000e+00
0.000000000000000000e+00
0.000000000000000000e+00
0.000000000000000000e+00
0.000000000000000000e+00
0.000000000000000000e+00
0.000000000000000000e+00
0.000000000000000000e+00
0.000000000000000000e+00
0.000000000000000000e+00
0.000000000000000000e+00
0.000000000000000000e+00
0.000000000000000000e+00
0.000000000000000000e+00
0.000000000000000000e+00
0.000000000000000000e+00
0.000000000000000000e+00
0.000000000000000000e+00
0.000000000000000000e+00
6.103515435521947611e-04
0.000000000000000000e+00
