# pd_vector
0.000000000000000000e+00
0.000000000000000000e+00
0.000000000000000000e+00
0.000000000000000000e+00
0.000000000000000000e+00
0.000000000000000000e+00
0.000000000000000000e+00
0.000000000000000000e+00
0.000000000000000000e+00
0.000000000000000000e+00
0.000000000000000000e+00
0.000000000000000000e+00
0.000000000000000000e+00
6.408691207298045263e-03
0.000000000000000000e+00
0.000000000000000000e+00
0.000000000000000000e+00
0.000000000000000000e+00
0.000000000000000000e+00
4.058837764622095362e-02
0.000000000000000000e+00
0.000000000000000000e+00
0.000000000000000000e+00
0.000000000000000000e+00
0.000000000000000000e+00
0.000000000000000000e+00
7.928466550743009655e-01
0.000000000000000000e+00
0.000000000000000000e+00
0.000000000000000000e+00
0.000000000000000000e+00
0.000000000000000000e+00
0.000000000000000000e+00
0.000000000000000000e+00
1.653442331482895655e+00
0.000000000000000000e+00
0.000000000000000000e+00
0.000000000000000000e+00
0.000000000000000000e+00
0.000000000000000000e+00
0.000000000000000000e+00
0.000000000000000000e+00
4.321280476900719592e-01
6.712341100215262202e+00
0.000000000000000000e+00
0.000000000000000000e+00
0.000000000000000000e+00
0.000000000000000000e+00
0.000000000000000000e+00
0.000000000000000000e+00
0.000000000000000000e+00
8.239559626510307641e-03
2.644037715527389309e+00
1.125061000229760566e+01
0.000000000000000000e+00
0.000000000000000000e+00
0.000000000000000000e+00
0.000000000000000000e+00
0.000000000000000000e+00
0.000000000000000000e+00
0.000000000000000000e+00
0.000000000000000000e+00
4.531757794580669185e-01
5.463856331810062805e+00
1.249511679960053101e+01
0.000000000000000000e+00
0.000000000000000000e+00
0.000000000000000000e+00
0.000000000000000000e+00
0.000000000000000000e+00
0.000000000000000000e+00
0.000000000000000000e+00
0.000000000000000000e+00
7.811506816565483291e-02
2.290597576169865590e+00
9.101544416884680189e+00
1.249298056919809774e+01
0.000000000000000000e+00
0.000000000000000000e+00
0.000000000000000000e+00
0.000000000000000000e+00
0.000000000000000000e+00
0.000000000000000000e+00
0.000000000000000000e+00
0.000000000000000000e+00
0.000000000000000000e+00
5.663342442009975386e-01
5.339234637978679032e+00
1.242185032004003453e+01
1.178741418485176062e+01
0.000000000000000000e+00
0.000000000000000000e+00
0.000000000000000000e+00
0.000000000000000000e+00
0.000000000000000000e+00
0.000000000000000000e+00
0.000000000000000000e+00
0.000000000000000000e+00
0.000000000000000000e+00
1.525139403130818527e-01
3.358947931123157815e+00
1.174961202740369792e+01
1.533200078809972844e+01
1.092651333267139080e+01
0.000000000000000000e+00
0.000000000000000000e+00
0.000000000000000000e+00
0.000000000000000000e+00
0.000000000000000000e+00
0.000000000000000000e+00
0.000000000000000000e+00
0.000000000000000000e+00
0.000000000000000000e+00
0.000000000000000000e+00
1.334496977739466184e+00
9.666739685499784684e+00
1.943712115893781700e+01
1.686275946551032234e+01
9.754943544822952006e+00
0.000000000000000000e+00
0.000000000000000000e+00
0.000000000000000000e+00
0.000000000000000000e+00
0.000000000000000000e+00
0.000000000000000000e+00
0.000000000000000000e+00
0.000000000000000000e+00
0.000000000000000000e+00
0.000000000000000000e+00
9.215183848933009569e-01
6.786870343932142724e+00
1.950923827437229363e+01
2.480931403542253477e+01
1.706295438025939504e+01
8.336181381835876536e+00
0.000000000000000000e+00
0.000000000000000000e+00
0.000000000000000000e+00
0.000000000000000000e+00
0.000000000000000000e+00
0.000000000000000000e+00
0.000000000000000000e+00
0.000000000000000000e+00
0.000000000000000000e+00
0.000000000000000000e+00
3.128864419155261700e-01
4.541769182688412343e+00
1.853044374803944550e+01
3.009383001081852527e+01
2.723998412524307611e+01
1.599117916593204214e+01
7.049865503799625621e+00
0.000000000000000000e+00
0.000000000000000000e+00
0.000000000000000000e+00
0.000000000000000000e+00
0.000000000000000000e+00
0.000000000000000000e+00
0.000000000000000000e+00
0.000000000000000000e+00
0.000000000000000000e+00
0.000000000000000000e+00
1.549967419239409727e-01
3.546046341709296890e+00
1.520505335073946540e+01
3.294301110762567930e+01
3.745617518543149060e+01
2.700927645570078894e+01
1.404049944782827097e+01
5.853881654209099672e+00
0.000000000000000000e+00
0.000000000000000000e+00
0.000000000000000000e+00
0.000000000000000000e+00
0.000000000000000000e+00
0.000000000000000000e+00
0.000000000000000000e+00
0.000000000000000000e+00
0.000000000000000000e+00
0.000000000000000000e+00
4.378160947294784111e-01
1.859960903087291673e+00
1.188968479278999446e+01
3.422782572460832284e+01
4.300893116828908092e+01
3.894036148057893598e+01
2.457860636588024761e+01
1.244626433403382393e+01
4.862060395936783408e+00
0.000000000000000000e+00
0.000000000000000000e+00
0.000000000000000000e+00
0.000000000000000000e+00
0.000000000000000000e+00
0.000000000000000000e+00
0.000000000000000000e+00
0.000000000000000000e+00
0.000000000000000000e+00
0.000000000000000000e+00
0.000000000000000000e+00
1.094540236823696056e+00
7.594840354273107330e+00
2.909843909814393470e+01
5.048604294379727264e+01
5.139719788550858226e+01
3.485884916892347007e+01
2.204082200091507460e+01
9.860820252091528459e+00
3.809814334852799522e+00
0.000000000000000000e+00
0.000000000000000000e+00
0.000000000000000000e+00
0.000000000000000000e+00
0.000000000000000000e+00
0.000000000000000000e+00
0.000000000000000000e+00
0.000000000000000000e+00
0.000000000000000000e+00
0.000000000000000000e+00
0.000000000000000000e+00
2.961984274725674715e-01
7.442873610401132822e+00
2.743442332053755095e+01
5.235633128053137852e+01
5.924046760028363678e+01
4.560166815361147741e+01
3.185141904454575723e+01
1.852253004039517137e+01
7.934554547981547579e+00
3.086852931515224885e+00
0.000000000000000000e+00
0.000000000000000000e+00
0.000000000000000000e+00
0.000000000000000000e+00
0.000000000000000000e+00
0.000000000000000000e+00
0.000000000000000000e+00
0.000000000000000000e+00
0.000000000000000000e+00
0.000000000000000000e+00
0.000000000000000000e+00
3.858302793476471870e-01
2.369587419780539772e+00
2.013954035755600813e+01
5.362887270568357678e+01
7.071233587290892331e+01
5.983287227628647287e+01
4.266577480258465016e+01
2.652006564223981400e+01
1.508663367614037298e+01
6.437975490162258119e+00
2.525634687218981878e+00
0.000000000000000000e+00
0.000000000000000000e+00
0.000000000000000000e+00
0.000000000000000000e+00
0.000000000000000000e+00
0.000000000000000000e+00
0.000000000000000000e+00
0.000000000000000000e+00
0.000000000000000000e+00
0.000000000000000000e+00
0.000000000000000000e+00
0.000000000000000000e+00
4.244133072824118891e+00
1.451372294615580572e+01
4.881649456233684248e+01
7.346845567194802129e+01
7.196388164057101733e+01
5.384300277448001282e+01
3.565013354818288605e+01
2.048567662644298082e+01
1.198855925657249699e+01
5.068349305110674941e+00
1.994934020100348482e+00
0.000000000000000000e+00
0.000000000000000000e+00
0.000000000000000000e+00
0.000000000000000000e+00
0.000000000000000000e+00
0.000000000000000000e+00
0.000000000000000000e+00
0.000000000000000000e+00
0.000000000000000000e+00
0.000000000000000000e+00
0.000000000000000000e+00
0.000000000000000000e+00
0.000000000000000000e+00
7.716605586952943518e+00
4.442976412088511751e+01
7.836908095657663864e+01
7.951332860698171601e+01
6.163862905735865638e+01
4.581262827755267608e+01
2.688058198018067557e+01
1.761494787135516304e+01
9.269504579824095813e+00
3.937980457198226425e+00
1.555786084514544365e+00
0.000000000000000000e+00
0.000000000000000000e+00
0.000000000000000000e+00
0.000000000000000000e+00
0.000000000000000000e+00
0.000000000000000000e+00
0.000000000000000000e+00
0.000000000000000000e+00
0.000000000000000000e+00
0.000000000000000000e+00
0.000000000000000000e+00
0.000000000000000000e+00
1.181263764758946122e+00
6.308673326269876647e+00
4.166967016954589553e+01
7.730778957034010546e+01
8.756321894589568444e+01
7.470842960733955351e+01
5.204344483861585502e+01
3.587339426906064688e+01
2.261019165141438592e+01
1.429505747431483442e+01
7.250812471329070696e+00
3.215325642982060916e+00
1.269531210588564996e+00
0.000000000000000000e+00
0.000000000000000000e+00
0.000000000000000000e+00
0.000000000000000000e+00
0.000000000000000000e+00
0.000000000000000000e+00
0.000000000000000000e+00
0.000000000000000000e+00
0.000000000000000000e+00
0.000000000000000000e+00
0.000000000000000000e+00
0.000000000000000000e+00
1.394269717736181136e+00
1.063137388283051443e+01
2.086715023304651595e+01
7.678022559018178583e+01
9.744928263847469907e+01
8.865775918271937428e+01
6.323867070496791598e+01
4.286544254242708973e+01
2.698732412901809852e+01
1.696717585983035548e+01
9.979199958162404016e+00
5.347474197605190049e+00
2.583002680542915819e+00
9.609985053229306295e-01
0.000000000000000000e+00
0.000000000000000000e+00
0.000000000000000000e+00
0.000000000000000000e+00
0.000000000000000000e+00
0.000000000000000000e+00
0.000000000000000000e+00
0.000000000000000000e+00
0.000000000000000000e+00
0.000000000000000000e+00
0.000000000000000000e+00
0.000000000000000000e+00
8.001600123562556677e-01
5.577078870944724542e+00
3.189412164849154507e+01
7.570407991523852331e+01
1.026308543064741485e+02
9.537589364616673038e+01
7.442873610401133533e+01
5.362887270568357678e+01
3.034998486580603938e+01
2.277466865522015382e+01
1.349748371770774469e+01
8.319254759642239705e+00
4.383445721303483644e+00
1.979976534896318530e+00
7.901000731283160938e-01
0.000000000000000000e+00
0.000000000000000000e+00
0.000000000000000000e+00
0.000000000000000000e+00
0.000000000000000000e+00
0.000000000000000000e+00
0.000000000000000000e+00
0.000000000000000000e+00
0.000000000000000000e+00
0.000000000000000000e+00
0.000000000000000000e+00
0.000000000000000000e+00
0.000000000000000000e+00
3.200640049425022671e+00
1.742837147170226331e+01
6.437887517936256643e+01
9.074783938557438034e+01
9.838672123365003586e+01
7.464200372308700082e+01
5.319465550963163025e+01
3.797420177136553576e+01
2.252782381791788424e+01
1.645568544452323323e+01
1.136228855332459808e+01
5.819572578341285052e+00
3.254626052471571551e+00
1.691891169769603742e+00
6.100463677804186524e-01
0.000000000000000000e+00
0.000000000000000000e+00
0.000000000000000000e+00
0.000000000000000000e+00
0.000000000000000000e+00
0.000000000000000000e+00
0.000000000000000000e+00
0.000000000000000000e+00
0.000000000000000000e+00
0.000000000000000000e+00
0.000000000000000000e+00
0.000000000000000000e+00
0.000000000000000000e+00
0.000000000000000000e+00
1.200240018534383424e+01
4.949657497963443120e+01
8.327909541550570793e+01
1.019093383474364742e+02
7.793771642822473211e+01
6.397886033407457518e+01
4.378160947294784222e+01
3.347929625557124922e+01
1.929466391812411530e+01
1.342783932273095715e+01
7.435054590262740071e+00
5.428997237513010887e+00
2.776731594133973857e+00
1.303708347268352608e+00
5.041503749741128582e-01
0.000000000000000000e+00
0.000000000000000000e+00
0.000000000000000000e+00
0.000000000000000000e+00
0.000000000000000000e+00
0.000000000000000000e+00
0.000000000000000000e+00
0.000000000000000000e+00
0.000000000000000000e+00
0.000000000000000000e+00
0.000000000000000000e+00
0.000000000000000000e+00
0.000000000000000000e+00
0.000000000000000000e+00
8.960553845713439713e+00
4.320864066723780894e+01
1.066616334068178560e+02
1.092668982402025222e+02
7.473351478812007542e+01
6.713446860649061421e+01
4.976133581539133388e+01
3.349293124680509948e+01
2.603945264322208430e+01
1.314123056045209914e+01
1.013670223382631086e+01
5.528630336349217522e+00
4.589260254732221433e+00
2.092848145133618054e+00
9.936503695472276299e-01
3.921508667322851083e-01
0.000000000000000000e+00
0.000000000000000000e+00
0.000000000000000000e+00
0.000000000000000000e+00
0.000000000000000000e+00
0.000000000000000000e+00
0.000000000000000000e+00
0.000000000000000000e+00
0.000000000000000000e+00
0.000000000000000000e+00
0.000000000000000000e+00
0.000000000000000000e+00
0.000000000000000000e+00
1.058888938575228922e+00
4.912935393441549614e+00
3.673827076742509945e+01
8.481696130976310144e+01
1.045702288302135798e+02
9.627299682785411505e+01
6.745427633473175888e+01
3.588221597933118545e+01
3.584000972418066056e+01
2.145298864174444375e+01
1.549967419239409772e+01
1.136820738959745114e+01
6.582274177809292581e+00
4.766060634783808148e+00
2.987901357336297359e+00
1.606714127169510009e+00
7.812484478012600153e-01
3.131103418422759299e-01
0.000000000000000000e+00
0.000000000000000000e+00
0.000000000000000000e+00
0.000000000000000000e+00
0.000000000000000000e+00
0.000000000000000000e+00
0.000000000000000000e+00
0.000000000000000000e+00
0.000000000000000000e+00
0.000000000000000000e+00
0.000000000000000000e+00
0.000000000000000000e+00
0.000000000000000000e+00
0.000000000000000000e+00
6.353333631451373975e+00
3.242537359671423047e+01
6.989231999656482230e+01
1.000200015445319650e+02
1.017816893947412211e+02
5.788192447318836287e+01
5.871919019066577761e+01
3.858302793476472203e+01
2.251108048791512672e+01
1.926390816809704987e+01
1.208974587006739654e+01
8.552229412357716498e+00
5.463287567581713411e+00
4.194133358609750672e+00
2.441095880176713528e+00
1.301850420988628576e+00
6.225573568416290504e-01
2.404785081595647300e-01
0.000000000000000000e+00
0.000000000000000000e+00
0.000000000000000000e+00
0.000000000000000000e+00
0.000000000000000000e+00
0.000000000000000000e+00
0.000000000000000000e+00
0.000000000000000000e+00
0.000000000000000000e+00
0.000000000000000000e+00
0.000000000000000000e+00
0.000000000000000000e+00
0.000000000000000000e+00
0.000000000000000000e+00
2.250233972914781333e+00
2.329555664865503672e+01
7.074626966555831586e+01
1.066305907639899289e+02
8.241648127269432678e+01
7.250202532228141195e+01
4.843181435511679211e+01
3.494034457626393220e+01
2.469313787824941997e+01
1.895669935824431818e+01
1.488574722080226564e+01
1.022978496698010353e+01
6.466319799587541439e+00
4.344300957354133352e+00
2.287709104696227680e+00
1.562301363313096658e+00
1.029944953313788547e+00
4.418936532875877288e-01
1.971435485673589116e-01
0.000000000000000000e+00
0.000000000000000000e+00
0.000000000000000000e+00
0.000000000000000000e+00
0.000000000000000000e+00
0.000000000000000000e+00
0.000000000000000000e+00
0.000000000000000000e+00
0.000000000000000000e+00
0.000000000000000000e+00
0.000000000000000000e+00
0.000000000000000000e+00
0.000000000000000000e+00
0.000000000000000000e+00
5.910207901229636462e+00
1.912698876977564311e+01
6.776889206881465100e+01
7.565920505899987347e+01
1.030463692257045523e+02
7.761552119855680587e+01
5.577078870944724542e+01
2.835033035421470515e+01
2.863167124999405644e+01
2.044900480542530019e+01
1.273653238132040144e+01
9.413046036683786255e+00
7.749837096197048858e+00
4.380410186817366380e+00
3.751896281351296825e+00
1.868295768835252613e+00
1.562301363313096658e+00
7.827581645184792380e-01
4.003898294981457773e-01
1.574706982364662555e-01
0.000000000000000000e+00
0.000000000000000000e+00
0.000000000000000000e+00
0.000000000000000000e+00
0.000000000000000000e+00
0.000000000000000000e+00
0.000000000000000000e+00
0.000000000000000000e+00
0.000000000000000000e+00
0.000000000000000000e+00
0.000000000000000000e+00
0.000000000000000000e+00
0.000000000000000000e+00
0.000000000000000000e+00
1.230715447488967884e+00
1.773062370368890939e+01
3.937909452600867155e+01
7.518111463884125101e+01
8.548507584588296027e+01
6.451598768913676452e+01
5.521104085258163963e+01
3.346247322566834725e+01
2.185337964804050159e+01
2.571997586863872698e+01
1.504738089455823946e+01
1.155173867143013133e+01
7.442873610401132822e+00
3.564925064250642261e+00
3.963228264263331635e+00
2.896200638236088754e+00
1.830167283756982233e+00
1.210783556567649910e+00
5.767691738557215730e-01
2.880853651267146209e-01
1.205444298515584711e-01
0.000000000000000000e+00
0.000000000000000000e+00
0.000000000000000000e+00
0.000000000000000000e+00
0.000000000000000000e+00
0.000000000000000000e+00
0.000000000000000000e+00
0.000000000000000000e+00
0.000000000000000000e+00
0.000000000000000000e+00
0.000000000000000000e+00
0.000000000000000000e+00
0.000000000000000000e+00
1.307719656795440555e+00
3.816765479046988485e+00
1.230715447488967840e+01
4.728166320983709170e+01
8.775912494367646843e+01
6.988666994596511017e+01
5.699005056392197588e+01
4.480276922856719324e+01
3.280656050660648049e+01
2.300545034264698785e+01
1.299390141234840712e+01
1.552904203389508098e+01
8.488266145648237782e+00
8.293555969231888980e+00
4.597068994659522900e+00
3.564925064250642261e+00
2.815977977239735530e+00
2.435441445789438220e+00
1.029469097113302478e+00
1.191254789526236202e+00
5.602900546027008710e-01
2.416987385385148124e-01
1.007080046861121292e-01
0.000000000000000000e+00
0.000000000000000000e+00
0.000000000000000000e+00
0.000000000000000000e+00
0.000000000000000000e+00
0.000000000000000000e+00
0.000000000000000000e+00
0.000000000000000000e+00
0.000000000000000000e+00
0.000000000000000000e+00
0.000000000000000000e+00
0.000000000000000000e+00
0.000000000000000000e+00
0.000000000000000000e+00
0.000000000000000000e+00
6.361275798411647031e+00
3.815217887215800374e+01
7.801474429623119988e+01
6.750701918744343288e+01
4.765000223588530304e+01
3.832089606884408539e+01
3.046588307542569396e+01
1.600320024712511469e+01
1.045702288302135941e+01
1.122200576520998894e+01
7.279238453388319208e+00
7.716605586952943518e+00
3.850579557143376963e+00
3.721436805200566411e+00
2.789941354630937731e+00
2.607387015962718380e+00
1.645568544452323145e+00
4.575418209392455582e-01
5.468054771595838304e-01
4.449362198315566230e-01
2.221675273434833287e-01
8.422851301020287118e-02
0.000000000000000000e+00
0.000000000000000000e+00
0.000000000000000000e+00
0.000000000000000000e+00
0.000000000000000000e+00
0.000000000000000000e+00
0.000000000000000000e+00
0.000000000000000000e+00
0.000000000000000000e+00
0.000000000000000000e+00
0.000000000000000000e+00
0.000000000000000000e+00
0.000000000000000000e+00
0.000000000000000000e+00
0.000000000000000000e+00
7.846317940772642885e+00
4.198442026951687467e+01
5.169004879453665069e+01
6.264820375303413869e+01
4.838003041766779688e+01
3.176666815725686632e+01
3.144278651802591895e+01
1.792110769142687943e+01
1.200240018534383424e+01
1.394269717736181136e+01
7.678214470933149904e+00
5.338108199151434086e+00
5.015793631519413154e+00
4.739174839561079544e+00
3.502528757835827289e+00
3.099934838478819454e+00
1.564432209577630850e+00
1.448100319118044377e+00
9.532121269567616073e-01
5.663342442009975386e-01
3.378219446869226150e-01
1.562496895602520086e-01
6.164550589877167142e-02
0.000000000000000000e+00
0.000000000000000000e+00
0.000000000000000000e+00
0.000000000000000000e+00
0.000000000000000000e+00
0.000000000000000000e+00
0.000000000000000000e+00
0.000000000000000000e+00
0.000000000000000000e+00
0.000000000000000000e+00
0.000000000000000000e+00
0.000000000000000000e+00
0.000000000000000000e+00
0.000000000000000000e+00
0.000000000000000000e+00
2.676109630080143464e+00
3.007755210629513343e+01
5.597922702602249956e+01
5.784362603198149344e+01
3.900737214811559994e+01
4.612979644475301910e+01
2.435444558723026631e+01
1.670398033770127100e+01
8.064498461142095564e+00
1.040208016063132312e+01
1.185129260075753876e+01
8.859478235692096248e+00
4.367543072032991525e+00
5.015793631519413154e+00
2.961984274725674826e+00
2.845804615741609478e+00
1.704964161163350589e+00
1.460136728939122275e+00
1.184809352005672611e+00
8.388266717219501345e-01
5.272767101181701221e-01
1.647911925302061598e-01
1.196286685695679419e-01
5.920409972456289194e-02
0.000000000000000000e+00
0.000000000000000000e+00
0.000000000000000000e+00
0.000000000000000000e+00
0.000000000000000000e+00
0.000000000000000000e+00
0.000000000000000000e+00
0.000000000000000000e+00
0.000000000000000000e+00
0.000000000000000000e+00
0.000000000000000000e+00
0.000000000000000000e+00
0.000000000000000000e+00
0.000000000000000000e+00
1.386476391214087167e+00
6.820384595007100259e+00
1.873276741056100292e+01
5.623194524220394186e+01
5.470697186634016873e+01
3.569074797718006664e+01
2.836899792590225289e+01
2.137722274269042089e+01
1.588333407862843316e+01
1.277363202294803024e+01
1.344083076857015868e+01
3.200640049425022671e+00
4.182809153208543407e+00
7.087582588553676288e+00
2.426412817796106403e+00
1.543321117390588748e+00
1.480992137362837413e+00
2.626896568376870356e+00
9.299804515436458363e-01
1.147250287023596105e+00
7.240501595590221884e-01
3.431563657044341964e-01
3.319890397040330399e-01
3.378219446869226150e-01
8.544904897826281764e-02
4.425048690753412284e-02
0.000000000000000000e+00
0.000000000000000000e+00
0.000000000000000000e+00
0.000000000000000000e+00
0.000000000000000000e+00
0.000000000000000000e+00
0.000000000000000000e+00
0.000000000000000000e+00
0.000000000000000000e+00
0.000000000000000000e+00
0.000000000000000000e+00
0.000000000000000000e+00
0.000000000000000000e+00
0.000000000000000000e+00
1.405830553902068791e+00
2.772952782428174334e+00
2.318930762302414195e+01
4.014164445120215419e+01
5.230878627181762397e+01
4.325667542919920550e+01
2.215287805480142325e+01
1.773062370368890939e+01
1.800187178331825066e+01
4.235555754300915687e+00
7.860696629506479738e+00
9.856609230284783862e+00
1.040208016063132312e+01
6.274213729812815110e+00
3.543791294276838144e+00
3.882260508473770244e+00
3.472472514128824628e+00
2.665785847253107299e+00
1.313448284188435178e+00
9.299804515436458363e-01
7.300683644695611374e-01
4.607591924466504785e-01
4.956703060175160491e-01
2.343452044969644987e-01
1.565516329036958365e-01
7.324204198136813337e-02
3.295898335181851602e-02
0.000000000000000000e+00
0.000000000000000000e+00
0.000000000000000000e+00
0.000000000000000000e+00
0.000000000000000000e+00
0.000000000000000000e+00
0.000000000000000000e+00
0.000000000000000000e+00
0.000000000000000000e+00
0.000000000000000000e+00
0.000000000000000000e+00
0.000000000000000000e+00
0.000000000000000000e+00
0.000000000000000000e+00
0.000000000000000000e+00
2.811661107804137583e+00
1.386476391214087123e+01
2.591746146102698134e+01
4.549386371136243667e+01
3.530843073347689653e+01
2.162833771459960275e+01
1.599930081735658227e+01
1.418449896295112644e+01
7.875818905201734665e+00
2.117777877150457844e+00
1.965174157376619934e+00
3.584221538285375708e+00
4.000800061781278671e+00
2.788539435472362271e+00
5.906318823794730610e-01
9.705651271184425610e-01
1.157490838042941617e+00
1.184793709890269886e+00
6.567241420942175889e-01
6.199869676957638909e-01
7.300683644695611374e-01
6.582274177809293025e-01
3.812848507827046318e-01
2.734027385797919152e-01
1.071142751446339941e-01
7.080064058198919097e-02
2.929687409050534680e-02
0.000000000000000000e+00
0.000000000000000000e+00
0.000000000000000000e+00
0.000000000000000000e+00
0.000000000000000000e+00
0.000000000000000000e+00
0.000000000000000000e+00
0.000000000000000000e+00
0.000000000000000000e+00
0.000000000000000000e+00
0.000000000000000000e+00
0.000000000000000000e+00
0.000000000000000000e+00
0.000000000000000000e+00
0.000000000000000000e+00
0.000000000000000000e+00
9.840813877314481317e+00
4.852667369249304841e+01
3.546599989403692632e+01
3.077526074592164917e+01
1.176947691115896433e+01
1.017804127745863596e+01
9.845723579911743073e+00
5.910207901229636462e+00
3.375350959372171999e+00
5.294444692876144387e+00
1.965174157376619934e+00
5.376332307428063118e+00
4.000800061781278671e+00
1.394269717736181136e+00
1.771895647138419072e+00
4.852825635592212805e-01
0.000000000000000000e+00
1.184793709890269886e+00
1.970172426282652767e+00
7.749837096197048636e-01
1.042954806385087307e+00
3.949364506685575371e-01
1.906424253913523159e-01
1.757589033727233740e-01
8.239559626510307988e-02
6.835923918261024856e-02
2.136230402432681696e-02
0.000000000000000000e+00
0.000000000000000000e+00
0.000000000000000000e+00
0.000000000000000000e+00
0.000000000000000000e+00
0.000000000000000000e+00
0.000000000000000000e+00
0.000000000000000000e+00
0.000000000000000000e+00
0.000000000000000000e+00
0.000000000000000000e+00
0.000000000000000000e+00
0.000000000000000000e+00
0.000000000000000000e+00
0.000000000000000000e+00
1.437240467635767294e+00
1.991666991600710190e+01
2.389911941633516790e+01
3.327543338913809379e+01
1.636892302801704346e+01
1.338054815040071688e+01
9.154037597568084550e+00
2.544510319364658990e+00
9.845723579911743073e+00
1.182041580245927204e+00
5.625584932286953332e+00
2.117777877150457844e+00
9.825870786883099672e-01
4.480276922856719857e+00
2.400480037068767114e+00
4.182809153208543407e+00
0.000000000000000000e+00
1.455847690677663842e+00
1.929151396738235880e+00
1.184793709890269886e+00
6.567241420942175889e-01
4.649902257718229182e-01
6.257728838310523400e-01
6.582274177809292748e-02
3.431563657044341964e-01
1.171726022484822494e-01
8.239559626510307988e-02
1.708980979565256214e-02
1.983642516544632806e-02
0.000000000000000000e+00
0.000000000000000000e+00
0.000000000000000000e+00
0.000000000000000000e+00
0.000000000000000000e+00
0.000000000000000000e+00
0.000000000000000000e+00
0.000000000000000000e+00
0.000000000000000000e+00
0.000000000000000000e+00
0.000000000000000000e+00
0.000000000000000000e+00
0.000000000000000000e+00
0.000000000000000000e+00
0.000000000000000000e+00
0.000000000000000000e+00
4.311721402907301659e+00
2.418452775515148190e+01
3.795742495535585448e+01
1.525124030335495817e+01
1.091261535201136113e+01
6.690274075200358439e+00
7.846317940772642885e+00
7.633530958093976970e+00
3.692146342466903874e+00
8.274291061721489982e+00
1.125116986457390666e+00
3.176666815725686988e+00
2.947761236064930124e+00
3.584221538285375708e+00
1.600320024712511335e+00
6.971348588680905678e-01
1.181263764758946122e+00
4.852825635592212805e-01
1.157490838042941617e+00
2.961984274725674715e-01
1.094540236823696056e+00
1.549967419239409727e-01
5.214774031925436537e-01
6.582274177809292748e-02
4.194133358609750672e-01
5.858630112424112468e-02
7.415603663859277050e-02
2.441401399378937548e-02
1.770019476301364775e-02
0.000000000000000000e+00
0.000000000000000000e+00
0.000000000000000000e+00
0.000000000000000000e+00
0.000000000000000000e+00
0.000000000000000000e+00
0.000000000000000000e+00
0.000000000000000000e+00
0.000000000000000000e+00
0.000000000000000000e+00
0.000000000000000000e+00
0.000000000000000000e+00
0.000000000000000000e+00
0.000000000000000000e+00
0.000000000000000000e+00
0.000000000000000000e+00
1.450024003277625084e+01
2.299584748217227670e+01
2.702976631458106738e+01
1.686996664682482461e+01
6.932381956070435614e+00
9.548538433009941429e+00
8.028328890240430837e+00
2.615439313590881110e+00
2.544510319364658990e+00
0.000000000000000000e+00
2.364083160491854407e+00
1.125116986457390666e+00
0.000000000000000000e+00
2.947761236064930124e+00
0.000000000000000000e+00
8.001600123562556677e-01
0.000000000000000000e+00
0.000000000000000000e+00
0.000000000000000000e+00
1.543321117390588748e+00
8.885952824177023590e-01
4.378160947294784111e-01
7.749837096197048636e-01
4.171819225540349119e-01
1.974682253342787686e-01
1.525139403130818527e-01
5.858630112424112468e-02
4.943735775906184238e-02
1.953121119503150108e-02
1.617431590413316231e-02
0.000000000000000000e+00
0.000000000000000000e+00
0.000000000000000000e+00
0.000000000000000000e+00
0.000000000000000000e+00
0.000000000000000000e+00
0.000000000000000000e+00
0.000000000000000000e+00
0.000000000000000000e+00
0.000000000000000000e+00
0.000000000000000000e+00
0.000000000000000000e+00
0.000000000000000000e+00
0.000000000000000000e+00
0.000000000000000000e+00
0.000000000000000000e+00
4.383731294581753701e+00
2.320038405244200064e+01
2.443308794980804421e+01
1.138095423771834369e+01
1.405830553902068791e+00
9.705334738498610392e+00
2.728153838002840281e+00
2.676109630080143464e+00
0.000000000000000000e+00
3.816765479046988485e+00
0.000000000000000000e+00
5.910207901229636462e+00
1.125116986457390666e+00
0.000000000000000000e+00
1.965174157376619934e+00
8.960553845713439269e-01
0.000000000000000000e+00
6.971348588680905678e-01
1.181263764758946122e+00
4.852825635592212805e-01
0.000000000000000000e+00
5.923968549451349430e-01
2.189080473647392056e-01
4.649902257718229182e-01
3.128864419155261700e-01
1.316454835561858550e-01
1.525139403130818527e-01
9.764383520706854114e-02
1.647911925302061528e-02
2.441401399378937548e-02
1.190185509926779822e-02
0.000000000000000000e+00
0.000000000000000000e+00
0.000000000000000000e+00
0.000000000000000000e+00
0.000000000000000000e+00
0.000000000000000000e+00
0.000000000000000000e+00
0.000000000000000000e+00
0.000000000000000000e+00
0.000000000000000000e+00
0.000000000000000000e+00
0.000000000000000000e+00
0.000000000000000000e+00
0.000000000000000000e+00
0.000000000000000000e+00
1.479865982045772466e+00
7.355638371518673502e+00
3.068611906207227591e+01
2.030033604588675189e+01
1.868412607926497415e+01
7.113096398573964585e+00
8.434983323412412304e+00
2.772952782428174334e+00
0.000000000000000000e+00
1.338054815040071732e+00
1.307719656795440555e+00
0.000000000000000000e+00
0.000000000000000000e+00
2.364083160491854407e+00
0.000000000000000000e+00
0.000000000000000000e+00
9.825870786883099672e-01
0.000000000000000000e+00
8.001600123562556677e-01
6.971348588680905678e-01
0.000000000000000000e+00
0.000000000000000000e+00
3.858302793476471870e-01
2.961984274725674715e-01
4.378160947294784111e-01
1.549967419239409727e-01
0.000000000000000000e+00
1.316454835561858550e-01
1.525139403130818527e-01
3.905753408282741646e-02
3.295823850604123056e-02
1.953121119503150108e-02
1.190185509926779822e-02
0.000000000000000000e+00
0.000000000000000000e+00
0.000000000000000000e+00
0.000000000000000000e+00
0.000000000000000000e+00
0.000000000000000000e+00
0.000000000000000000e+00
0.000000000000000000e+00
0.000000000000000000e+00
0.000000000000000000e+00
0.000000000000000000e+00
0.000000000000000000e+00
0.000000000000000000e+00
0.000000000000000000e+00
0.000000000000000000e+00
1.487618036407947875e+00
4.439597946137316953e+00
2.500917046316348902e+01
1.899616894318759819e+01
1.160019202622100032e+01
5.748961870543069175e+00
5.690477118859171846e+00
2.811661107804137583e+00
5.545905564856348668e+00
1.364076919001420141e+00
2.676109630080143464e+00
3.923158970386321442e+00
1.272255159682329495e+00
0.000000000000000000e+00
1.182041580245927204e+00
1.125116986457390666e+00
0.000000000000000000e+00
2.947761236064930124e+00
0.000000000000000000e+00
1.600320024712511335e+00
0.000000000000000000e+00
1.181263764758946122e+00
0.000000000000000000e+00
1.157490838042941617e+00
5.923968549451349430e-01
6.567241420942175889e-01
3.099934838478819454e-01
2.085909612770174559e-01
1.316454835561858550e-01
7.625697015654092636e-02
0.000000000000000000e+00
2.471867887953092119e-02
3.173821819192618882e-02
1.037597624038731105e-02
0.000000000000000000e+00
0.000000000000000000e+00
0.000000000000000000e+00
0.000000000000000000e+00
0.000000000000000000e+00
0.000000000000000000e+00
0.000000000000000000e+00
0.000000000000000000e+00
0.000000000000000000e+00
0.000000000000000000e+00
0.000000000000000000e+00
0.000000000000000000e+00
0.000000000000000000e+00
0.000000000000000000e+00
0.000000000000000000e+00
1.494517789827305210e+00
0.000000000000000000e+00
1.331879383841195263e+01
1.618240441734108259e+01
1.168995011888467594e+01
4.350072009832874897e+00
4.311721402907301659e+00
2.845238559429585923e+00
0.000000000000000000e+00
1.386476391214087167e+00
0.000000000000000000e+00
1.338054815040071732e+00
2.615439313590881110e+00
3.816765479046988485e+00
2.461430894977935768e+00
1.182041580245927204e+00
0.000000000000000000e+00
1.058888938575228922e+00
1.965174157376619934e+00
0.000000000000000000e+00
0.000000000000000000e+00
0.000000000000000000e+00
5.906318823794730610e-01
0.000000000000000000e+00
0.000000000000000000e+00
8.885952824177023590e-01
2.189080473647392056e-01
3.099934838478819454e-01
0.000000000000000000e+00
1.316454835561858550e-01
7.625697015654092636e-02
7.811506816565483291e-02
4.119779813255153994e-02
1.708980979565256214e-02
3.967285033089265785e-03
0.000000000000000000e+00
0.000000000000000000e+00
0.000000000000000000e+00
0.000000000000000000e+00
0.000000000000000000e+00
0.000000000000000000e+00
0.000000000000000000e+00
0.000000000000000000e+00
0.000000000000000000e+00
0.000000000000000000e+00
0.000000000000000000e+00
0.000000000000000000e+00
0.000000000000000000e+00
0.000000000000000000e+00
0.000000000000000000e+00
1.500678269864276437e+00
2.989035579654610419e+00
7.438090182039739595e+00
1.183892785636617973e+01
8.826766045822408202e+00
4.383731294581753701e+00
0.000000000000000000e+00
0.000000000000000000e+00
0.000000000000000000e+00
1.405830553902068791e+00
1.386476391214087167e+00
0.000000000000000000e+00
1.338054815040071732e+00
1.307719656795440555e+00
0.000000000000000000e+00
0.000000000000000000e+00
1.182041580245927204e+00
0.000000000000000000e+00
1.058888938575228922e+00
0.000000000000000000e+00
0.000000000000000000e+00
0.000000000000000000e+00
0.000000000000000000e+00
0.000000000000000000e+00
0.000000000000000000e+00
7.716605586952943741e-01
0.000000000000000000e+00
4.378160947294784111e-01
1.549967419239409727e-01
2.085909612770174559e-01
0.000000000000000000e+00
0.000000000000000000e+00
3.905753408282741646e-02
2.471867887953092119e-02
9.765605597515750538e-03
5.493163891969752959e-03
0.000000000000000000e+00
0.000000000000000000e+00
0.000000000000000000e+00
0.000000000000000000e+00
0.000000000000000000e+00
0.000000000000000000e+00
0.000000000000000000e+00
0.000000000000000000e+00
0.000000000000000000e+00
0.000000000000000000e+00
0.000000000000000000e+00
0.000000000000000000e+00
0.000000000000000000e+00
0.000000000000000000e+00
0.000000000000000000e+00
0.000000000000000000e+00
3.001356539728552875e+00
1.494517789827305165e+01
2.082665250971126980e+01
8.879195892274633906e+00
2.942255348607469401e+00
2.922487529721168986e+00
1.450024003277625040e+00
4.311721402907301659e+00
1.422619279714792961e+00
0.000000000000000000e+00
0.000000000000000000e+00
1.364076919001420141e+00
0.000000000000000000e+00
1.307719656795440555e+00
0.000000000000000000e+00
1.230715447488967884e+00
0.000000000000000000e+00
2.250233972914781333e+00
1.058888938575228922e+00
9.825870786883099672e-01
0.000000000000000000e+00
0.000000000000000000e+00
0.000000000000000000e+00
0.000000000000000000e+00
0.000000000000000000e+00
3.858302793476471870e-01
0.000000000000000000e+00
0.000000000000000000e+00
0.000000000000000000e+00
0.000000000000000000e+00
1.316454835561858550e-01
3.812848507827046318e-02
3.905753408282741646e-02
2.471867887953092119e-02
9.765605597515750538e-03
3.356933489537071349e-03
0.000000000000000000e+00
0.000000000000000000e+00
0.000000000000000000e+00
0.000000000000000000e+00
0.000000000000000000e+00
0.000000000000000000e+00
0.000000000000000000e+00
0.000000000000000000e+00
0.000000000000000000e+00
0.000000000000000000e+00
0.000000000000000000e+00
0.000000000000000000e+00
0.000000000000000000e+00
0.000000000000000000e+00
0.000000000000000000e+00
0.000000000000000000e+00
1.506195209978576255e+00
6.002713079457105749e+00
1.345066010844574755e+01
8.925708218447686804e+00
1.479865982045772466e+00
1.471127674303734700e+00
2.922487529721168986e+00
0.000000000000000000e+00
0.000000000000000000e+00
0.000000000000000000e+00
1.405830553902068791e+00
0.000000000000000000e+00
0.000000000000000000e+00
0.000000000000000000e+00
0.000000000000000000e+00
0.000000000000000000e+00
0.000000000000000000e+00
1.182041580245927204e+00
0.000000000000000000e+00
0.000000000000000000e+00
0.000000000000000000e+00
0.000000000000000000e+00
0.000000000000000000e+00
0.000000000000000000e+00
0.000000000000000000e+00
0.000000000000000000e+00
0.000000000000000000e+00
0.000000000000000000e+00
2.189080473647392056e-01
0.000000000000000000e+00
0.000000000000000000e+00
6.582274177809292748e-02
7.625697015654092636e-02
3.905753408282741646e-02
8.239559626510307641e-03
9.765605597515750538e-03
2.746581945984876479e-03
0.000000000000000000e+00
0.000000000000000000e+00
0.000000000000000000e+00
0.000000000000000000e+00
0.000000000000000000e+00
0.000000000000000000e+00
0.000000000000000000e+00
0.000000000000000000e+00
0.000000000000000000e+00
0.000000000000000000e+00
0.000000000000000000e+00
0.000000000000000000e+00
0.000000000000000000e+00
0.000000000000000000e+00
0.000000000000000000e+00
0.000000000000000000e+00
0.000000000000000000e+00
1.506195209978576344e+01
1.200542615891421150e+01
4.483553369481915851e+00
0.000000000000000000e+00
1.479865982045772466e+00
0.000000000000000000e+00
1.461243764860584493e+00
1.450024003277625040e+00
1.437240467635767294e+00
0.000000000000000000e+00
0.000000000000000000e+00
1.386476391214087167e+00
0.000000000000000000e+00
1.338054815040071732e+00
0.000000000000000000e+00
0.000000000000000000e+00
0.000000000000000000e+00
1.182041580245927204e+00
1.125116986457390666e+00
0.000000000000000000e+00
9.825870786883099672e-01
0.000000000000000000e+00
0.000000000000000000e+00
0.000000000000000000e+00
0.000000000000000000e+00
4.852825635592212805e-01
0.000000000000000000e+00
0.000000000000000000e+00
2.189080473647392056e-01
3.099934838478819454e-01
1.042954806385087280e-01
6.582274177809292748e-02
7.625697015654092636e-02
1.952876704141370823e-02
2.471867887953092119e-02
7.324204198136813337e-03
1.831054630656584175e-03
0.000000000000000000e+00
0.000000000000000000e+00
0.000000000000000000e+00
0.000000000000000000e+00
0.000000000000000000e+00
0.000000000000000000e+00
0.000000000000000000e+00
0.000000000000000000e+00
0.000000000000000000e+00
0.000000000000000000e+00
0.000000000000000000e+00
0.000000000000000000e+00
0.000000000000000000e+00
0.000000000000000000e+00
0.000000000000000000e+00
0.000000000000000000e+00
1.515612101736341533e+00
1.511150001924220732e+01
1.506195209978576255e+00
6.002713079457105749e+00
1.494517789827305210e+00
2.975236072815895749e+00
0.000000000000000000e+00
1.471127674303734700e+00
0.000000000000000000e+00
0.000000000000000000e+00
1.437240467635767294e+00
1.422619279714792961e+00
0.000000000000000000e+00
0.000000000000000000e+00
1.364076919001420141e+00
0.000000000000000000e+00
0.000000000000000000e+00
0.000000000000000000e+00
0.000000000000000000e+00
0.000000000000000000e+00
0.000000000000000000e+00
1.058888938575228922e+00
0.000000000000000000e+00
0.000000000000000000e+00
0.000000000000000000e+00
0.000000000000000000e+00
5.906318823794730610e-01
0.000000000000000000e+00
0.000000000000000000e+00
2.961984274725674715e-01
4.378160947294784111e-01
0.000000000000000000e+00
0.000000000000000000e+00
0.000000000000000000e+00
3.812848507827046318e-02
3.905753408282741646e-02
1.647911925302061528e-02
7.324204198136813337e-03
2.746581945984876479e-03
0.000000000000000000e+00
0.000000000000000000e+00
0.000000000000000000e+00
0.000000000000000000e+00
0.000000000000000000e+00
0.000000000000000000e+00
0.000000000000000000e+00
0.000000000000000000e+00
0.000000000000000000e+00
0.000000000000000000e+00
0.000000000000000000e+00
0.000000000000000000e+00
0.000000000000000000e+00
0.000000000000000000e+00
0.000000000000000000e+00
0.000000000000000000e+00
3.039281991600626842e+00
7.578060508681707219e+00
1.208920001539376621e+01
3.012390419957152510e+00
0.000000000000000000e+00
0.000000000000000000e+00
0.000000000000000000e+00
0.000000000000000000e+00
0.000000000000000000e+00
0.000000000000000000e+00
0.000000000000000000e+00
0.000000000000000000e+00
0.000000000000000000e+00
0.000000000000000000e+00
0.000000000000000000e+00
0.000000000000000000e+00
0.000000000000000000e+00
1.307719656795440555e+00
0.000000000000000000e+00
0.000000000000000000e+00
0.000000000000000000e+00
0.000000000000000000e+00
1.058888938575228922e+00
0.000000000000000000e+00
0.000000000000000000e+00
0.000000000000000000e+00
0.000000000000000000e+00
0.000000000000000000e+00
0.000000000000000000e+00
3.858302793476471870e-01
0.000000000000000000e+00
0.000000000000000000e+00
1.549967419239409727e-01
0.000000000000000000e+00
6.582274177809292748e-02
0.000000000000000000e+00
0.000000000000000000e+00
0.000000000000000000e+00
4.882802798757875269e-03
2.136230402432681610e-03
0.000000000000000000e+00
0.000000000000000000e+00
0.000000000000000000e+00
0.000000000000000000e+00
0.000000000000000000e+00
0.000000000000000000e+00
0.000000000000000000e+00
0.000000000000000000e+00
0.000000000000000000e+00
0.000000000000000000e+00
0.000000000000000000e+00
0.000000000000000000e+00
0.000000000000000000e+00
0.000000000000000000e+00
0.000000000000000000e+00
0.000000000000000000e+00
1.523287812427410515e+00
0.000000000000000000e+00
1.515612101736341533e+00
6.044600007696883104e+00
3.012390419957152510e+00
1.500678269864276437e+00
0.000000000000000000e+00
0.000000000000000000e+00
0.000000000000000000e+00
0.000000000000000000e+00
0.000000000000000000e+00
0.000000000000000000e+00
0.000000000000000000e+00
0.000000000000000000e+00
0.000000000000000000e+00
0.000000000000000000e+00
0.000000000000000000e+00
0.000000000000000000e+00
0.000000000000000000e+00
0.000000000000000000e+00
0.000000000000000000e+00
1.182041580245927204e+00
0.000000000000000000e+00
1.058888938575228922e+00
0.000000000000000000e+00
0.000000000000000000e+00
0.000000000000000000e+00
0.000000000000000000e+00
0.000000000000000000e+00
0.000000000000000000e+00
3.858302793476471870e-01
0.000000000000000000e+00
0.000000000000000000e+00
0.000000000000000000e+00
1.042954806385087280e-01
0.000000000000000000e+00
0.000000000000000000e+00
3.905753408282741646e-02
8.239559626510307641e-03
4.882802798757875269e-03
1.220703087104389522e-03
0.000000000000000000e+00
0.000000000000000000e+00
0.000000000000000000e+00
0.000000000000000000e+00
0.000000000000000000e+00
0.000000000000000000e+00
0.000000000000000000e+00
0.000000000000000000e+00
0.000000000000000000e+00
0.000000000000000000e+00
0.000000000000000000e+00
0.000000000000000000e+00
0.000000000000000000e+00
0.000000000000000000e+00
0.000000000000000000e+00
0.000000000000000000e+00
0.000000000000000000e+00
1.523287812427410515e+00
9.117845974801880971e+00
3.031224203472683065e+00
0.000000000000000000e+00
0.000000000000000000e+00
0.000000000000000000e+00
0.000000000000000000e+00
0.000000000000000000e+00
1.479865982045772466e+00
0.000000000000000000e+00
0.000000000000000000e+00
0.000000000000000000e+00
0.000000000000000000e+00
0.000000000000000000e+00
0.000000000000000000e+00
0.000000000000000000e+00
0.000000000000000000e+00
0.000000000000000000e+00
0.000000000000000000e+00
0.000000000000000000e+00
0.000000000000000000e+00
0.000000000000000000e+00
0.000000000000000000e+00
1.058888938575228922e+00
0.000000000000000000e+00
0.000000000000000000e+00
0.000000000000000000e+00
0.000000000000000000e+00
0.000000000000000000e+00
0.000000000000000000e+00
0.000000000000000000e+00
0.000000000000000000e+00
0.000000000000000000e+00
0.000000000000000000e+00
0.000000000000000000e+00
0.000000000000000000e+00
0.000000000000000000e+00
0.000000000000000000e+00
8.239559626510307641e-03
4.882802798757875269e-03
1.831054630656584175e-03
0.000000000000000000e+00
0.000000000000000000e+00
0.000000000000000000e+00
0.000000000000000000e+00
0.000000000000000000e+00
0.000000000000000000e+00
0.000000000000000000e+00
0.000000000000000000e+00
0.000000000000000000e+00
0.000000000000000000e+00
0.000000000000000000e+00
0.000000000000000000e+00
0.000000000000000000e+00
0.000000000000000000e+00
0.000000000000000000e+00
0.000000000000000000e+00
0.000000000000000000e+00
7.632983236317334885e+00
1.523287812427410515e+00
3.039281991600626842e+00
1.515612101736341533e+00
3.022300003848441552e+00
1.506195209978576255e+00
1.500678269864276437e+00
1.494517789827305210e+00
0.000000000000000000e+00
0.000000000000000000e+00
1.471127674303734700e+00
0.000000000000000000e+00
0.000000000000000000e+00
0.000000000000000000e+00
1.422619279714792961e+00
0.000000000000000000e+00
0.000000000000000000e+00
0.000000000000000000e+00
0.000000000000000000e+00
0.000000000000000000e+00
0.000000000000000000e+00
0.000000000000000000e+00
0.000000000000000000e+00
1.125116986457390666e+00
0.000000000000000000e+00
0.000000000000000000e+00
8.960553845713439269e-01
8.001600123562556677e-01
0.000000000000000000e+00
0.000000000000000000e+00
0.000000000000000000e+00
0.000000000000000000e+00
0.000000000000000000e+00
2.189080473647392056e-01
0.000000000000000000e+00
1.042954806385087280e-01
6.582274177809292748e-02
0.000000000000000000e+00
1.952876704141370823e-02
8.239559626510307641e-03
4.882802798757875269e-03
1.525878858880486957e-03
0.000000000000000000e+00
0.000000000000000000e+00
0.000000000000000000e+00
0.000000000000000000e+00
0.000000000000000000e+00
0.000000000000000000e+00
0.000000000000000000e+00
0.000000000000000000e+00
0.000000000000000000e+00
0.000000000000000000e+00
0.000000000000000000e+00
0.000000000000000000e+00
0.000000000000000000e+00
0.000000000000000000e+00
0.000000000000000000e+00
0.000000000000000000e+00
0.000000000000000000e+00
3.059211314264286496e+00
4.579789941790400221e+00
1.523287812427410515e+00
1.519640995800313421e+00
0.000000000000000000e+00
0.000000000000000000e+00
0.000000000000000000e+00
0.000000000000000000e+00
0.000000000000000000e+00
0.000000000000000000e+00
0.000000000000000000e+00
1.471127674303734700e+00
1.461243764860584493e+00
0.000000000000000000e+00
0.000000000000000000e+00
1.422619279714792961e+00
0.000000000000000000e+00
0.000000000000000000e+00
0.000000000000000000e+00
0.000000000000000000e+00
0.000000000000000000e+00
0.000000000000000000e+00
0.000000000000000000e+00
0.000000000000000000e+00
0.000000000000000000e+00
0.000000000000000000e+00
0.000000000000000000e+00
0.000000000000000000e+00
0.000000000000000000e+00
0.000000000000000000e+00
5.906318823794730610e-01
0.000000000000000000e+00
0.000000000000000000e+00
0.000000000000000000e+00
0.000000000000000000e+00
0.000000000000000000e+00
0.000000000000000000e+00
0.000000000000000000e+00
0.000000000000000000e+00
3.905753408282741646e-02
8.239559626510307641e-03
0.000000000000000000e+00
1.220703087104389522e-03
0.000000000000000000e+00
0.000000000000000000e+00
0.000000000000000000e+00
0.000000000000000000e+00
0.000000000000000000e+00
0.000000000000000000e+00
0.000000000000000000e+00
0.000000000000000000e+00
0.000000000000000000e+00
0.000000000000000000e+00
0.000000000000000000e+00
0.000000000000000000e+00
0.000000000000000000e+00
0.000000000000000000e+00
0.000000000000000000e+00
0.000000000000000000e+00
0.000000000000000000e+00
1.532347965967065351e+00
9.177633942792859045e+00
4.579789941790400221e+00
0.000000000000000000e+00
1.519640995800313421e+00
0.000000000000000000e+00
0.000000000000000000e+00
0.000000000000000000e+00
0.000000000000000000e+00
0.000000000000000000e+00
0.000000000000000000e+00
0.000000000000000000e+00
1.471127674303734700e+00
0.000000000000000000e+00
0.000000000000000000e+00
0.000000000000000000e+00
0.000000000000000000e+00
0.000000000000000000e+00
0.000000000000000000e+00
0.000000000000000000e+00
0.000000000000000000e+00
0.000000000000000000e+00
0.000000000000000000e+00
0.000000000000000000e+00
0.000000000000000000e+00
0.000000000000000000e+00
0.000000000000000000e+00
0.000000000000000000e+00
0.000000000000000000e+00
0.000000000000000000e+00
0.000000000000000000e+00
0.000000000000000000e+00
0.000000000000000000e+00
0.000000000000000000e+00
0.000000000000000000e+00
0.000000000000000000e+00
0.000000000000000000e+00
0.000000000000000000e+00
0.000000000000000000e+00
0.000000000000000000e+00
0.000000000000000000e+00
0.000000000000000000e+00
2.441401399378937635e-03
1.831054630656584175e-03
0.000000000000000000e+00
0.000000000000000000e+00
0.000000000000000000e+00
0.000000000000000000e+00
0.000000000000000000e+00
0.000000000000000000e+00
0.000000000000000000e+00
0.000000000000000000e+00
0.000000000000000000e+00
0.000000000000000000e+00
0.000000000000000000e+00
0.000000000000000000e+00
0.000000000000000000e+00
0.000000000000000000e+00
0.000000000000000000e+00
0.000000000000000000e+00
0.000000000000000000e+00
1.534852417784438039e+00
1.532347965967065351e+00
1.529605657132143248e+00
0.000000000000000000e+00
0.000000000000000000e+00
0.000000000000000000e+00
0.000000000000000000e+00
0.000000000000000000e+00
0.000000000000000000e+00
0.000000000000000000e+00
0.000000000000000000e+00
0.000000000000000000e+00
0.000000000000000000e+00
0.000000000000000000e+00
0.000000000000000000e+00
0.000000000000000000e+00
0.000000000000000000e+00
0.000000000000000000e+00
0.000000000000000000e+00
0.000000000000000000e+00
0.000000000000000000e+00
0.000000000000000000e+00
0.000000000000000000e+00
0.000000000000000000e+00
0.000000000000000000e+00
0.000000000000000000e+00
0.000000000000000000e+00
0.000000000000000000e+00
0.000000000000000000e+00
0.000000000000000000e+00
0.000000000000000000e+00
0.000000000000000000e+00
0.000000000000000000e+00
0.000000000000000000e+00
0.000000000000000000e+00
0.000000000000000000e+00
0.000000000000000000e+00
0.000000000000000000e+00
0.000000000000000000e+00
0.000000000000000000e+00
0.000000000000000000e+00
0.000000000000000000e+00
0.000000000000000000e+00
0.000000000000000000e+00
1.525878858880486957e-03
0.000000000000000000e+00
0.000000000000000000e+00
0.000000000000000000e+00
0.000000000000000000e+00
0.000000000000000000e+00
0.000000000000000000e+00
0.000000000000000000e+00
0.000000000000000000e+00
0.000000000000000000e+00
0.000000000000000000e+00
0.000000000000000000e+00
0.000000000000000000e+00
0.000000000000000000e+00
0.000000000000000000e+00
0.000000000000000000e+00
0.000000000000000000e+00
0.000000000000000000e+00
3.074288409476952033e+00
0.000000000000000000e+00
0.000000000000000000e+00
0.000000000000000000e+00
0.000000000000000000e+00
0.000000000000000000e+00
0.000000000000000000e+00
0.000000000000000000e+00
0.000000000000000000e+00
0.000000000000000000e+00
0.000000000000000000e+00
1.494517789827305210e+00
0.000000000000000000e+00
0.000000000000000000e+00
0.000000000000000000e+00
0.000000000000000000e+00
0.000000000000000000e+00
0.000000000000000000e+00
0.000000000000000000e+00
0.000000000000000000e+00
0.000000000000000000e+00
0.000000000000000000e+00
0.000000000000000000e+00
0.000000000000000000e+00
1.272255159682329495e+00
0.000000000000000000e+00
0.000000000000000000e+00
0.000000000000000000e+00
0.000000000000000000e+00
0.000000000000000000e+00
0.000000000000000000e+00
0.000000000000000000e+00
0.000000000000000000e+00
0.000000000000000000e+00
0.000000000000000000e+00
0.000000000000000000e+00
0.000000000000000000e+00
0.000000000000000000e+00
0.000000000000000000e+00
0.000000000000000000e+00
0.000000000000000000e+00
0.000000000000000000e+00
0.000000000000000000e+00
8.239559626510307641e-03
2.441401399378937635e-03
3.051757717760973806e-04
0.000000000000000000e+00
0.000000000000000000e+00
0.000000000000000000e+00
0.000000000000000000e+00
0.000000000000000000e+00
0.000000000000000000e+00
0.000000000000000000e+00
0.000000000000000000e+00
0.000000000000000000e+00
0.000000000000000000e+00
0.000000000000000000e+00
0.000000000000000000e+00
0.000000000000000000e+00
0.000000000000000000e+00
0.000000000000000000e+00
0.000000000000000000e+00
0.000000000000000000e+00
1.539245392815994817e+00
4.611432614215427606e+00
0.000000000000000000e+00
0.000000000000000000e+00
1.529605657132143248e+00
0.000000000000000000e+00
0.000000000000000000e+00
0.000000000000000000e+00
0.000000000000000000e+00
0.000000000000000000e+00
0.000000000000000000e+00
0.000000000000000000e+00
0.000000000000000000e+00
0.000000000000000000e+00
0.000000000000000000e+00
0.000000000000000000e+00
0.000000000000000000e+00
0.000000000000000000e+00
0.000000000000000000e+00
0.000000000000000000e+00
0.000000000000000000e+00
0.000000000000000000e+00
0.000000000000000000e+00
0.000000000000000000e+00
0.000000000000000000e+00
0.000000000000000000e+00
1.230715447488967884e+00
0.000000000000000000e+00
0.000000000000000000e+00
0.000000000000000000e+00
0.000000000000000000e+00
0.000000000000000000e+00
0.000000000000000000e+00
0.000000000000000000e+00
0.000000000000000000e+00
0.000000000000000000e+00
0.000000000000000000e+00
0.000000000000000000e+00
2.189080473647392056e-01
0.000000000000000000e+00
0.000000000000000000e+00
6.582274177809292748e-02
0.000000000000000000e+00
0.000000000000000000e+00
0.000000000000000000e+00
0.000000000000000000e+00
1.831054630656584175e-03
0.000000000000000000e+00
