# pd_vector
0.000000000000000000e+00
0.000000000000000000e+00
0.000000000000000000e+00
0.000000000000000000e+00
0.000000000000000000e+00
0.000000000000000000e+00
0.000000000000000000e+00
0.000000000000000000e+00
0.000000000000000000e+00
0.000000000000000000e+00
0.000000000000000000e+00
0.000000000000000000e+00
0.000000000000000000e+00
8.239745837954629004e-03
0.000000000000000000e+00
0.000000000000000000e+00
0.000000000000000000e+00
0.000000000000000000e+00
0.000000000000000000e+00
3.082275294938583571e-02
0.000000000000000000e+00
0.000000000000000000e+00
0.000000000000000000e+00
0.000000000000000000e+00
0.000000000000000000e+00
0.000000000000000000e+00
6.665038855589966449e-01
0.000000000000000000e+00
0.000000000000000000e+00
0.000000000000000000e+00
0.000000000000000000e+00
0.000000000000000000e+00
0.000000000000000000e+00
0.000000000000000000e+00
1.477966262711639667e+00
0.000000000000000000e+00
0.000000000000000000e+00
0.000000000000000000e+00
0.000000000000000000e+00
0.000000000000000000e+00
0.000000000000000000e+00
0.000000000000000000e+00
3.979484280987668487e-01
6.154784965180332357e+00
0.000000000000000000e+00
0.000000000000000000e+00
0.000000000000000000e+00
0.000000000000000000e+00
0.000000000000000000e+00
0.000000000000000000e+00
0.000000000000000000e+00
1.647911925302061528e-02
2.209468266437938588e+00
9.471130077071181930e+00
0.000000000000000000e+00
0.000000000000000000e+00
0.000000000000000000e+00
0.000000000000000000e+00
0.000000000000000000e+00
0.000000000000000000e+00
0.000000000000000000e+00
0.000000000000000000e+00
3.954988620724947390e-01
4.567862018237992316e+00
1.004608123109735018e+01
0.000000000000000000e+00
0.000000000000000000e+00
0.000000000000000000e+00
0.000000000000000000e+00
0.000000000000000000e+00
0.000000000000000000e+00
0.000000000000000000e+00
0.000000000000000000e+00
5.858630112424112468e-02
1.952775631482942975e+00
6.831041115462267221e+00
1.019927946852895140e+01
0.000000000000000000e+00
0.000000000000000000e+00
0.000000000000000000e+00
0.000000000000000000e+00
0.000000000000000000e+00
0.000000000000000000e+00
0.000000000000000000e+00
0.000000000000000000e+00
0.000000000000000000e+00
5.858630112424112468e-01
4.243373207652808787e+00
1.006345656823998169e+01
9.751586611333415533e+00
0.000000000000000000e+00
0.000000000000000000e+00
0.000000000000000000e+00
0.000000000000000000e+00
0.000000000000000000e+00
0.000000000000000000e+00
0.000000000000000000e+00
0.000000000000000000e+00
0.000000000000000000e+00
1.906424253913523159e-01
2.460624647218127237e+00
9.475493570486854367e+00
1.262204523478910723e+01
9.242553424010885976e+00
0.000000000000000000e+00
0.000000000000000000e+00
0.000000000000000000e+00
0.000000000000000000e+00
0.000000000000000000e+00
0.000000000000000000e+00
0.000000000000000000e+00
0.000000000000000000e+00
0.000000000000000000e+00
0.000000000000000000e+00
1.372625462817736786e+00
7.928679418813965540e+00
1.604242259281556926e+01
1.441403386193324820e+01
8.345336654989159442e+00
0.000000000000000000e+00
0.000000000000000000e+00
0.000000000000000000e+00
0.000000000000000000e+00
0.000000000000000000e+00
0.000000000000000000e+00
0.000000000000000000e+00
0.000000000000000000e+00
0.000000000000000000e+00
0.000000000000000000e+00
5.924046760028363057e-01
5.871786702053650941e+00
1.730248759869254371e+01
2.078840893768550657e+01
1.452145552350592084e+01
7.186584249555317605e+00
0.000000000000000000e+00
0.000000000000000000e+00
0.000000000000000000e+00
0.000000000000000000e+00
0.000000000000000000e+00
0.000000000000000000e+00
0.000000000000000000e+00
0.000000000000000000e+00
0.000000000000000000e+00
0.000000000000000000e+00
1.042954806385087280e-01
3.225314347126553294e+00
1.578519282240397104e+01
2.489917797780247710e+01
2.345802625667484520e+01
1.361569560433633441e+01
6.001586727748731143e+00
0.000000000000000000e+00
0.000000000000000000e+00
0.000000000000000000e+00
0.000000000000000000e+00
0.000000000000000000e+00
0.000000000000000000e+00
0.000000000000000000e+00
0.000000000000000000e+00
0.000000000000000000e+00
0.000000000000000000e+00
1.549967419239409727e-01
2.398796054685700785e+00
1.244049819605956309e+01
2.646116864431970228e+01
3.116791219809627833e+01
2.321907902750604791e+01
1.225339362348288752e+01
4.951476897067180083e+00
0.000000000000000000e+00
0.000000000000000000e+00
0.000000000000000000e+00
0.000000000000000000e+00
0.000000000000000000e+00
0.000000000000000000e+00
0.000000000000000000e+00
0.000000000000000000e+00
0.000000000000000000e+00
0.000000000000000000e+00
0.000000000000000000e+00
2.169954386935173396e+00
8.239342970442189440e+00
2.678985590368382219e+01
3.633644627959175466e+01
3.292550123182351030e+01
2.084608585507107748e+01
1.024412027179402251e+01
4.112853876226464145e+00
0.000000000000000000e+00
0.000000000000000000e+00
0.000000000000000000e+00
0.000000000000000000e+00
0.000000000000000000e+00
0.000000000000000000e+00
0.000000000000000000e+00
0.000000000000000000e+00
0.000000000000000000e+00
0.000000000000000000e+00
0.000000000000000000e+00
8.756321894589568222e-01
8.059830580044931025e+00
2.596957467898867478e+01
4.219237747975756747e+01
4.266577480258465016e+01
3.056252041981245426e+01
1.882739374657605325e+01
8.720685798581564896e+00
3.400268449129276949e+00
0.000000000000000000e+00
0.000000000000000000e+00
0.000000000000000000e+00
0.000000000000000000e+00
0.000000000000000000e+00
0.000000000000000000e+00
0.000000000000000000e+00
0.000000000000000000e+00
0.000000000000000000e+00
0.000000000000000000e+00
0.000000000000000000e+00
2.961984274725674715e-01
5.472701184118480278e+00
2.293951780474326441e+01
4.547282955838980456e+01
4.633921021177742006e+01
4.049245115312323406e+01
2.642242180703274812e+01
1.511135235501990337e+01
6.845689523858541570e+00
2.692260658608731205e+00
0.000000000000000000e+00
0.000000000000000000e+00
0.000000000000000000e+00
0.000000000000000000e+00
0.000000000000000000e+00
0.000000000000000000e+00
0.000000000000000000e+00
0.000000000000000000e+00
0.000000000000000000e+00
0.000000000000000000e+00
0.000000000000000000e+00
0.000000000000000000e+00
3.850579557143376963e+00
1.773155183654387557e+01
4.308909425485558842e+01
5.903124204139594156e+01
5.081515665268774029e+01
3.683211658560927049e+01
2.402038346093885934e+01
1.202975705470504941e+01
5.725086281543608990e+00
2.131957941627816489e+00
0.000000000000000000e+00
0.000000000000000000e+00
0.000000000000000000e+00
0.000000000000000000e+00
0.000000000000000000e+00
0.000000000000000000e+00
0.000000000000000000e+00
0.000000000000000000e+00
0.000000000000000000e+00
0.000000000000000000e+00
0.000000000000000000e+00
0.000000000000000000e+00
3.858302793476471870e-01
1.480992137362837369e+01
3.852781633619409973e+01
6.308367396304397801e+01
5.809258271564936393e+01
4.554933731044030765e+01
3.092220139847734472e+01
1.894290403017129876e+01
1.039832424865600835e+01
4.470205962262834731e+00
1.706542915771936508e+00
0.000000000000000000e+00
0.000000000000000000e+00
0.000000000000000000e+00
0.000000000000000000e+00
0.000000000000000000e+00
0.000000000000000000e+00
0.000000000000000000e+00
0.000000000000000000e+00
0.000000000000000000e+00
0.000000000000000000e+00
0.000000000000000000e+00
0.000000000000000000e+00
4.852825635592212805e-01
1.118907810108176903e+01
3.880199399890634027e+01
6.742367858833966920e+01
6.602861205959885638e+01
5.652815050607173220e+01
3.824301297307199121e+01
2.424971650978001492e+01
1.445128761064614409e+01
8.148924470618693405e+00
3.557121838895112020e+00
1.351928668968111369e+00
0.000000000000000000e+00
0.000000000000000000e+00
0.000000000000000000e+00
0.000000000000000000e+00
0.000000000000000000e+00
0.000000000000000000e+00
0.000000000000000000e+00
0.000000000000000000e+00
0.000000000000000000e+00
0.000000000000000000e+00
0.000000000000000000e+00
0.000000000000000000e+00
5.906318823794730610e-01
6.308673326269876647e+00
3.009476178911647892e+01
5.775869335715065489e+01
7.420982805664658599e+01
6.416865115651155804e+01
4.881028493882208608e+01
3.073922041036939845e+01
2.058938194226605134e+01
1.163914515668257010e+01
6.220867518015282371e+00
2.873529447069009812e+00
1.065063443498579954e+00
0.000000000000000000e+00
0.000000000000000000e+00
0.000000000000000000e+00
0.000000000000000000e+00
0.000000000000000000e+00
0.000000000000000000e+00
0.000000000000000000e+00
0.000000000000000000e+00
0.000000000000000000e+00
0.000000000000000000e+00
0.000000000000000000e+00
8.001600123562556677e-01
1.394269717736181136e+00
5.906318823794730832e+00
2.814638868643483249e+01
6.366199609236178247e+01
8.263936126484632894e+01
6.611023030415124424e+01
5.192390854452022353e+01
3.660771370411656278e+01
2.665821042012763442e+01
1.528952251638645521e+01
8.670772566387686453e+00
4.902537977773633315e+00
2.243647886029243477e+00
8.572387429190575503e-01
0.000000000000000000e+00
0.000000000000000000e+00
0.000000000000000000e+00
0.000000000000000000e+00
0.000000000000000000e+00
0.000000000000000000e+00
0.000000000000000000e+00
0.000000000000000000e+00
0.000000000000000000e+00
0.000000000000000000e+00
0.000000000000000000e+00
0.000000000000000000e+00
0.000000000000000000e+00
2.091404576604271703e+00
2.126274776566102886e+01
4.852825635592212450e+01
8.758347341191591795e+01
8.471275025715429763e+01
6.282660959368015341e+01
3.874918548098523985e+01
2.732541592728928848e+01
1.862783592320029769e+01
1.151480249363767960e+01
6.756953396329143047e+00
3.905551262965885950e+00
1.740719197757182535e+00
6.900024199857561769e-01
0.000000000000000000e+00
0.000000000000000000e+00
0.000000000000000000e+00
0.000000000000000000e+00
0.000000000000000000e+00
0.000000000000000000e+00
0.000000000000000000e+00
0.000000000000000000e+00
0.000000000000000000e+00
0.000000000000000000e+00
0.000000000000000000e+00
0.000000000000000000e+00
0.000000000000000000e+00
1.600320024712511335e+00
1.673123661283417363e+01
6.142571576746519924e+01
7.182181940676474596e+01
8.218184950104884479e+01
5.894348706704092677e+01
5.056775894125475901e+01
3.332429951364731124e+01
2.169345997280981564e+01
1.323037109739667905e+01
9.646506724802426547e+00
5.389939703430183471e+00
2.916804107784648714e+00
1.440426825633573271e+00
5.230712728242309373e-01
0.000000000000000000e+00
0.000000000000000000e+00
0.000000000000000000e+00
0.000000000000000000e+00
0.000000000000000000e+00
0.000000000000000000e+00
0.000000000000000000e+00
0.000000000000000000e+00
0.000000000000000000e+00
0.000000000000000000e+00
0.000000000000000000e+00
0.000000000000000000e+00
0.000000000000000000e+00
8.960553845713439269e-01
1.360272021005634713e+01
3.973668695548116148e+01
7.146645776791623916e+01
7.958634042371228645e+01
7.022111084127179481e+01
5.183472480769930968e+01
3.633873586254670585e+01
2.758942006246149248e+01
1.741734526663095650e+01
1.217720722894719110e+01
7.587568530575822479e+00
4.179156146862533561e+00
2.364753612808458083e+00
1.132810249311827056e+00
4.367065294115953789e-01
0.000000000000000000e+00
0.000000000000000000e+00
0.000000000000000000e+00
0.000000000000000000e+00
0.000000000000000000e+00
0.000000000000000000e+00
0.000000000000000000e+00
0.000000000000000000e+00
0.000000000000000000e+00
0.000000000000000000e+00
0.000000000000000000e+00
0.000000000000000000e+00
0.000000000000000000e+00
1.965174157376619934e+00
8.064498461142095564e+00
3.040608046953771648e+01
5.507365385057915574e+01
7.914467223884939528e+01
7.813049273303462883e+01
6.096118413692825300e+01
3.613620815165322853e+01
2.758241396795714095e+01
1.921959599856868195e+01
1.407988988619867854e+01
9.215183848933010680e+00
5.795529731897110182e+00
3.593293135620122314e+00
1.895098714097370740e+00
8.935529121726911717e-01
3.646850472724363912e-01
0.000000000000000000e+00
0.000000000000000000e+00
0.000000000000000000e+00
0.000000000000000000e+00
0.000000000000000000e+00
0.000000000000000000e+00
0.000000000000000000e+00
0.000000000000000000e+00
0.000000000000000000e+00
0.000000000000000000e+00
0.000000000000000000e+00
0.000000000000000000e+00
0.000000000000000000e+00
1.058888938575228922e+00
6.878109550818169993e+00
3.136193845999703811e+01
7.201440111206301253e+01
8.156477848756659910e+01
7.973530412122886446e+01
5.871919019066577761e+01
4.321299128693648584e+01
3.198943016703728759e+01
1.904500012073231119e+01
1.627465790201380358e+01
8.552229412357716498e+00
6.911387886699757566e+00
4.346647298922833080e+00
3.105073959584779608e+00
1.516078971277896592e+00
6.762681876279657001e-01
2.627563394992198376e-01
0.000000000000000000e+00
0.000000000000000000e+00
0.000000000000000000e+00
0.000000000000000000e+00
0.000000000000000000e+00
0.000000000000000000e+00
0.000000000000000000e+00
0.000000000000000000e+00
0.000000000000000000e+00
0.000000000000000000e+00
0.000000000000000000e+00
0.000000000000000000e+00
0.000000000000000000e+00
2.250233972914781333e+00
5.294444692876144387e+00
2.456467696720774896e+01
5.465937845885198243e+01
7.521504116148803121e+01
7.250202532228141195e+01
5.729129259080888659e+01
5.143995173727745396e+01
3.202391318585471680e+01
1.866050093077175021e+01
1.510465526816700432e+01
9.919791483132222254e+00
8.135047489803680421e+00
5.594933051137898516e+00
3.736591537670505225e+00
2.362980812011058696e+00
1.128819668831912093e+00
5.737293288540503688e-01
2.215576103094467064e-01
0.000000000000000000e+00
0.000000000000000000e+00
0.000000000000000000e+00
0.000000000000000000e+00
0.000000000000000000e+00
0.000000000000000000e+00
0.000000000000000000e+00
0.000000000000000000e+00
0.000000000000000000e+00
0.000000000000000000e+00
0.000000000000000000e+00
0.000000000000000000e+00
0.000000000000000000e+00
0.000000000000000000e+00
5.625584932286953332e+00
1.058888938575228877e+01
4.519900561966225894e+01
6.361993230456541681e+01
7.041408108735049609e+01
5.298224927397488671e+01
4.606928682559890120e+01
3.785203995761926166e+01
2.623645899564001027e+01
1.658711193846377796e+01
1.313448284188435267e+01
8.989811031588576640e+00
6.362024318949032420e+00
2.962023380014181750e+00
2.249580619617957300e+00
1.757589033727233740e+00
1.013465834060767845e+00
4.614248644826192125e-01
1.870727480987476876e-01
0.000000000000000000e+00
0.000000000000000000e+00
0.000000000000000000e+00
0.000000000000000000e+00
0.000000000000000000e+00
0.000000000000000000e+00
0.000000000000000000e+00
0.000000000000000000e+00
0.000000000000000000e+00
0.000000000000000000e+00
0.000000000000000000e+00
0.000000000000000000e+00
0.000000000000000000e+00
0.000000000000000000e+00
1.182041580245927204e+00
1.462652082394607866e+01
3.812000178870824385e+01
7.958955337375310535e+01
6.720415384285080052e+01
6.081216093907543296e+01
4.461663096755779634e+01
3.130348976611207235e+01
2.232299792372418068e+01
1.774819284999177071e+01
1.717950879340891390e+01
6.129425326212698089e+00
5.424885967337933934e+00
5.110478551286927740e+00
2.764555154679902760e+00
2.783379410713743951e+00
1.249841090650477327e+00
7.497999260124379450e-01
3.393547945136723420e-01
1.443481400500940537e-01
0.000000000000000000e+00
0.000000000000000000e+00
0.000000000000000000e+00
0.000000000000000000e+00
0.000000000000000000e+00
0.000000000000000000e+00
0.000000000000000000e+00
0.000000000000000000e+00
0.000000000000000000e+00
0.000000000000000000e+00
0.000000000000000000e+00
0.000000000000000000e+00
0.000000000000000000e+00
0.000000000000000000e+00
0.000000000000000000e+00
1.536654054319705409e+01
2.700280767497737600e+01
5.188555799018621428e+01
7.467661798031156195e+01
5.555543384342332303e+01
4.800960074137533695e+01
3.764528237887689244e+01
2.185337964804050159e+01
2.086715023304651595e+01
1.273239921847235756e+01
9.774548106594727059e+00
7.880689705130611067e+00
5.734879451185816102e+00
3.963228264263331635e+00
2.040504995120880682e+00
1.830167283756982233e+00
1.113139721360581369e+00
6.426856508678040480e-01
3.124993791205040172e-01
1.345825153532589358e-01
0.000000000000000000e+00
0.000000000000000000e+00
0.000000000000000000e+00
0.000000000000000000e+00
0.000000000000000000e+00
0.000000000000000000e+00
0.000000000000000000e+00
0.000000000000000000e+00
0.000000000000000000e+00
0.000000000000000000e+00
0.000000000000000000e+00
0.000000000000000000e+00
0.000000000000000000e+00
0.000000000000000000e+00
0.000000000000000000e+00
6.153577237444839199e+00
3.664328898762374109e+01
6.300655124161387732e+01
7.412222570026602853e+01
6.092039887867521486e+01
3.136193845999703811e+01
2.320464035833141381e+01
2.439972006038317076e+01
1.299390141234840712e+01
1.407319434321741625e+01
1.080324782173412146e+01
6.812563831869051789e+00
4.378160947294784222e+00
4.029915290022465513e+00
2.711682496601226955e+00
1.777214028008509139e+00
1.334496977739466184e+00
6.639780794080660797e-01
4.366966602050463275e-01
1.953121119503150038e-01
9.735107119657505914e-02
0.000000000000000000e+00
0.000000000000000000e+00
0.000000000000000000e+00
0.000000000000000000e+00
0.000000000000000000e+00
0.000000000000000000e+00
0.000000000000000000e+00
0.000000000000000000e+00
0.000000000000000000e+00
0.000000000000000000e+00
0.000000000000000000e+00
0.000000000000000000e+00
0.000000000000000000e+00
0.000000000000000000e+00
0.000000000000000000e+00
3.816765479046988485e+00
3.199860163471316454e+01
5.319187111106672461e+01
7.875818905201734310e+01
3.388444603440732550e+01
4.323383146228563589e+01
3.763432615199644715e+01
2.080416032126264625e+01
1.673123661283417363e+01
7.087582588553676288e+00
8.249803580506760881e+00
5.401623910867060729e+00
5.923968549451349652e+00
4.159252899930044656e+00
2.789941354630937731e+00
2.398796054685700785e+00
2.501264187567531216e+00
8.006981866436797546e-01
4.491616419525152892e-01
2.471867887953092258e-01
1.831051049534203334e-01
8.361816146665068672e-02
0.000000000000000000e+00
0.000000000000000000e+00
0.000000000000000000e+00
0.000000000000000000e+00
0.000000000000000000e+00
0.000000000000000000e+00
0.000000000000000000e+00
0.000000000000000000e+00
0.000000000000000000e+00
0.000000000000000000e+00
0.000000000000000000e+00
0.000000000000000000e+00
0.000000000000000000e+00
0.000000000000000000e+00
0.000000000000000000e+00
7.846317940772642885e+00
2.162833771459960275e+01
4.922861789955871359e+01
6.146616217278821637e+01
5.400561534995475199e+01
3.176666815725686632e+01
2.947761236064929946e+01
2.060927384514091187e+01
1.360272021005634713e+01
6.971348588680905678e+00
7.087582588553676288e+00
6.793955889829097927e+00
6.173284469562354992e+00
6.220166976923916735e+00
4.815977042024262467e+00
1.704964161163350589e+00
2.085909612770174615e+00
8.556956431152080711e-01
1.067597582191572858e+00
6.249205453252386633e-01
3.543010639399432060e-01
1.489254853621151953e-01
6.256103321409996199e-02
0.000000000000000000e+00
0.000000000000000000e+00
0.000000000000000000e+00
0.000000000000000000e+00
0.000000000000000000e+00
0.000000000000000000e+00
0.000000000000000000e+00
0.000000000000000000e+00
0.000000000000000000e+00
0.000000000000000000e+00
0.000000000000000000e+00
0.000000000000000000e+00
0.000000000000000000e+00
0.000000000000000000e+00
0.000000000000000000e+00
2.676109630080143464e+00
1.830807519513616910e+01
4.071216510983454384e+01
4.799790245206974504e+01
3.664328898762374109e+01
2.137722274269042089e+01
1.376555620147797576e+01
1.080845786557140897e+01
8.960553845713439713e+00
7.201440111206300898e+00
7.668483447548996246e+00
6.496950706174203560e+00
5.823390762710655366e+00
1.929151396738235880e+00
3.554381129670809436e+00
8.756321894589568222e-01
4.649902257718229182e-01
1.981614132131665817e+00
6.582274177809293025e-01
7.244412164871387727e-01
4.882191760353427057e-01
3.378219446869226150e-01
1.489254853621151953e-01
5.645751777857801329e-02
0.000000000000000000e+00
0.000000000000000000e+00
0.000000000000000000e+00
0.000000000000000000e+00
0.000000000000000000e+00
0.000000000000000000e+00
0.000000000000000000e+00
0.000000000000000000e+00
0.000000000000000000e+00
0.000000000000000000e+00
0.000000000000000000e+00
0.000000000000000000e+00
0.000000000000000000e+00
0.000000000000000000e+00
0.000000000000000000e+00
1.364076919001420141e+00
1.204249333536064626e+01
4.315474867424953942e+01
4.071216510983454384e+01
3.446003252969109809e+01
3.782533056786967052e+01
1.912698876977564311e+01
1.694222301720366275e+01
1.179104494425972049e+01
6.272387691999407267e+00
8.001600123562557343e+00
6.971348588680905678e+00
4.725055059035784488e+00
2.426412817796106403e+00
2.700811955433530365e+00
2.073388992307972245e+00
1.970172426282652767e+00
9.299804515436458363e-01
1.251545767662104680e+00
7.240501595590221884e-01
4.575418209392455582e-01
2.538739715383782070e-01
2.059889906627576928e-01
1.245114713683258129e-01
3.875732301556436554e-02
0.000000000000000000e+00
0.000000000000000000e+00
0.000000000000000000e+00
0.000000000000000000e+00
0.000000000000000000e+00
0.000000000000000000e+00
0.000000000000000000e+00
0.000000000000000000e+00
0.000000000000000000e+00
0.000000000000000000e+00
0.000000000000000000e+00
0.000000000000000000e+00
0.000000000000000000e+00
0.000000000000000000e+00
0.000000000000000000e+00
5.545905564856348668e+00
1.227669227101278082e+01
1.471860296544078928e+01
4.707790764463585731e+01
4.580118574856386005e+01
2.092216260731245470e+01
2.364083160491854585e+01
1.462652082394607866e+01
1.164777832432751836e+01
7.860696629506479738e+00
9.856609230284783862e+00
4.800960074137534228e+00
1.394269717736181136e+00
4.134423176656311760e+00
1.941130254236885122e+00
3.086642234781177496e+00
2.665785847253107299e+00
2.845804615741609478e+00
6.199869676957638909e-01
8.343638451080698237e-01
7.240501595590221884e-01
4.956703060175160491e-01
3.319890397040330399e-01
1.647911925302061598e-01
7.324204198136813337e-02
3.662109261313168523e-02
0.000000000000000000e+00
0.000000000000000000e+00
0.000000000000000000e+00
0.000000000000000000e+00
0.000000000000000000e+00
0.000000000000000000e+00
0.000000000000000000e+00
0.000000000000000000e+00
0.000000000000000000e+00
0.000000000000000000e+00
0.000000000000000000e+00
0.000000000000000000e+00
0.000000000000000000e+00
0.000000000000000000e+00
0.000000000000000000e+00
2.811661107804137583e+00
9.705334738498610392e+00
2.046115378502130255e+01
3.880358963616208001e+01
3.269299141988601320e+01
2.544510319364658812e+01
1.230715447488967840e+01
3.546124740737781611e+00
7.875818905201734665e+00
8.471111508601831375e+00
6.878109550818169993e+00
5.376332307428063118e+00
3.200640049425022671e+00
1.394269717736181136e+00
1.181263764758946122e+00
1.941130254236885122e+00
2.700811955433530365e+00
1.184793709890269886e+00
4.378160947294784111e-01
1.239973935391527782e+00
1.042954806385087307e+00
5.924046760028363057e-01
3.812848507827046318e-01
2.734027385797919152e-01
2.142285502892679883e-01
8.056624617950494671e-02
2.655029214452047162e-02
0.000000000000000000e+00
0.000000000000000000e+00
0.000000000000000000e+00
0.000000000000000000e+00
0.000000000000000000e+00
0.000000000000000000e+00
0.000000000000000000e+00
0.000000000000000000e+00
0.000000000000000000e+00
0.000000000000000000e+00
0.000000000000000000e+00
0.000000000000000000e+00
0.000000000000000000e+00
0.000000000000000000e+00
0.000000000000000000e+00
0.000000000000000000e+00
2.811661107804137583e+00
1.941066947699722078e+01
2.182523070402272225e+01
2.408498667072129251e+01
1.307719656795440599e+01
8.905786117776306909e+00
7.384292684933807749e+00
3.546124740737781611e+00
5.625584932286953332e+00
6.353333631451373975e+00
2.947761236064930124e+00
2.688166153714031559e+00
8.001600123562556677e-01
2.091404576604271703e+00
2.953159411897365416e+00
1.455847690677663842e+00
1.157490838042941617e+00
1.480992137362837413e+00
1.313448284188435178e+00
7.749837096197048636e-01
3.128864419155261700e-01
3.291137088904646513e-01
2.668993955478932145e-01
1.757589033727233740e-01
9.887471551812368475e-02
3.906242239006300215e-02
1.678466744768535718e-02
0.000000000000000000e+00
0.000000000000000000e+00
0.000000000000000000e+00
0.000000000000000000e+00
0.000000000000000000e+00
0.000000000000000000e+00
0.000000000000000000e+00
0.000000000000000000e+00
0.000000000000000000e+00
0.000000000000000000e+00
0.000000000000000000e+00
0.000000000000000000e+00
0.000000000000000000e+00
0.000000000000000000e+00
0.000000000000000000e+00
0.000000000000000000e+00
4.267857839144379106e+00
3.373993329364964922e+01
3.466190978035218251e+01
2.318930762302414195e+01
1.338054815040071688e+01
1.830807519513616910e+01
8.905786117776306909e+00
1.230715447488967884e+00
5.910207901229636462e+00
3.375350959372171999e+00
6.353333631451373975e+00
5.895522472129860247e+00
2.688166153714031559e+00
4.000800061781278671e+00
2.788539435472362271e+00
1.181263764758946122e+00
9.705651271184425610e-01
1.543321117390588748e+00
1.184793709890269886e+00
0.000000000000000000e+00
4.649902257718229182e-01
4.171819225540349119e-01
6.582274177809292748e-02
1.525139403130818527e-01
1.367013692898959576e-01
1.071142751446339941e-01
3.906242239006300215e-02
2.166747979610291266e-02
0.000000000000000000e+00
0.000000000000000000e+00
0.000000000000000000e+00
0.000000000000000000e+00
0.000000000000000000e+00
0.000000000000000000e+00
0.000000000000000000e+00
0.000000000000000000e+00
0.000000000000000000e+00
0.000000000000000000e+00
0.000000000000000000e+00
0.000000000000000000e+00
0.000000000000000000e+00
0.000000000000000000e+00
0.000000000000000000e+00
1.450024003277625040e+00
2.874480935271534587e+00
1.991666991600710190e+01
2.389911941633516790e+01
2.079714586821130595e+01
1.227669227101278082e+01
8.028328890240430837e+00
7.846317940772642885e+00
3.816765479046988485e+00
3.692146342466903874e+00
2.364083160491854407e+00
4.500467945829562666e+00
2.117777877150457844e+00
1.965174157376619934e+00
0.000000000000000000e+00
4.000800061781278671e+00
1.394269717736181136e+00
5.906318823794730610e-01
1.941130254236885122e+00
0.000000000000000000e+00
2.961984274725674715e-01
4.378160947294784111e-01
6.199869676957638909e-01
2.085909612770174559e-01
3.949364506685575371e-01
1.143854552348113895e-01
9.764383520706854114e-02
7.415603663859277050e-02
4.150382378944193762e-02
1.647949167590925801e-02
0.000000000000000000e+00
0.000000000000000000e+00
0.000000000000000000e+00
0.000000000000000000e+00
0.000000000000000000e+00
0.000000000000000000e+00
0.000000000000000000e+00
0.000000000000000000e+00
0.000000000000000000e+00
0.000000000000000000e+00
0.000000000000000000e+00
0.000000000000000000e+00
0.000000000000000000e+00
0.000000000000000000e+00
0.000000000000000000e+00
0.000000000000000000e+00
2.900048006555250080e+00
2.012136654690074167e+01
3.414286271315503285e+01
9.840813877314481317e+00
1.663771669456904689e+01
1.364076919001420141e+00
6.690274075200358439e+00
1.307719656795440555e+00
8.905786117776306909e+00
3.692146342466903874e+00
2.364083160491854407e+00
3.375350959372171999e+00
2.117777877150457844e+00
2.947761236064930124e+00
1.792110769142687854e+00
8.001600123562556677e-01
1.394269717736181136e+00
0.000000000000000000e+00
2.426412817796106403e+00
3.858302793476471870e-01
8.885952824177023590e-01
2.189080473647392056e-01
1.549967419239409727e-01
2.085909612770174559e-01
6.582274177809292748e-02
2.287709104696227791e-01
1.367013692898959576e-01
8.239559626510307988e-02
3.173821819192618882e-02
1.312255818637218796e-02
0.000000000000000000e+00
0.000000000000000000e+00
0.000000000000000000e+00
0.000000000000000000e+00
0.000000000000000000e+00
0.000000000000000000e+00
0.000000000000000000e+00
0.000000000000000000e+00
0.000000000000000000e+00
0.000000000000000000e+00
0.000000000000000000e+00
0.000000000000000000e+00
0.000000000000000000e+00
0.000000000000000000e+00
0.000000000000000000e+00
0.000000000000000000e+00
0.000000000000000000e+00
2.030033604588675189e+01
2.443308794980804421e+01
1.564881207686272191e+01
1.827579720072689540e+01
4.159429173642261723e+00
4.092230757004260866e+00
2.676109630080143464e+00
1.307719656795440555e+00
2.544510319364658990e+00
2.461430894977935768e+00
3.546124740737781611e+00
2.250233972914781333e+00
4.235555754300915687e+00
2.947761236064930124e+00
1.792110769142687854e+00
0.000000000000000000e+00
2.788539435472362271e+00
5.906318823794730610e-01
0.000000000000000000e+00
7.716605586952943741e-01
5.923968549451349430e-01
8.756321894589568222e-01
4.649902257718229182e-01
2.085909612770174559e-01
6.582274177809292748e-02
1.143854552348113895e-01
1.367013692898959576e-01
6.591647701208246113e-02
2.685541539316831441e-02
1.373290972992438283e-02
0.000000000000000000e+00
0.000000000000000000e+00
0.000000000000000000e+00
0.000000000000000000e+00
0.000000000000000000e+00
0.000000000000000000e+00
0.000000000000000000e+00
0.000000000000000000e+00
0.000000000000000000e+00
0.000000000000000000e+00
0.000000000000000000e+00
0.000000000000000000e+00
0.000000000000000000e+00
0.000000000000000000e+00
0.000000000000000000e+00
1.479865982045772466e+00
0.000000000000000000e+00
1.168995011888467594e+01
2.030033604588675189e+01
1.868412607926497415e+01
1.138095423771834369e+01
7.029152769510344179e+00
4.159429173642261723e+00
0.000000000000000000e+00
1.338054815040071732e+00
1.307719656795440555e+00
2.544510319364658990e+00
2.461430894977935768e+00
1.182041580245927204e+00
1.125116986457390666e+00
3.176666815725686988e+00
9.825870786883099672e-01
2.688166153714031559e+00
1.600320024712511335e+00
2.091404576604271703e+00
0.000000000000000000e+00
4.852825635592212805e-01
3.858302793476471870e-01
2.961984274725674715e-01
0.000000000000000000e+00
1.549967419239409727e-01
3.128864419155261700e-01
2.632909671123717099e-01
1.906424253913523159e-01
5.858630112424112468e-02
3.295823850604123056e-02
2.441401399378937548e-02
1.037597624038731105e-02
0.000000000000000000e+00
0.000000000000000000e+00
0.000000000000000000e+00
0.000000000000000000e+00
0.000000000000000000e+00
0.000000000000000000e+00
0.000000000000000000e+00
0.000000000000000000e+00
0.000000000000000000e+00
0.000000000000000000e+00
0.000000000000000000e+00
0.000000000000000000e+00
0.000000000000000000e+00
0.000000000000000000e+00
0.000000000000000000e+00
0.000000000000000000e+00
2.959731964091544931e+00
1.765353209164481640e+01
1.899616894318759819e+01
1.450024003277625084e+01
5.748961870543069175e+00
7.113096398573964585e+00
5.623322215608275165e+00
0.000000000000000000e+00
4.092230757004260866e+00
4.014164445120215419e+00
0.000000000000000000e+00
0.000000000000000000e+00
0.000000000000000000e+00
1.182041580245927204e+00
0.000000000000000000e+00
0.000000000000000000e+00
9.825870786883099672e-01
8.960553845713439269e-01
8.001600123562556677e-01
0.000000000000000000e+00
5.906318823794730610e-01
0.000000000000000000e+00
0.000000000000000000e+00
2.961984274725674715e-01
6.567241420942175889e-01
1.549967419239409727e-01
1.042954806385087280e-01
1.974682253342787686e-01
7.625697015654092636e-02
3.905753408282741646e-02
0.000000000000000000e+00
1.220700699689468774e-02
7.324218522626336700e-03
0.000000000000000000e+00
0.000000000000000000e+00
0.000000000000000000e+00
0.000000000000000000e+00
0.000000000000000000e+00
0.000000000000000000e+00
0.000000000000000000e+00
0.000000000000000000e+00
0.000000000000000000e+00
0.000000000000000000e+00
0.000000000000000000e+00
0.000000000000000000e+00
0.000000000000000000e+00
0.000000000000000000e+00
1.500678269864276437e+00
0.000000000000000000e+00
2.975236072815895749e+00
8.879195892274633906e+00
1.912465976594855022e+01
7.306218824302922243e+00
2.900048006555250080e+00
2.874480935271534587e+00
4.267857839144379106e+00
4.217491661706206152e+00
1.386476391214087167e+00
0.000000000000000000e+00
0.000000000000000000e+00
1.307719656795440555e+00
1.272255159682329495e+00
1.230715447488967884e+00
0.000000000000000000e+00
0.000000000000000000e+00
1.058888938575228922e+00
1.965174157376619934e+00
0.000000000000000000e+00
8.001600123562556677e-01
0.000000000000000000e+00
0.000000000000000000e+00
4.852825635592212805e-01
0.000000000000000000e+00
5.923968549451349430e-01
2.189080473647392056e-01
3.099934838478819454e-01
0.000000000000000000e+00
0.000000000000000000e+00
0.000000000000000000e+00
3.905753408282741646e-02
2.471867887953092119e-02
7.324204198136813337e-03
5.493163891969752959e-03
0.000000000000000000e+00
0.000000000000000000e+00
0.000000000000000000e+00
0.000000000000000000e+00
0.000000000000000000e+00
0.000000000000000000e+00
0.000000000000000000e+00
0.000000000000000000e+00
0.000000000000000000e+00
0.000000000000000000e+00
0.000000000000000000e+00
0.000000000000000000e+00
0.000000000000000000e+00
0.000000000000000000e+00
0.000000000000000000e+00
0.000000000000000000e+00
1.494517789827305210e+00
1.785141643689537361e+01
1.775839178454926781e+01
1.765353209164481640e+01
0.000000000000000000e+00
4.350072009832874897e+00
0.000000000000000000e+00
0.000000000000000000e+00
0.000000000000000000e+00
2.772952782428174334e+00
2.728153838002840281e+00
0.000000000000000000e+00
2.615439313590881110e+00
1.272255159682329495e+00
2.461430894977935768e+00
1.182041580245927204e+00
2.250233972914781333e+00
0.000000000000000000e+00
0.000000000000000000e+00
8.960553845713439269e-01
0.000000000000000000e+00
0.000000000000000000e+00
0.000000000000000000e+00
4.852825635592212805e-01
0.000000000000000000e+00
2.961984274725674715e-01
2.189080473647392056e-01
0.000000000000000000e+00
1.042954806385087280e-01
6.582274177809292748e-02
3.812848507827046318e-02
1.952876704141370823e-02
1.647911925302061528e-02
1.708980979565256214e-02
5.798339663745850393e-03
0.000000000000000000e+00
0.000000000000000000e+00
0.000000000000000000e+00
0.000000000000000000e+00
0.000000000000000000e+00
0.000000000000000000e+00
0.000000000000000000e+00
0.000000000000000000e+00
0.000000000000000000e+00
0.000000000000000000e+00
0.000000000000000000e+00
0.000000000000000000e+00
0.000000000000000000e+00
0.000000000000000000e+00
0.000000000000000000e+00
0.000000000000000000e+00
3.001356539728552875e+00
1.046162452879113580e+01
1.487618036407947919e+01
2.959731964091544931e+00
1.471127674303734700e+00
1.461243764860584493e+00
4.350072009832874897e+00
2.874480935271534587e+00
1.422619279714792961e+00
0.000000000000000000e+00
0.000000000000000000e+00
0.000000000000000000e+00
0.000000000000000000e+00
1.307719656795440555e+00
0.000000000000000000e+00
0.000000000000000000e+00
0.000000000000000000e+00
1.125116986457390666e+00
0.000000000000000000e+00
0.000000000000000000e+00
8.960553845713439269e-01
0.000000000000000000e+00
0.000000000000000000e+00
0.000000000000000000e+00
4.852825635592212805e-01
3.858302793476471870e-01
8.885952824177023590e-01
2.189080473647392056e-01
0.000000000000000000e+00
0.000000000000000000e+00
0.000000000000000000e+00
7.625697015654092636e-02
1.952876704141370823e-02
1.647911925302061528e-02
1.464840839627362667e-02
5.493163891969752959e-03
0.000000000000000000e+00
0.000000000000000000e+00
0.000000000000000000e+00
0.000000000000000000e+00
0.000000000000000000e+00
0.000000000000000000e+00
0.000000000000000000e+00
0.000000000000000000e+00
0.000000000000000000e+00
0.000000000000000000e+00
0.000000000000000000e+00
0.000000000000000000e+00
0.000000000000000000e+00
0.000000000000000000e+00
0.000000000000000000e+00
0.000000000000000000e+00
0.000000000000000000e+00
1.500678269864276437e+00
5.978071159309220839e+00
8.925708218447686804e+00
2.959731964091544931e+00
0.000000000000000000e+00
0.000000000000000000e+00
0.000000000000000000e+00
2.874480935271534587e+00
0.000000000000000000e+00
1.405830553902068791e+00
1.386476391214087167e+00
0.000000000000000000e+00
2.676109630080143464e+00
0.000000000000000000e+00
1.272255159682329495e+00
1.230715447488967884e+00
0.000000000000000000e+00
0.000000000000000000e+00
0.000000000000000000e+00
0.000000000000000000e+00
8.960553845713439269e-01
8.001600123562556677e-01
6.971348588680905678e-01
0.000000000000000000e+00
4.852825635592212805e-01
0.000000000000000000e+00
2.961984274725674715e-01
2.189080473647392056e-01
1.549967419239409727e-01
1.042954806385087280e-01
0.000000000000000000e+00
7.625697015654092636e-02
1.952876704141370823e-02
4.943735775906184238e-02
1.708980979565256214e-02
3.051757717760973914e-03
0.000000000000000000e+00
0.000000000000000000e+00
0.000000000000000000e+00
0.000000000000000000e+00
0.000000000000000000e+00
0.000000000000000000e+00
0.000000000000000000e+00
0.000000000000000000e+00
0.000000000000000000e+00
0.000000000000000000e+00
0.000000000000000000e+00
0.000000000000000000e+00
0.000000000000000000e+00
0.000000000000000000e+00
0.000000000000000000e+00
0.000000000000000000e+00
0.000000000000000000e+00
4.518585629935728321e+00
9.004069619185658624e+00
4.483553369481915851e+00
4.462854109223843402e+00
2.959731964091544931e+00
0.000000000000000000e+00
2.922487529721168986e+00
0.000000000000000000e+00
1.437240467635767294e+00
0.000000000000000000e+00
1.405830553902068791e+00
0.000000000000000000e+00
0.000000000000000000e+00
2.676109630080143464e+00
0.000000000000000000e+00
0.000000000000000000e+00
0.000000000000000000e+00
0.000000000000000000e+00
0.000000000000000000e+00
0.000000000000000000e+00
0.000000000000000000e+00
0.000000000000000000e+00
0.000000000000000000e+00
0.000000000000000000e+00
0.000000000000000000e+00
4.852825635592212805e-01
0.000000000000000000e+00
2.961984274725674715e-01
2.189080473647392056e-01
0.000000000000000000e+00
1.042954806385087280e-01
0.000000000000000000e+00
0.000000000000000000e+00
3.905753408282741646e-02
8.239559626510307641e-03
1.464840839627362667e-02
2.441406174208779045e-03
0.000000000000000000e+00
0.000000000000000000e+00
0.000000000000000000e+00
0.000000000000000000e+00
0.000000000000000000e+00
0.000000000000000000e+00
0.000000000000000000e+00
0.000000000000000000e+00
0.000000000000000000e+00
0.000000000000000000e+00
0.000000000000000000e+00
0.000000000000000000e+00
0.000000000000000000e+00
0.000000000000000000e+00
0.000000000000000000e+00
1.519640995800313421e+00
0.000000000000000000e+00
7.555750009621103658e+00
9.037171259871456641e+00
6.002713079457105749e+00
8.967106738963831702e+00
0.000000000000000000e+00
1.479865982045772466e+00
0.000000000000000000e+00
0.000000000000000000e+00
1.450024003277625040e+00
0.000000000000000000e+00
0.000000000000000000e+00
0.000000000000000000e+00
0.000000000000000000e+00
0.000000000000000000e+00
0.000000000000000000e+00
1.307719656795440555e+00
0.000000000000000000e+00
0.000000000000000000e+00
0.000000000000000000e+00
0.000000000000000000e+00
0.000000000000000000e+00
0.000000000000000000e+00
0.000000000000000000e+00
0.000000000000000000e+00
0.000000000000000000e+00
0.000000000000000000e+00
0.000000000000000000e+00
3.858302793476471870e-01
0.000000000000000000e+00
0.000000000000000000e+00
0.000000000000000000e+00
0.000000000000000000e+00
0.000000000000000000e+00
0.000000000000000000e+00
3.905753408282741646e-02
8.239559626510307641e-03
4.882802798757875269e-03
9.155273153282920875e-04
0.000000000000000000e+00
0.000000000000000000e+00
0.000000000000000000e+00
0.000000000000000000e+00
0.000000000000000000e+00
0.000000000000000000e+00
0.000000000000000000e+00
0.000000000000000000e+00
0.000000000000000000e+00
0.000000000000000000e+00
0.000000000000000000e+00
0.000000000000000000e+00
0.000000000000000000e+00
0.000000000000000000e+00
0.000000000000000000e+00
0.000000000000000000e+00
0.000000000000000000e+00
1.515612101736341533e+00
0.000000000000000000e+00
9.037171259871456641e+00
3.001356539728552875e+00
2.989035579654610419e+00
1.487618036407947875e+00
0.000000000000000000e+00
1.471127674303734700e+00
0.000000000000000000e+00
1.450024003277625040e+00
2.874480935271534587e+00
0.000000000000000000e+00
0.000000000000000000e+00
0.000000000000000000e+00
1.364076919001420141e+00
0.000000000000000000e+00
0.000000000000000000e+00
0.000000000000000000e+00
0.000000000000000000e+00
0.000000000000000000e+00
1.125116986457390666e+00
0.000000000000000000e+00
0.000000000000000000e+00
0.000000000000000000e+00
8.001600123562556677e-01
0.000000000000000000e+00
0.000000000000000000e+00
0.000000000000000000e+00
0.000000000000000000e+00
0.000000000000000000e+00
0.000000000000000000e+00
0.000000000000000000e+00
0.000000000000000000e+00
0.000000000000000000e+00
7.625697015654092636e-02
0.000000000000000000e+00
8.239559626510307641e-03
7.324204198136813337e-03
2.746581945984876479e-03
0.000000000000000000e+00
0.000000000000000000e+00
0.000000000000000000e+00
0.000000000000000000e+00
0.000000000000000000e+00
0.000000000000000000e+00
0.000000000000000000e+00
0.000000000000000000e+00
0.000000000000000000e+00
0.000000000000000000e+00
0.000000000000000000e+00
0.000000000000000000e+00
0.000000000000000000e+00
0.000000000000000000e+00
0.000000000000000000e+00
0.000000000000000000e+00
0.000000000000000000e+00
4.558922987400940485e+00
4.546836305209025042e+00
6.044600007696883104e+00
3.012390419957152510e+00
0.000000000000000000e+00
0.000000000000000000e+00
1.487618036407947875e+00
2.959731964091544931e+00
0.000000000000000000e+00
0.000000000000000000e+00
0.000000000000000000e+00
0.000000000000000000e+00
0.000000000000000000e+00
0.000000000000000000e+00
0.000000000000000000e+00
0.000000000000000000e+00
0.000000000000000000e+00
0.000000000000000000e+00
0.000000000000000000e+00
1.230715447488967884e+00
2.364083160491854407e+00
0.000000000000000000e+00
0.000000000000000000e+00
0.000000000000000000e+00
8.960553845713439269e-01
0.000000000000000000e+00
0.000000000000000000e+00
0.000000000000000000e+00
0.000000000000000000e+00
0.000000000000000000e+00
0.000000000000000000e+00
0.000000000000000000e+00
1.549967419239409727e-01
1.042954806385087280e-01
1.316454835561858550e-01
0.000000000000000000e+00
3.905753408282741646e-02
8.239559626510307641e-03
7.324204198136813337e-03
9.155273153282920875e-04
0.000000000000000000e+00
0.000000000000000000e+00
0.000000000000000000e+00
0.000000000000000000e+00
0.000000000000000000e+00
0.000000000000000000e+00
0.000000000000000000e+00
0.000000000000000000e+00
0.000000000000000000e+00
0.000000000000000000e+00
0.000000000000000000e+00
0.000000000000000000e+00
0.000000000000000000e+00
0.000000000000000000e+00
0.000000000000000000e+00
0.000000000000000000e+00
0.000000000000000000e+00
0.000000000000000000e+00
7.598204979001566883e+00
0.000000000000000000e+00
1.511150001924220776e+00
1.506195209978576255e+00
0.000000000000000000e+00
1.494517789827305210e+00
0.000000000000000000e+00
1.479865982045772466e+00
0.000000000000000000e+00
0.000000000000000000e+00
0.000000000000000000e+00
0.000000000000000000e+00
0.000000000000000000e+00
0.000000000000000000e+00
0.000000000000000000e+00
0.000000000000000000e+00
0.000000000000000000e+00
0.000000000000000000e+00
0.000000000000000000e+00
0.000000000000000000e+00
0.000000000000000000e+00
0.000000000000000000e+00
0.000000000000000000e+00
0.000000000000000000e+00
0.000000000000000000e+00
0.000000000000000000e+00
0.000000000000000000e+00
0.000000000000000000e+00
0.000000000000000000e+00
0.000000000000000000e+00
0.000000000000000000e+00
0.000000000000000000e+00
1.549967419239409727e-01
0.000000000000000000e+00
0.000000000000000000e+00
3.812848507827046318e-02
1.952876704141370823e-02
0.000000000000000000e+00
4.882802798757875269e-03
1.831054630656584175e-03
0.000000000000000000e+00
0.000000000000000000e+00
0.000000000000000000e+00
0.000000000000000000e+00
0.000000000000000000e+00
0.000000000000000000e+00
0.000000000000000000e+00
0.000000000000000000e+00
0.000000000000000000e+00
0.000000000000000000e+00
0.000000000000000000e+00
0.000000000000000000e+00
0.000000000000000000e+00
0.000000000000000000e+00
0.000000000000000000e+00
0.000000000000000000e+00
0.000000000000000000e+00
0.000000000000000000e+00
7.616439062137052574e+00
3.039281991600626842e+00
3.031224203472683065e+00
0.000000000000000000e+00
1.506195209978576255e+00
1.500678269864276437e+00
0.000000000000000000e+00
0.000000000000000000e+00
0.000000000000000000e+00
1.471127674303734700e+00
0.000000000000000000e+00
0.000000000000000000e+00
0.000000000000000000e+00
0.000000000000000000e+00
0.000000000000000000e+00
0.000000000000000000e+00
0.000000000000000000e+00
0.000000000000000000e+00
0.000000000000000000e+00
0.000000000000000000e+00
0.000000000000000000e+00
0.000000000000000000e+00
0.000000000000000000e+00
0.000000000000000000e+00
9.825870786883099672e-01
0.000000000000000000e+00
0.000000000000000000e+00
0.000000000000000000e+00
0.000000000000000000e+00
0.000000000000000000e+00
0.000000000000000000e+00
0.000000000000000000e+00
4.378160947294784111e-01
0.000000000000000000e+00
0.000000000000000000e+00
0.000000000000000000e+00
0.000000000000000000e+00
0.000000000000000000e+00
8.239559626510307641e-03
0.000000000000000000e+00
1.831054630656584175e-03
0.000000000000000000e+00
0.000000000000000000e+00
0.000000000000000000e+00
0.000000000000000000e+00
0.000000000000000000e+00
0.000000000000000000e+00
0.000000000000000000e+00
0.000000000000000000e+00
0.000000000000000000e+00
0.000000000000000000e+00
0.000000000000000000e+00
0.000000000000000000e+00
0.000000000000000000e+00
0.000000000000000000e+00
0.000000000000000000e+00
0.000000000000000000e+00
0.000000000000000000e+00
1.529605657132143248e+00
3.053193294526933776e+00
0.000000000000000000e+00
1.519640995800313421e+00
0.000000000000000000e+00
1.511150001924220776e+00
0.000000000000000000e+00
0.000000000000000000e+00
0.000000000000000000e+00
0.000000000000000000e+00
0.000000000000000000e+00
0.000000000000000000e+00
0.000000000000000000e+00
0.000000000000000000e+00
0.000000000000000000e+00
1.422619279714792961e+00
0.000000000000000000e+00
0.000000000000000000e+00
0.000000000000000000e+00
0.000000000000000000e+00
0.000000000000000000e+00
0.000000000000000000e+00
0.000000000000000000e+00
0.000000000000000000e+00
0.000000000000000000e+00
0.000000000000000000e+00
0.000000000000000000e+00
0.000000000000000000e+00
0.000000000000000000e+00
0.000000000000000000e+00
0.000000000000000000e+00
0.000000000000000000e+00
0.000000000000000000e+00
0.000000000000000000e+00
0.000000000000000000e+00
0.000000000000000000e+00
0.000000000000000000e+00
0.000000000000000000e+00
0.000000000000000000e+00
0.000000000000000000e+00
8.239559626510307641e-03
2.441401399378937635e-03
9.155273153282920875e-04
0.000000000000000000e+00
0.000000000000000000e+00
0.000000000000000000e+00
0.000000000000000000e+00
0.000000000000000000e+00
0.000000000000000000e+00
0.000000000000000000e+00
0.000000000000000000e+00
0.000000000000000000e+00
0.000000000000000000e+00
0.000000000000000000e+00
0.000000000000000000e+00
0.000000000000000000e+00
0.000000000000000000e+00
0.000000000000000000e+00
0.000000000000000000e+00
1.534852417784438039e+00
1.532347965967065351e+00
0.000000000000000000e+00
4.579789941790400221e+00
3.046575624854821029e+00
0.000000000000000000e+00
0.000000000000000000e+00
0.000000000000000000e+00
0.000000000000000000e+00
1.500678269864276437e+00
0.000000000000000000e+00
0.000000000000000000e+00
0.000000000000000000e+00
1.471127674303734700e+00
0.000000000000000000e+00
0.000000000000000000e+00
0.000000000000000000e+00
0.000000000000000000e+00
0.000000000000000000e+00
0.000000000000000000e+00
0.000000000000000000e+00
0.000000000000000000e+00
0.000000000000000000e+00
0.000000000000000000e+00
0.000000000000000000e+00
0.000000000000000000e+00
0.000000000000000000e+00
0.000000000000000000e+00
0.000000000000000000e+00
8.960553845713439269e-01
0.000000000000000000e+00
0.000000000000000000e+00
0.000000000000000000e+00
0.000000000000000000e+00
0.000000000000000000e+00
0.000000000000000000e+00
2.189080473647392056e-01
0.000000000000000000e+00
0.000000000000000000e+00
6.582274177809292748e-02
0.000000000000000000e+00
0.000000000000000000e+00
1.647911925302061528e-02
0.000000000000000000e+00
3.051757717760973806e-04
0.000000000000000000e+00
0.000000000000000000e+00
0.000000000000000000e+00
0.000000000000000000e+00
0.000000000000000000e+00
0.000000000000000000e+00
0.000000000000000000e+00
0.000000000000000000e+00
0.000000000000000000e+00
0.000000000000000000e+00
0.000000000000000000e+00
0.000000000000000000e+00
0.000000000000000000e+00
0.000000000000000000e+00
0.000000000000000000e+00
0.000000000000000000e+00
0.000000000000000000e+00
0.000000000000000000e+00
4.597043897901196274e+00
7.648028285660716463e+00
1.526596647263466888e+00
0.000000000000000000e+00
0.000000000000000000e+00
0.000000000000000000e+00
1.511150001924220776e+00
0.000000000000000000e+00
0.000000000000000000e+00
0.000000000000000000e+00
0.000000000000000000e+00
0.000000000000000000e+00
0.000000000000000000e+00
0.000000000000000000e+00
0.000000000000000000e+00
0.000000000000000000e+00
0.000000000000000000e+00
0.000000000000000000e+00
0.000000000000000000e+00
0.000000000000000000e+00
0.000000000000000000e+00
0.000000000000000000e+00
0.000000000000000000e+00
0.000000000000000000e+00
0.000000000000000000e+00
0.000000000000000000e+00
0.000000000000000000e+00
0.000000000000000000e+00
0.000000000000000000e+00
0.000000000000000000e+00
0.000000000000000000e+00
0.000000000000000000e+00
0.000000000000000000e+00
0.000000000000000000e+00
0.000000000000000000e+00
0.000000000000000000e+00
1.549967419239409727e-01
0.000000000000000000e+00
0.000000000000000000e+00
0.000000000000000000e+00
0.000000000000000000e+00
0.000000000000000000e+00
7.324204198136813337e-03
2.136230402432681610e-03
0.000000000000000000e+00
0.000000000000000000e+00
0.000000000000000000e+00
0.000000000000000000e+00
0.000000000000000000e+00
0.000000000000000000e+00
0.000000000000000000e+00
0.000000000000000000e+00
0.000000000000000000e+00
0.000000000000000000e+00
0.000000000000000000e+00
0.000000000000000000e+00
0.000000000000000000e+00
0.000000000000000000e+00
0.000000000000000000e+00
0.000000000000000000e+00
0.000000000000000000e+00
1.537144204738476017e+00
0.000000000000000000e+00
3.064695931934130702e+00
0.000000000000000000e+00
0.000000000000000000e+00
0.000000000000000000e+00
0.000000000000000000e+00
0.000000000000000000e+00
0.000000000000000000e+00
0.000000000000000000e+00
0.000000000000000000e+00
0.000000000000000000e+00
0.000000000000000000e+00
0.000000000000000000e+00
0.000000000000000000e+00
0.000000000000000000e+00
0.000000000000000000e+00
0.000000000000000000e+00
0.000000000000000000e+00
0.000000000000000000e+00
0.000000000000000000e+00
0.000000000000000000e+00
0.000000000000000000e+00
0.000000000000000000e+00
0.000000000000000000e+00
0.000000000000000000e+00
0.000000000000000000e+00
0.000000000000000000e+00
0.000000000000000000e+00
0.000000000000000000e+00
0.000000000000000000e+00
0.000000000000000000e+00
0.000000000000000000e+00
0.000000000000000000e+00
0.000000000000000000e+00
0.000000000000000000e+00
0.000000000000000000e+00
0.000000000000000000e+00
0.000000000000000000e+00
0.000000000000000000e+00
0.000000000000000000e+00
0.000000000000000000e+00
0.000000000000000000e+00
0.000000000000000000e+00
0.000000000000000000e+00
1.220703087104389522e-03
0.000000000000000000e+00
0.000000000000000000e+00
0.000000000000000000e+00
0.000000000000000000e+00
0.000000000000000000e+00
0.000000000000000000e+00
0.000000000000000000e+00
0.000000000000000000e+00
0.000000000000000000e+00
0.000000000000000000e+00
0.000000000000000000e+00
0.000000000000000000e+00
0.000000000000000000e+00
0.000000000000000000e+00
0.000000000000000000e+00
0.000000000000000000e+00
0.000000000000000000e+00
1.539245392815994817e+00
4.611432614215427606e+00
4.604557253353314117e+00
0.000000000000000000e+00
0.000000000000000000e+00
0.000000000000000000e+00
0.000000000000000000e+00
0.000000000000000000e+00
0.000000000000000000e+00
0.000000000000000000e+00
0.000000000000000000e+00
0.000000000000000000e+00
0.000000000000000000e+00
0.000000000000000000e+00
0.000000000000000000e+00
0.000000000000000000e+00
0.000000000000000000e+00
0.000000000000000000e+00
0.000000000000000000e+00
0.000000000000000000e+00
1.405830553902068791e+00
0.000000000000000000e+00
0.000000000000000000e+00
0.000000000000000000e+00
0.000000000000000000e+00
0.000000000000000000e+00
0.000000000000000000e+00
0.000000000000000000e+00
1.125116986457390666e+00
0.000000000000000000e+00
0.000000000000000000e+00
0.000000000000000000e+00
0.000000000000000000e+00
0.000000000000000000e+00
0.000000000000000000e+00
0.000000000000000000e+00
0.000000000000000000e+00
0.000000000000000000e+00
0.000000000000000000e+00
1.549967419239409727e-01
2.085909612770174559e-01
0.000000000000000000e+00
0.000000000000000000e+00
1.952876704141370823e-02
0.000000000000000000e+00
0.000000000000000000e+00
0.000000000000000000e+00
0.000000000000000000e+00
