# pd_vector
0.000000000000000000e+00
0.000000000000000000e+00
0.000000000000000000e+00
0.000000000000000000e+00
0.000000000000000000e+00
0.000000000000000000e+00
0.000000000000000000e+00
0.000000000000000000e+00
0.000000000000000000e+00
0.000000000000000000e+00
0.000000000000000000e+00
0.000000000000000000e+00
0.000000000000000000e+00
4.882812348417558089e-03
0.000000000000000000e+00
0.000000000000000000e+00
0.000000000000000000e+00
0.000000000000000000e+00
0.000000000000000000e+00
3.784179570023607497e-02
0.000000000000000000e+00
0.000000000000000000e+00
0.000000000000000000e+00
0.000000000000000000e+00
0.000000000000000000e+00
0.000000000000000000e+00
4.721069189376226327e-01
0.000000000000000000e+00
0.000000000000000000e+00
0.000000000000000000e+00
0.000000000000000000e+00
0.000000000000000000e+00
0.000000000000000000e+00
0.000000000000000000e+00
1.730346625970472063e+00
0.000000000000000000e+00
0.000000000000000000e+00
0.000000000000000000e+00
0.000000000000000000e+00
0.000000000000000000e+00
0.000000000000000000e+00
0.000000000000000000e+00
2.587885483341673676e-01
6.676330359145682181e+00
0.000000000000000000e+00
0.000000000000000000e+00
0.000000000000000000e+00
0.000000000000000000e+00
0.000000000000000000e+00
0.000000000000000000e+00
0.000000000000000000e+00
1.647911925302061528e-02
3.374016733941691992e+00
1.189208947457096244e+01
0.000000000000000000e+00
0.000000000000000000e+00
0.000000000000000000e+00
0.000000000000000000e+00
0.000000000000000000e+00
0.000000000000000000e+00
0.000000000000000000e+00
0.000000000000000000e+00
6.509252104943142880e-01
8.129866659931861861e+00
1.150848352944840869e+01
0.000000000000000000e+00
0.000000000000000000e+00
0.000000000000000000e+00
0.000000000000000000e+00
0.000000000000000000e+00
0.000000000000000000e+00
0.000000000000000000e+00
0.000000000000000000e+00
1.952876704141370823e-02
2.529544805338664659e+00
7.612289563263527903e+00
1.084289517120473967e+01
0.000000000000000000e+00
0.000000000000000000e+00
0.000000000000000000e+00
0.000000000000000000e+00
0.000000000000000000e+00
0.000000000000000000e+00
0.000000000000000000e+00
0.000000000000000000e+00
3.812848507827046318e-02
9.373808179878579949e-01
5.355713757231700178e+00
1.062497889009713603e+01
1.027343718107054293e+01
0.000000000000000000e+00
0.000000000000000000e+00
0.000000000000000000e+00
0.000000000000000000e+00
0.000000000000000000e+00
0.000000000000000000e+00
0.000000000000000000e+00
0.000000000000000000e+00
0.000000000000000000e+00
4.194133358609750672e-01
2.655912317632264319e+00
9.533170487872425269e+00
1.298337264189719065e+01
9.348144241045414304e+00
0.000000000000000000e+00
0.000000000000000000e+00
0.000000000000000000e+00
0.000000000000000000e+00
0.000000000000000000e+00
0.000000000000000000e+00
0.000000000000000000e+00
0.000000000000000000e+00
0.000000000000000000e+00
0.000000000000000000e+00
1.296368492661195804e+00
7.518575310944277668e+00
1.532558090530917205e+01
1.457028355149349963e+01
8.405456282029049930e+00
0.000000000000000000e+00
0.000000000000000000e+00
0.000000000000000000e+00
0.000000000000000000e+00
0.000000000000000000e+00
0.000000000000000000e+00
0.000000000000000000e+00
0.000000000000000000e+00
0.000000000000000000e+00
0.000000000000000000e+00
9.215183848933009569e-01
4.727932149705537768e+00
1.525196705934410701e+01
2.084608585507107748e+01
1.411130008841026040e+01
7.240905536931462549e+00
0.000000000000000000e+00
0.000000000000000000e+00
0.000000000000000000e+00
0.000000000000000000e+00
0.000000000000000000e+00
0.000000000000000000e+00
0.000000000000000000e+00
0.000000000000000000e+00
0.000000000000000000e+00
0.000000000000000000e+00
1.042954806385087280e-01
3.488605314238925281e+00
1.509888009099510420e+01
2.421567113135299820e+01
2.175243741398721298e+01
1.362301980853447247e+01
6.129455376122916022e+00
0.000000000000000000e+00
0.000000000000000000e+00
0.000000000000000000e+00
0.000000000000000000e+00
0.000000000000000000e+00
0.000000000000000000e+00
0.000000000000000000e+00
0.000000000000000000e+00
0.000000000000000000e+00
0.000000000000000000e+00
0.000000000000000000e+00
2.607387015962718380e+00
1.276961190495002718e+01
2.657555409955451253e+01
3.071875055614376393e+01
2.232096702821642253e+01
1.197507386395368911e+01
5.060424647591246661e+00
0.000000000000000000e+00
0.000000000000000000e+00
0.000000000000000000e+00
0.000000000000000000e+00
0.000000000000000000e+00
0.000000000000000000e+00
0.000000000000000000e+00
0.000000000000000000e+00
0.000000000000000000e+00
0.000000000000000000e+00
0.000000000000000000e+00
1.549967419239409727e+00
1.063813902512788978e+01
2.606580574412479834e+01
3.591703294373077426e+01
3.208576424904272528e+01
2.121686603826404394e+01
1.031003810957725442e+01
4.115295282400673216e+00
0.000000000000000000e+00
0.000000000000000000e+00
0.000000000000000000e+00
0.000000000000000000e+00
0.000000000000000000e+00
0.000000000000000000e+00
0.000000000000000000e+00
0.000000000000000000e+00
0.000000000000000000e+00
0.000000000000000000e+00
0.000000000000000000e+00
4.378160947294784111e-01
7.749837096197048858e+00
2.701252948537376142e+01
4.337718683176323964e+01
4.247513237719329737e+01
3.030864644827407517e+01
1.795400042616596181e+01
8.364241194272240776e+00
3.232116598880647285e+00
0.000000000000000000e+00
0.000000000000000000e+00
0.000000000000000000e+00
0.000000000000000000e+00
0.000000000000000000e+00
0.000000000000000000e+00
0.000000000000000000e+00
0.000000000000000000e+00
0.000000000000000000e+00
0.000000000000000000e+00
0.000000000000000000e+00
2.961984274725674715e-01
5.253793136753740711e+00
2.433448848205873105e+01
4.192678321668051211e+01
4.995946100957252867e+01
4.102624994421901761e+01
2.823859714188422032e+01
1.495480072211620914e+01
6.733385059487109636e+00
2.594604411640379915e+00
0.000000000000000000e+00
0.000000000000000000e+00
0.000000000000000000e+00
0.000000000000000000e+00
0.000000000000000000e+00
0.000000000000000000e+00
0.000000000000000000e+00
0.000000000000000000e+00
0.000000000000000000e+00
0.000000000000000000e+00
0.000000000000000000e+00
0.000000000000000000e+00
2.369587419780539772e+00
1.795045988390861424e+01
4.370908122255135453e+01
5.976131040586550114e+01
5.232907971358388011e+01
3.789971416780083757e+01
2.286818620549545145e+01
1.154362303674094115e+01
5.456532127611925631e+00
2.036132749290121779e+00
0.000000000000000000e+00
0.000000000000000000e+00
0.000000000000000000e+00
0.000000000000000000e+00
0.000000000000000000e+00
0.000000000000000000e+00
0.000000000000000000e+00
0.000000000000000000e+00
0.000000000000000000e+00
0.000000000000000000e+00
0.000000000000000000e+00
0.000000000000000000e+00
2.314981676085883233e+00
1.244033395384783347e+01
4.597068994659523611e+01
6.091371957610880372e+01
6.372453867012882966e+01
4.541769182688412343e+01
3.275236868223432651e+01
1.779070677472788731e+01
9.566128726378467562e+00
4.360342899290782448e+00
1.687011666378266384e+00
0.000000000000000000e+00
0.000000000000000000e+00
0.000000000000000000e+00
0.000000000000000000e+00
0.000000000000000000e+00
0.000000000000000000e+00
0.000000000000000000e+00
0.000000000000000000e+00
0.000000000000000000e+00
0.000000000000000000e+00
0.000000000000000000e+00
0.000000000000000000e+00
1.455847690677663842e+00
1.388989005651529851e+01
3.969058928132404418e+01
6.195097740422119870e+01
6.912854689807767272e+01
5.381646800947050480e+01
3.863794942374055097e+01
2.230516377078821932e+01
1.503715062188855534e+01
7.432082783112297086e+00
3.227532649978955615e+00
1.337585407694634743e+00
0.000000000000000000e+00
0.000000000000000000e+00
0.000000000000000000e+00
0.000000000000000000e+00
0.000000000000000000e+00
0.000000000000000000e+00
0.000000000000000000e+00
0.000000000000000000e+00
0.000000000000000000e+00
0.000000000000000000e+00
0.000000000000000000e+00
0.000000000000000000e+00
5.906318823794730610e-01
9.220368707625205218e+00
2.855144067172589217e+01
6.871803517363565561e+01
7.442873610401133533e+01
6.184370002765244578e+01
4.536853407775129909e+01
2.942276557480753851e+01
1.982681224070064019e+01
1.130715611697853618e+01
6.130232362123669176e+00
2.863763841471493876e+00
1.049804654909775037e+00
0.000000000000000000e+00
0.000000000000000000e+00
0.000000000000000000e+00
0.000000000000000000e+00
0.000000000000000000e+00
0.000000000000000000e+00
0.000000000000000000e+00
0.000000000000000000e+00
0.000000000000000000e+00
0.000000000000000000e+00
0.000000000000000000e+00
0.000000000000000000e+00
1.394269717736181136e+00
4.134423176656311760e+00
3.251393175846782668e+01
7.215026223801002914e+01
7.641919428792240865e+01
7.464764415137607045e+01
5.238889877029205167e+01
3.692060014603208629e+01
2.613162848590289045e+01
1.521326554622991445e+01
8.729358867511926690e+00
4.605913831219261567e+00
2.041011569880792020e+00
8.392333723842677617e-01
0.000000000000000000e+00
0.000000000000000000e+00
0.000000000000000000e+00
0.000000000000000000e+00
0.000000000000000000e+00
0.000000000000000000e+00
0.000000000000000000e+00
0.000000000000000000e+00
0.000000000000000000e+00
0.000000000000000000e+00
0.000000000000000000e+00
0.000000000000000000e+00
8.001600123562556677e-01
1.394269717736181136e+00
2.008148400090208341e+01
6.454258095337642942e+01
9.028428536734944032e+01
8.648994082198970546e+01
5.779172450429115315e+01
4.200411706138800128e+01
3.254018995921472168e+01
1.744302657119462552e+01
1.140041703840286935e+01
6.620252027039247089e+00
3.847874345580313715e+00
1.650387345980161902e+00
6.460571088499981185e-01
0.000000000000000000e+00
0.000000000000000000e+00
0.000000000000000000e+00
0.000000000000000000e+00
0.000000000000000000e+00
0.000000000000000000e+00
0.000000000000000000e+00
0.000000000000000000e+00
0.000000000000000000e+00
0.000000000000000000e+00
0.000000000000000000e+00
0.000000000000000000e+00
0.000000000000000000e+00
0.000000000000000000e+00
1.394269717736181136e+01
4.902244623749626129e+01
7.424823222456085148e+01
9.028428536734944032e+01
6.605224932638255098e+01
4.859758651497210025e+01
3.099934838478819543e+01
2.252782381791788424e+01
1.395442125695570112e+01
8.083238836593338306e+00
5.604756140885734261e+00
2.801450273013504688e+00
1.416012811639783875e+00
5.300903155750811280e-01
0.000000000000000000e+00
0.000000000000000000e+00
0.000000000000000000e+00
0.000000000000000000e+00
0.000000000000000000e+00
0.000000000000000000e+00
0.000000000000000000e+00
0.000000000000000000e+00
0.000000000000000000e+00
0.000000000000000000e+00
0.000000000000000000e+00
0.000000000000000000e+00
0.000000000000000000e+00
3.584221538285375708e+00
1.520304023476885824e+01
4.670803554416206538e+01
8.859478235692095893e+01
8.832142656777827483e+01
7.948103754561532241e+01
5.390811380000727837e+01
3.918454047828831932e+01
2.479947870783055563e+01
1.574861757641481752e+01
1.132151158583198303e+01
7.473183075341010451e+00
4.120569845738292436e+00
2.158764622145700418e+00
1.005857376544122328e+00
4.071044795493138913e-01
0.000000000000000000e+00
0.000000000000000000e+00
0.000000000000000000e+00
0.000000000000000000e+00
0.000000000000000000e+00
0.000000000000000000e+00
0.000000000000000000e+00
0.000000000000000000e+00
0.000000000000000000e+00
0.000000000000000000e+00
0.000000000000000000e+00
0.000000000000000000e+00
0.000000000000000000e+00
1.965174157376619934e+00
9.856609230284783862e+00
3.520704054367524805e+01
9.132466651171986882e+01
7.796340847409044272e+01
8.055690555083073434e+01
5.826037218149472352e+01
4.057918456374174099e+01
2.473660935221553103e+01
1.673964812778562461e+01
1.355841248300613522e+01
7.635438046258779643e+00
5.147345485566512835e+00
2.870728755087815109e+00
1.796223998579246972e+00
8.105452645938072687e-01
3.314208881488417413e-01
0.000000000000000000e+00
0.000000000000000000e+00
0.000000000000000000e+00
0.000000000000000000e+00
0.000000000000000000e+00
0.000000000000000000e+00
0.000000000000000000e+00
0.000000000000000000e+00
0.000000000000000000e+00
0.000000000000000000e+00
0.000000000000000000e+00
0.000000000000000000e+00
0.000000000000000000e+00
0.000000000000000000e+00
7.860696629506479738e+00
3.405010461371107056e+01
7.841568121091304988e+01
9.271893622945604818e+01
7.619151282695202099e+01
5.046938661015901317e+01
3.665387653802648060e+01
2.932364431978417940e+01
1.860718402600283383e+01
1.596466441816592052e+01
8.656524892996223741e+00
5.265819342247434420e+00
3.584077597357423706e+00
2.616854783549436902e+00
1.408964696133262695e+00
6.982408002223761123e-01
2.575683513790261725e-01
0.000000000000000000e+00
0.000000000000000000e+00
0.000000000000000000e+00
0.000000000000000000e+00
0.000000000000000000e+00
0.000000000000000000e+00
0.000000000000000000e+00
0.000000000000000000e+00
0.000000000000000000e+00
0.000000000000000000e+00
0.000000000000000000e+00
0.000000000000000000e+00
0.000000000000000000e+00
0.000000000000000000e+00
3.176666815725686988e+00
2.259950280983112947e+01
5.645148922799467073e+01
7.041408108735049609e+01
8.226191334643468167e+01
5.788192447318836287e+01
3.251393175846782668e+01
2.739394983368294945e+01
2.280727891538769470e+01
1.685591964708491730e+01
1.131476216044769068e+01
7.613570086611137100e+00
5.594933051137898516e+00
3.355306686887800538e+00
2.284865743845403863e+00
1.087621870699360560e+00
5.590809204577766867e-01
2.157592706457008569e-01
0.000000000000000000e+00
0.000000000000000000e+00
0.000000000000000000e+00
0.000000000000000000e+00
0.000000000000000000e+00
0.000000000000000000e+00
0.000000000000000000e+00
0.000000000000000000e+00
0.000000000000000000e+00
0.000000000000000000e+00
0.000000000000000000e+00
0.000000000000000000e+00
0.000000000000000000e+00
0.000000000000000000e+00
4.500467945829562666e+00
1.482444514005320535e+01
5.993781179998691044e+01
7.347654153485019890e+01
7.281456112441927075e+01
5.577078870944724542e+01
4.488802306083995575e+01
3.979317021185614323e+01
2.122066536412059534e+01
1.362512766373810358e+01
1.138321846296643791e+01
7.439843612349166690e+00
5.736251435117980080e+00
3.291137088904646291e+00
2.974021836105096295e+00
1.327956158816132159e+00
9.063515589161338371e-01
4.248038434919351736e-01
1.684570260204057424e-01
0.000000000000000000e+00
0.000000000000000000e+00
0.000000000000000000e+00
0.000000000000000000e+00
0.000000000000000000e+00
0.000000000000000000e+00
0.000000000000000000e+00
0.000000000000000000e+00
0.000000000000000000e+00
0.000000000000000000e+00
0.000000000000000000e+00
0.000000000000000000e+00
0.000000000000000000e+00
0.000000000000000000e+00
2.364083160491854407e+00
1.350140383748868800e+01
4.447333542015961427e+01
6.779850842949338130e+01
7.616470768856423490e+01
5.681136087729414896e+01
3.485674294340452661e+01
3.071285788373259962e+01
2.086715023304651595e+01
1.774819284999177071e+01
8.885952824177024922e+00
8.975229941954307122e+00
4.959895741566111127e+00
4.067523744901840210e+00
2.962023380014181750e+00
1.639524858365629889e+00
1.327956158816132159e+00
5.850087334822318130e-01
3.417961959130512706e-01
1.580810497800184400e-01
0.000000000000000000e+00
0.000000000000000000e+00
0.000000000000000000e+00
0.000000000000000000e+00
0.000000000000000000e+00
0.000000000000000000e+00
0.000000000000000000e+00
0.000000000000000000e+00
0.000000000000000000e+00
0.000000000000000000e+00
0.000000000000000000e+00
0.000000000000000000e+00
0.000000000000000000e+00
0.000000000000000000e+00
0.000000000000000000e+00
8.274291061721489982e+00
3.150327562080693866e+01
6.671000313023942851e+01
6.681592135080508399e+01
5.197121230513794643e+01
4.560912070430657650e+01
3.276533836680025757e+01
1.594706082424577254e+01
1.795545485169118649e+01
1.388989005651529851e+01
1.303273080879296941e+01
6.786149468306915011e+00
3.719921806174583345e+00
2.503091535324209360e+00
2.698732412901810207e+00
1.563267888209088907e+00
9.178520509464442867e-01
5.355713757231700400e-01
3.149407805198829458e-01
1.058959928063057943e-01
0.000000000000000000e+00
0.000000000000000000e+00
0.000000000000000000e+00
0.000000000000000000e+00
0.000000000000000000e+00
0.000000000000000000e+00
0.000000000000000000e+00
0.000000000000000000e+00
0.000000000000000000e+00
0.000000000000000000e+00
0.000000000000000000e+00
0.000000000000000000e+00
0.000000000000000000e+00
0.000000000000000000e+00
1.272255159682329495e+00
7.384292684933807749e+00
3.664328898762374109e+01
5.063026439058258177e+01
4.976778011303576221e+01
4.912935393441549792e+01
2.777771692171166151e+01
2.240448034597515914e+01
2.370258520151507753e+01
1.830958835376366522e+01
1.116149896186209034e+01
1.003158726303882631e+01
5.331571694506214598e+00
3.283620710471088167e+00
4.339908773870346792e+00
2.711682496601226955e+00
2.435441445789438220e+00
1.525139403130818527e+00
7.616219146151346209e-01
4.943735775906184515e-01
1.806637035540413772e-01
8.453368878197897729e-02
0.000000000000000000e+00
0.000000000000000000e+00
0.000000000000000000e+00
0.000000000000000000e+00
0.000000000000000000e+00
0.000000000000000000e+00
0.000000000000000000e+00
0.000000000000000000e+00
0.000000000000000000e+00
0.000000000000000000e+00
0.000000000000000000e+00
0.000000000000000000e+00
0.000000000000000000e+00
0.000000000000000000e+00
1.307719656795440555e+00
7.633530958093976970e+00
3.815217887215800374e+01
5.437391269131265403e+01
5.625584932286953688e+01
4.235555754300915510e+01
2.456467696720774896e+01
2.956982769085434981e+01
1.760352027183762402e+01
1.115415774188944908e+01
1.535642894186629981e+01
1.067621639830286817e+01
6.173284469562354992e+00
6.516365404396484706e+00
3.283620710471088167e+00
2.789941354630937731e+00
2.503091535324209360e+00
1.316454835561858605e+00
8.388266717219501345e-01
9.178520509464442867e-01
4.366966602050463275e-01
1.489254853621151953e-01
7.171630636738288156e-02
0.000000000000000000e+00
0.000000000000000000e+00
0.000000000000000000e+00
0.000000000000000000e+00
0.000000000000000000e+00
0.000000000000000000e+00
0.000000000000000000e+00
0.000000000000000000e+00
0.000000000000000000e+00
0.000000000000000000e+00
0.000000000000000000e+00
0.000000000000000000e+00
0.000000000000000000e+00
0.000000000000000000e+00
0.000000000000000000e+00
1.307719656795440555e+00
1.017804127745863596e+01
4.676718700458077649e+01
5.082778795057487287e+01
3.712886055309389377e+01
3.600222391155778467e+01
2.554726404589606048e+01
1.881716307599822358e+01
1.680336025948136935e+01
1.254842745962563022e+01
8.859478235692096248e+00
9.705651271184425610e+00
5.401623910867060729e+00
3.850579557143376963e+00
3.940344852565305533e+00
2.324951128859114480e+00
1.564432209577630850e+00
7.898729013371150742e-01
5.719272761740569200e-01
4.882191760353427057e-01
2.224681099157783115e-01
1.513668867614941238e-01
5.432128737614533298e-02
0.000000000000000000e+00
0.000000000000000000e+00
0.000000000000000000e+00
0.000000000000000000e+00
0.000000000000000000e+00
0.000000000000000000e+00
0.000000000000000000e+00
0.000000000000000000e+00
0.000000000000000000e+00
0.000000000000000000e+00
0.000000000000000000e+00
0.000000000000000000e+00
0.000000000000000000e+00
0.000000000000000000e+00
0.000000000000000000e+00
4.014164445120215419e+00
1.569263588154528577e+01
4.834569606792852170e+01
4.307504066211387794e+01
3.427920582713188935e+01
3.600374356663650133e+01
1.694222301720366275e+01
1.179104494425972049e+01
1.612899692228419113e+01
7.201440111206300898e+00
7.668483447548996246e+00
4.725055059035784488e+00
1.941130254236885122e+00
2.700811955433530365e+00
2.369587419780539772e+00
2.407988521012131233e+00
4.649902257718229182e-01
1.042954806385087307e+00
9.873411266713939538e-01
3.812848507827046318e-01
2.929315056212056234e-01
1.812703117832267785e-01
1.245114713683258129e-01
4.699706885351899455e-02
0.000000000000000000e+00
0.000000000000000000e+00
0.000000000000000000e+00
0.000000000000000000e+00
0.000000000000000000e+00
0.000000000000000000e+00
0.000000000000000000e+00
0.000000000000000000e+00
0.000000000000000000e+00
0.000000000000000000e+00
0.000000000000000000e+00
0.000000000000000000e+00
0.000000000000000000e+00
0.000000000000000000e+00
0.000000000000000000e+00
4.092230757004260866e+00
1.204249333536064626e+01
3.661615039027233820e+01
4.325667542919920550e+01
3.692146342466903519e+01
2.127674844442669055e+01
1.687675479686085822e+01
1.482444514005320535e+01
1.277363202294803024e+01
1.075266461485612624e+01
6.401280098850045341e+00
4.879944012076633975e+00
7.678214470933149904e+00
1.941130254236885122e+00
2.700811955433530365e+00
1.777190564835404718e+00
1.532356331553174522e+00
2.014957645011232756e+00
9.386593257465785101e-01
4.607591924466504785e-01
5.337987910957864290e-01
1.952876704141370823e-01
1.977494310362473695e-01
8.544904897826281764e-02
4.455566267931021507e-02
0.000000000000000000e+00
0.000000000000000000e+00
0.000000000000000000e+00
0.000000000000000000e+00
0.000000000000000000e+00
0.000000000000000000e+00
0.000000000000000000e+00
0.000000000000000000e+00
0.000000000000000000e+00
0.000000000000000000e+00
0.000000000000000000e+00
0.000000000000000000e+00
0.000000000000000000e+00
0.000000000000000000e+00
0.000000000000000000e+00
1.386476391214087167e+00
1.364076919001420052e+01
3.478942519104186459e+01
4.053930936065865609e+01
4.325667542919920550e+01
2.338359350229038824e+01
1.182041580245927292e+01
2.025210575623303200e+01
1.164777832432751836e+01
4.912935393441549614e+00
5.376332307428063118e+00
3.200640049425022671e+00
4.182809153208543407e+00
2.362527529517892244e+00
2.426412817796106403e+00
2.700811955433530365e+00
2.073388992307972245e+00
1.094540236823696056e+00
1.239973935391527782e+00
6.257728838310523400e-01
5.265819342247434198e-01
5.337987910957864290e-01
4.101041078696878728e-01
1.483120732771855410e-01
7.812484478012600431e-02
3.692626838490778440e-02
0.000000000000000000e+00
0.000000000000000000e+00
0.000000000000000000e+00
0.000000000000000000e+00
0.000000000000000000e+00
0.000000000000000000e+00
0.000000000000000000e+00
0.000000000000000000e+00
0.000000000000000000e+00
0.000000000000000000e+00
0.000000000000000000e+00
0.000000000000000000e+00
0.000000000000000000e+00
0.000000000000000000e+00
0.000000000000000000e+00
2.811661107804137583e+00
2.079714586821130595e+01
3.273784605603408693e+01
3.345137037600179042e+01
2.484667347911337032e+01
2.290059287428193002e+01
9.845723579911743073e+00
4.728166320983708815e+00
2.250233972914781333e+00
6.353333631451373975e+00
5.895522472129860247e+00
7.168443076570751415e+00
2.400480037068767114e+00
2.091404576604271703e+00
2.362527529517892244e+00
2.911695381355327683e+00
1.543321117390588748e+00
1.777190564835404718e+00
4.378160947294784111e-01
1.084977193467586698e+00
7.300683644695611374e-01
3.291137088904646513e-01
1.143854552348113895e-01
3.710465737868604563e-01
1.647911925302061598e-01
6.103503498447344217e-02
3.234863180826632462e-02
0.000000000000000000e+00
0.000000000000000000e+00
0.000000000000000000e+00
0.000000000000000000e+00
0.000000000000000000e+00
0.000000000000000000e+00
0.000000000000000000e+00
0.000000000000000000e+00
0.000000000000000000e+00
0.000000000000000000e+00
0.000000000000000000e+00
0.000000000000000000e+00
0.000000000000000000e+00
0.000000000000000000e+00
0.000000000000000000e+00
1.422619279714792961e+00
8.434983323412412304e+00
2.079714586821130595e+01
4.365046140804544450e+01
2.140887704064114772e+01
1.176947691115896433e+01
1.145029643714096501e+01
9.845723579911743073e+00
9.456332641967417629e+00
4.500467945829562666e+00
6.353333631451373975e+00
7.860696629506479738e+00
1.792110769142687854e+00
1.600320024712511335e+00
6.971348588680905678e-01
5.906318823794730610e-01
9.705651271184425610e-01
1.929151396738235880e+00
1.184793709890269886e+00
4.378160947294784111e-01
6.199869676957638909e-01
6.257728838310523400e-01
5.265819342247434198e-01
2.287709104696227791e-01
1.367013692898959576e-01
1.153538347711443035e-01
6.103503498447344217e-02
1.831054630656584262e-02
0.000000000000000000e+00
0.000000000000000000e+00
0.000000000000000000e+00
0.000000000000000000e+00
0.000000000000000000e+00
0.000000000000000000e+00
0.000000000000000000e+00
0.000000000000000000e+00
0.000000000000000000e+00
0.000000000000000000e+00
0.000000000000000000e+00
0.000000000000000000e+00
0.000000000000000000e+00
0.000000000000000000e+00
0.000000000000000000e+00
0.000000000000000000e+00
1.138095423771834369e+01
2.389911941633516790e+01
3.466190978035218251e+01
3.000969221803124398e+01
4.014164445120215419e+00
1.046175725436352444e+01
7.633530958093976970e+00
9.845723579911743073e+00
7.092249481475563222e+00
5.625584932286953332e+00
3.176666815725686988e+00
3.930348314753239869e+00
3.584221538285375708e+00
1.600320024712511335e+00
6.971348588680905678e-01
0.000000000000000000e+00
4.852825635592212805e-01
1.543321117390588748e+00
8.885952824177023590e-01
2.189080473647392056e-01
1.549967419239409727e-01
5.214774031925436537e-01
3.291137088904646513e-01
3.050278806261637055e-01
1.171726022484822494e-01
9.887471551812368475e-02
3.662102099068406669e-02
1.800537053478974692e-02
0.000000000000000000e+00
0.000000000000000000e+00
0.000000000000000000e+00
0.000000000000000000e+00
0.000000000000000000e+00
0.000000000000000000e+00
0.000000000000000000e+00
0.000000000000000000e+00
0.000000000000000000e+00
0.000000000000000000e+00
0.000000000000000000e+00
0.000000000000000000e+00
0.000000000000000000e+00
0.000000000000000000e+00
0.000000000000000000e+00
1.450024003277625040e+00
1.149792374108613835e+01
2.418452775515148190e+01
2.108745830853103342e+01
1.525124030335495817e+01
9.548538433009941429e+00
8.028328890240430837e+00
1.307719656795440599e+01
7.633530958093976970e+00
2.461430894977935768e+00
1.182041580245927204e+00
3.375350959372171999e+00
2.117777877150457844e+00
9.825870786883099672e-01
3.584221538285375708e+00
0.000000000000000000e+00
0.000000000000000000e+00
1.771895647138419072e+00
0.000000000000000000e+00
7.716605586952943741e-01
5.923968549451349430e-01
4.378160947294784111e-01
6.199869676957638909e-01
1.042954806385087280e-01
1.974682253342787686e-01
1.906424253913523159e-01
1.171726022484822494e-01
8.239559626510307988e-02
3.173821819192618882e-02
1.098632778393950592e-02
0.000000000000000000e+00
0.000000000000000000e+00
0.000000000000000000e+00
0.000000000000000000e+00
0.000000000000000000e+00
0.000000000000000000e+00
0.000000000000000000e+00
0.000000000000000000e+00
0.000000000000000000e+00
0.000000000000000000e+00
0.000000000000000000e+00
0.000000000000000000e+00
0.000000000000000000e+00
0.000000000000000000e+00
0.000000000000000000e+00
0.000000000000000000e+00
1.450024003277625040e+00
1.724688561162920664e+01
2.133928919572189287e+01
1.546413609292275737e+01
1.941066947699722078e+01
8.184461514008521732e+00
6.690274075200358439e+00
2.615439313590881110e+00
2.544510319364658990e+00
0.000000000000000000e+00
2.364083160491854407e+00
4.500467945829562666e+00
1.058888938575228922e+00
1.965174157376619934e+00
1.792110769142687854e+00
0.000000000000000000e+00
0.000000000000000000e+00
5.906318823794730610e-01
9.705651271184425610e-01
7.716605586952943741e-01
0.000000000000000000e+00
1.313448284188435178e+00
4.649902257718229182e-01
1.042954806385087280e-01
1.974682253342787686e-01
7.625697015654092636e-02
5.858630112424112468e-02
8.239559626510307988e-02
1.953121119503150108e-02
1.373290972992438283e-02
0.000000000000000000e+00
0.000000000000000000e+00
0.000000000000000000e+00
0.000000000000000000e+00
0.000000000000000000e+00
0.000000000000000000e+00
0.000000000000000000e+00
0.000000000000000000e+00
0.000000000000000000e+00
0.000000000000000000e+00
0.000000000000000000e+00
0.000000000000000000e+00
0.000000000000000000e+00
0.000000000000000000e+00
0.000000000000000000e+00
0.000000000000000000e+00
8.767462589163507403e+00
2.175036004916437449e+01
1.293516420872190587e+01
9.958334958003550952e+00
8.434983323412412304e+00
8.318858347284523447e+00
6.820384595007100259e+00
5.352219260160286929e+00
2.615439313590881110e+00
5.089020638729317980e+00
1.230715447488967884e+00
1.182041580245927204e+00
1.125116986457390666e+00
0.000000000000000000e+00
9.825870786883099672e-01
0.000000000000000000e+00
0.000000000000000000e+00
0.000000000000000000e+00
5.906318823794730610e-01
0.000000000000000000e+00
3.858302793476471870e-01
2.961984274725674715e-01
0.000000000000000000e+00
0.000000000000000000e+00
2.085909612770174559e-01
1.974682253342787686e-01
1.525139403130818527e-01
9.764383520706854114e-02
1.647911925302061528e-02
1.953121119503150108e-02
8.850097381506823874e-03
0.000000000000000000e+00
0.000000000000000000e+00
0.000000000000000000e+00
0.000000000000000000e+00
0.000000000000000000e+00
0.000000000000000000e+00
0.000000000000000000e+00
0.000000000000000000e+00
0.000000000000000000e+00
0.000000000000000000e+00
0.000000000000000000e+00
0.000000000000000000e+00
0.000000000000000000e+00
0.000000000000000000e+00
0.000000000000000000e+00
0.000000000000000000e+00
1.471127674303734700e+00
1.607368141346642787e+01
1.595026403605387522e+01
1.437240467635767338e+01
1.422619279714792961e+00
1.405830553902068791e+00
1.386476391214087167e+00
2.728153838002840281e+00
2.676109630080143464e+00
2.615439313590881110e+00
1.272255159682329495e+00
1.230715447488967884e+00
2.364083160491854407e+00
2.250233972914781333e+00
2.117777877150457844e+00
9.825870786883099672e-01
8.960553845713439269e-01
8.001600123562556677e-01
0.000000000000000000e+00
2.362527529517892244e+00
0.000000000000000000e+00
3.858302793476471870e-01
2.961984274725674715e-01
0.000000000000000000e+00
3.099934838478819454e-01
1.042954806385087280e-01
6.582274177809292748e-02
1.143854552348113895e-01
3.905753408282741646e-02
2.471867887953092119e-02
2.197261259441044001e-02
5.187988120193655524e-03
0.000000000000000000e+00
0.000000000000000000e+00
0.000000000000000000e+00
0.000000000000000000e+00
0.000000000000000000e+00
0.000000000000000000e+00
0.000000000000000000e+00
0.000000000000000000e+00
0.000000000000000000e+00
0.000000000000000000e+00
0.000000000000000000e+00
0.000000000000000000e+00
0.000000000000000000e+00
0.000000000000000000e+00
0.000000000000000000e+00
0.000000000000000000e+00
2.959731964091544931e+00
1.176902139442987760e+01
2.630238776749052221e+01
1.160019202622100032e+01
0.000000000000000000e+00
2.845238559429585923e+00
2.811661107804137583e+00
0.000000000000000000e+00
1.364076919001420141e+00
1.338054815040071732e+00
1.307719656795440555e+00
0.000000000000000000e+00
2.461430894977935768e+00
0.000000000000000000e+00
1.125116986457390666e+00
0.000000000000000000e+00
9.825870786883099672e-01
8.960553845713439269e-01
1.600320024712511335e+00
0.000000000000000000e+00
0.000000000000000000e+00
4.852825635592212805e-01
7.716605586952943741e-01
0.000000000000000000e+00
2.189080473647392056e-01
3.099934838478819454e-01
1.042954806385087280e-01
2.632909671123717099e-01
1.143854552348113895e-01
5.858630112424112468e-02
2.471867887953092119e-02
1.953121119503150108e-02
9.460448925059018743e-03
0.000000000000000000e+00
0.000000000000000000e+00
0.000000000000000000e+00
0.000000000000000000e+00
0.000000000000000000e+00
0.000000000000000000e+00
0.000000000000000000e+00
0.000000000000000000e+00
0.000000000000000000e+00
0.000000000000000000e+00
0.000000000000000000e+00
0.000000000000000000e+00
0.000000000000000000e+00
0.000000000000000000e+00
0.000000000000000000e+00
0.000000000000000000e+00
1.487618036407947875e+00
5.919463928183089863e+00
1.912465976594855022e+01
4.383731294581753701e+00
1.160019202622100032e+01
2.874480935271534587e+00
4.267857839144379106e+00
1.405830553902068791e+00
0.000000000000000000e+00
2.728153838002840281e+00
0.000000000000000000e+00
0.000000000000000000e+00
0.000000000000000000e+00
0.000000000000000000e+00
1.182041580245927204e+00
2.250233972914781333e+00
0.000000000000000000e+00
0.000000000000000000e+00
8.960553845713439269e-01
8.001600123562556677e-01
0.000000000000000000e+00
0.000000000000000000e+00
4.852825635592212805e-01
3.858302793476471870e-01
2.961984274725674715e-01
0.000000000000000000e+00
4.649902257718229182e-01
2.085909612770174559e-01
0.000000000000000000e+00
1.143854552348113895e-01
3.905753408282741646e-02
2.471867887953092119e-02
1.708980979565256214e-02
4.882812348417558089e-03
0.000000000000000000e+00
0.000000000000000000e+00
0.000000000000000000e+00
0.000000000000000000e+00
0.000000000000000000e+00
0.000000000000000000e+00
0.000000000000000000e+00
0.000000000000000000e+00
0.000000000000000000e+00
0.000000000000000000e+00
0.000000000000000000e+00
0.000000000000000000e+00
0.000000000000000000e+00
0.000000000000000000e+00
0.000000000000000000e+00
0.000000000000000000e+00
0.000000000000000000e+00
5.950472145631791498e+00
1.035906187432040682e+01
1.176902139442987760e+01
4.383731294581753701e+00
2.900048006555250080e+00
0.000000000000000000e+00
2.845238559429585923e+00
1.405830553902068791e+00
4.159429173642261723e+00
0.000000000000000000e+00
1.338054815040071732e+00
0.000000000000000000e+00
0.000000000000000000e+00
1.230715447488967884e+00
1.182041580245927204e+00
0.000000000000000000e+00
1.058888938575228922e+00
0.000000000000000000e+00
1.792110769142687854e+00
0.000000000000000000e+00
0.000000000000000000e+00
0.000000000000000000e+00
0.000000000000000000e+00
0.000000000000000000e+00
2.961984274725674715e-01
0.000000000000000000e+00
1.549967419239409727e-01
2.085909612770174559e-01
0.000000000000000000e+00
0.000000000000000000e+00
1.952876704141370823e-02
0.000000000000000000e+00
1.708980979565256214e-02
4.882812348417558089e-03
0.000000000000000000e+00
0.000000000000000000e+00
0.000000000000000000e+00
0.000000000000000000e+00
0.000000000000000000e+00
0.000000000000000000e+00
0.000000000000000000e+00
0.000000000000000000e+00
0.000000000000000000e+00
0.000000000000000000e+00
0.000000000000000000e+00
0.000000000000000000e+00
0.000000000000000000e+00
0.000000000000000000e+00
0.000000000000000000e+00
0.000000000000000000e+00
0.000000000000000000e+00
1.046162452879113580e+01
7.438090182039739595e+00
5.919463928183089863e+00
8.826766045822408202e+00
0.000000000000000000e+00
2.900048006555250080e+00
4.311721402907301659e+00
0.000000000000000000e+00
1.405830553902068791e+00
1.386476391214087167e+00
0.000000000000000000e+00
1.338054815040071732e+00
0.000000000000000000e+00
2.544510319364658990e+00
0.000000000000000000e+00
1.182041580245927204e+00
0.000000000000000000e+00
0.000000000000000000e+00
0.000000000000000000e+00
1.792110769142687854e+00
0.000000000000000000e+00
0.000000000000000000e+00
0.000000000000000000e+00
0.000000000000000000e+00
0.000000000000000000e+00
0.000000000000000000e+00
0.000000000000000000e+00
1.549967419239409727e-01
0.000000000000000000e+00
0.000000000000000000e+00
7.625697015654092636e-02
0.000000000000000000e+00
0.000000000000000000e+00
7.324204198136813337e-03
3.967285033089265785e-03
0.000000000000000000e+00
0.000000000000000000e+00
0.000000000000000000e+00
0.000000000000000000e+00
0.000000000000000000e+00
0.000000000000000000e+00
0.000000000000000000e+00
0.000000000000000000e+00
0.000000000000000000e+00
0.000000000000000000e+00
0.000000000000000000e+00
0.000000000000000000e+00
0.000000000000000000e+00
0.000000000000000000e+00
0.000000000000000000e+00
0.000000000000000000e+00
0.000000000000000000e+00
1.050474788904993417e+01
1.643969568810035753e+01
4.462854109223843402e+00
4.439597946137316953e+00
1.471127674303734700e+00
0.000000000000000000e+00
2.900048006555250080e+00
0.000000000000000000e+00
0.000000000000000000e+00
1.405830553902068791e+00
1.386476391214087167e+00
0.000000000000000000e+00
0.000000000000000000e+00
0.000000000000000000e+00
0.000000000000000000e+00
0.000000000000000000e+00
0.000000000000000000e+00
0.000000000000000000e+00
0.000000000000000000e+00
0.000000000000000000e+00
1.792110769142687854e+00
0.000000000000000000e+00
0.000000000000000000e+00
0.000000000000000000e+00
0.000000000000000000e+00
3.858302793476471870e-01
0.000000000000000000e+00
0.000000000000000000e+00
0.000000000000000000e+00
0.000000000000000000e+00
0.000000000000000000e+00
3.812848507827046318e-02
0.000000000000000000e+00
1.647911925302061528e-02
1.708980979565256214e-02
4.882812348417558089e-03
0.000000000000000000e+00
0.000000000000000000e+00
0.000000000000000000e+00
0.000000000000000000e+00
0.000000000000000000e+00
0.000000000000000000e+00
0.000000000000000000e+00
0.000000000000000000e+00
0.000000000000000000e+00
0.000000000000000000e+00
0.000000000000000000e+00
0.000000000000000000e+00
0.000000000000000000e+00
0.000000000000000000e+00
0.000000000000000000e+00
0.000000000000000000e+00
0.000000000000000000e+00
3.012390419957152510e+00
1.200542615891421150e+01
2.989035579654610419e+00
1.487618036407947875e+00
2.959731964091544931e+00
0.000000000000000000e+00
4.383731294581753701e+00
0.000000000000000000e+00
0.000000000000000000e+00
0.000000000000000000e+00
2.811661107804137583e+00
0.000000000000000000e+00
0.000000000000000000e+00
0.000000000000000000e+00
1.307719656795440555e+00
0.000000000000000000e+00
0.000000000000000000e+00
0.000000000000000000e+00
0.000000000000000000e+00
0.000000000000000000e+00
0.000000000000000000e+00
8.960553845713439269e-01
0.000000000000000000e+00
0.000000000000000000e+00
5.906318823794730610e-01
0.000000000000000000e+00
0.000000000000000000e+00
8.885952824177023590e-01
2.189080473647392056e-01
0.000000000000000000e+00
1.042954806385087280e-01
0.000000000000000000e+00
3.812848507827046318e-02
3.905753408282741646e-02
8.239559626510307641e-03
4.882802798757875269e-03
2.746581945984876479e-03
0.000000000000000000e+00
0.000000000000000000e+00
0.000000000000000000e+00
0.000000000000000000e+00
0.000000000000000000e+00
0.000000000000000000e+00
0.000000000000000000e+00
0.000000000000000000e+00
0.000000000000000000e+00
0.000000000000000000e+00
0.000000000000000000e+00
0.000000000000000000e+00
0.000000000000000000e+00
0.000000000000000000e+00
0.000000000000000000e+00
0.000000000000000000e+00
0.000000000000000000e+00
4.533450005772662550e+00
1.054336646985003334e+01
3.001356539728552875e+00
1.494517789827305210e+00
1.487618036407947875e+00
0.000000000000000000e+00
0.000000000000000000e+00
1.461243764860584493e+00
0.000000000000000000e+00
0.000000000000000000e+00
0.000000000000000000e+00
0.000000000000000000e+00
0.000000000000000000e+00
0.000000000000000000e+00
1.338054815040071732e+00
0.000000000000000000e+00
1.272255159682329495e+00
0.000000000000000000e+00
0.000000000000000000e+00
1.125116986457390666e+00
0.000000000000000000e+00
0.000000000000000000e+00
0.000000000000000000e+00
0.000000000000000000e+00
0.000000000000000000e+00
0.000000000000000000e+00
0.000000000000000000e+00
3.858302793476471870e-01
0.000000000000000000e+00
0.000000000000000000e+00
0.000000000000000000e+00
0.000000000000000000e+00
0.000000000000000000e+00
3.812848507827046318e-02
3.905753408282741646e-02
1.647911925302061528e-02
7.324204198136813337e-03
5.187988120193655524e-03
0.000000000000000000e+00
0.000000000000000000e+00
0.000000000000000000e+00
0.000000000000000000e+00
0.000000000000000000e+00
0.000000000000000000e+00
0.000000000000000000e+00
0.000000000000000000e+00
0.000000000000000000e+00
0.000000000000000000e+00
0.000000000000000000e+00
0.000000000000000000e+00
0.000000000000000000e+00
0.000000000000000000e+00
0.000000000000000000e+00
0.000000000000000000e+00
0.000000000000000000e+00
1.515612101736341533e+00
3.022300003848441552e+00
3.012390419957152510e+00
1.500678269864276437e+00
0.000000000000000000e+00
1.487618036407947875e+00
0.000000000000000000e+00
0.000000000000000000e+00
0.000000000000000000e+00
0.000000000000000000e+00
0.000000000000000000e+00
0.000000000000000000e+00
1.405830553902068791e+00
0.000000000000000000e+00
0.000000000000000000e+00
0.000000000000000000e+00
1.307719656795440555e+00
0.000000000000000000e+00
0.000000000000000000e+00
0.000000000000000000e+00
0.000000000000000000e+00
0.000000000000000000e+00
0.000000000000000000e+00
0.000000000000000000e+00
8.001600123562556677e-01
0.000000000000000000e+00
0.000000000000000000e+00
0.000000000000000000e+00
0.000000000000000000e+00
0.000000000000000000e+00
0.000000000000000000e+00
0.000000000000000000e+00
0.000000000000000000e+00
0.000000000000000000e+00
3.812848507827046318e-02
1.952876704141370823e-02
8.239559626510307641e-03
2.441401399378937635e-03
2.136230402432681610e-03
0.000000000000000000e+00
0.000000000000000000e+00
0.000000000000000000e+00
0.000000000000000000e+00
0.000000000000000000e+00
0.000000000000000000e+00
0.000000000000000000e+00
0.000000000000000000e+00
0.000000000000000000e+00
0.000000000000000000e+00
0.000000000000000000e+00
0.000000000000000000e+00
0.000000000000000000e+00
0.000000000000000000e+00
0.000000000000000000e+00
0.000000000000000000e+00
1.523287812427410515e+00
6.078563983201253684e+00
9.093672610418050084e+00
1.511150001924220776e+00
4.518585629935728321e+00
1.500678269864276437e+00
1.494517789827305210e+00
0.000000000000000000e+00
0.000000000000000000e+00
0.000000000000000000e+00
0.000000000000000000e+00
0.000000000000000000e+00
0.000000000000000000e+00
0.000000000000000000e+00
0.000000000000000000e+00
0.000000000000000000e+00
0.000000000000000000e+00
0.000000000000000000e+00
0.000000000000000000e+00
0.000000000000000000e+00
1.230715447488967884e+00
0.000000000000000000e+00
1.125116986457390666e+00
0.000000000000000000e+00
0.000000000000000000e+00
0.000000000000000000e+00
0.000000000000000000e+00
0.000000000000000000e+00
0.000000000000000000e+00
0.000000000000000000e+00
0.000000000000000000e+00
0.000000000000000000e+00
0.000000000000000000e+00
0.000000000000000000e+00
0.000000000000000000e+00
0.000000000000000000e+00
0.000000000000000000e+00
0.000000000000000000e+00
0.000000000000000000e+00
2.441401399378937635e-03
1.525878858880486957e-03
0.000000000000000000e+00
0.000000000000000000e+00
0.000000000000000000e+00
0.000000000000000000e+00
0.000000000000000000e+00
0.000000000000000000e+00
0.000000000000000000e+00
0.000000000000000000e+00
0.000000000000000000e+00
0.000000000000000000e+00
0.000000000000000000e+00
0.000000000000000000e+00
0.000000000000000000e+00
0.000000000000000000e+00
0.000000000000000000e+00
0.000000000000000000e+00
0.000000000000000000e+00
1.523287812427410515e+00
4.558922987400940485e+00
1.515612101736341533e+00
1.511150001924220776e+00
0.000000000000000000e+00
0.000000000000000000e+00
1.494517789827305210e+00
0.000000000000000000e+00
0.000000000000000000e+00
0.000000000000000000e+00
0.000000000000000000e+00
0.000000000000000000e+00
0.000000000000000000e+00
0.000000000000000000e+00
0.000000000000000000e+00
0.000000000000000000e+00
0.000000000000000000e+00
0.000000000000000000e+00
0.000000000000000000e+00
0.000000000000000000e+00
0.000000000000000000e+00
0.000000000000000000e+00
0.000000000000000000e+00
0.000000000000000000e+00
0.000000000000000000e+00
0.000000000000000000e+00
8.001600123562556677e-01
6.971348588680905678e-01
0.000000000000000000e+00
0.000000000000000000e+00
3.858302793476471870e-01
2.961984274725674715e-01
0.000000000000000000e+00
0.000000000000000000e+00
0.000000000000000000e+00
0.000000000000000000e+00
0.000000000000000000e+00
0.000000000000000000e+00
0.000000000000000000e+00
0.000000000000000000e+00
1.220703087104389522e-03
0.000000000000000000e+00
0.000000000000000000e+00
0.000000000000000000e+00
0.000000000000000000e+00
0.000000000000000000e+00
0.000000000000000000e+00
0.000000000000000000e+00
0.000000000000000000e+00
0.000000000000000000e+00
0.000000000000000000e+00
0.000000000000000000e+00
0.000000000000000000e+00
0.000000000000000000e+00
0.000000000000000000e+00
0.000000000000000000e+00
0.000000000000000000e+00
0.000000000000000000e+00
1.526596647263466888e+00
4.569863437282231544e+00
4.558922987400940485e+00
1.515612101736341533e+00
3.022300003848441552e+00
1.506195209978576255e+00
0.000000000000000000e+00
0.000000000000000000e+00
0.000000000000000000e+00
0.000000000000000000e+00
0.000000000000000000e+00
0.000000000000000000e+00
0.000000000000000000e+00
0.000000000000000000e+00
0.000000000000000000e+00
0.000000000000000000e+00
0.000000000000000000e+00
0.000000000000000000e+00
0.000000000000000000e+00
0.000000000000000000e+00
0.000000000000000000e+00
0.000000000000000000e+00
1.182041580245927204e+00
0.000000000000000000e+00
1.058888938575228922e+00
0.000000000000000000e+00
0.000000000000000000e+00
0.000000000000000000e+00
0.000000000000000000e+00
0.000000000000000000e+00
0.000000000000000000e+00
0.000000000000000000e+00
0.000000000000000000e+00
0.000000000000000000e+00
0.000000000000000000e+00
0.000000000000000000e+00
0.000000000000000000e+00
0.000000000000000000e+00
0.000000000000000000e+00
0.000000000000000000e+00
0.000000000000000000e+00
1.525878858880486957e-03
0.000000000000000000e+00
0.000000000000000000e+00
0.000000000000000000e+00
0.000000000000000000e+00
0.000000000000000000e+00
0.000000000000000000e+00
0.000000000000000000e+00
0.000000000000000000e+00
0.000000000000000000e+00
0.000000000000000000e+00
0.000000000000000000e+00
0.000000000000000000e+00
0.000000000000000000e+00
0.000000000000000000e+00
0.000000000000000000e+00
0.000000000000000000e+00
0.000000000000000000e+00
1.529605657132143248e+00
7.632983236317334885e+00
3.046575624854821029e+00
0.000000000000000000e+00
0.000000000000000000e+00
0.000000000000000000e+00
0.000000000000000000e+00
0.000000000000000000e+00
0.000000000000000000e+00
0.000000000000000000e+00
1.479865982045772466e+00
0.000000000000000000e+00
1.461243764860584493e+00
0.000000000000000000e+00
0.000000000000000000e+00
0.000000000000000000e+00
0.000000000000000000e+00
0.000000000000000000e+00
0.000000000000000000e+00
0.000000000000000000e+00
0.000000000000000000e+00
0.000000000000000000e+00
0.000000000000000000e+00
0.000000000000000000e+00
0.000000000000000000e+00
0.000000000000000000e+00
0.000000000000000000e+00
0.000000000000000000e+00
0.000000000000000000e+00
0.000000000000000000e+00
0.000000000000000000e+00
0.000000000000000000e+00
0.000000000000000000e+00
2.961984274725674715e-01
0.000000000000000000e+00
0.000000000000000000e+00
0.000000000000000000e+00
0.000000000000000000e+00
0.000000000000000000e+00
0.000000000000000000e+00
8.239559626510307641e-03
2.441401399378937635e-03
6.103515435521947611e-04
0.000000000000000000e+00
0.000000000000000000e+00
0.000000000000000000e+00
0.000000000000000000e+00
0.000000000000000000e+00
0.000000000000000000e+00
0.000000000000000000e+00
0.000000000000000000e+00
0.000000000000000000e+00
0.000000000000000000e+00
0.000000000000000000e+00
0.000000000000000000e+00
0.000000000000000000e+00
0.000000000000000000e+00
0.000000000000000000e+00
0.000000000000000000e+00
0.000000000000000000e+00
1.532347965967065351e+00
1.529605657132143248e+00
1.526596647263466888e+00
1.523287812427410515e+00
0.000000000000000000e+00
0.000000000000000000e+00
0.000000000000000000e+00
0.000000000000000000e+00
0.000000000000000000e+00
0.000000000000000000e+00
0.000000000000000000e+00
0.000000000000000000e+00
0.000000000000000000e+00
0.000000000000000000e+00
0.000000000000000000e+00
0.000000000000000000e+00
0.000000000000000000e+00
0.000000000000000000e+00
0.000000000000000000e+00
0.000000000000000000e+00
0.000000000000000000e+00
0.000000000000000000e+00
0.000000000000000000e+00
0.000000000000000000e+00
0.000000000000000000e+00
0.000000000000000000e+00
0.000000000000000000e+00
9.825870786883099672e-01
0.000000000000000000e+00
0.000000000000000000e+00
0.000000000000000000e+00
0.000000000000000000e+00
0.000000000000000000e+00
0.000000000000000000e+00
0.000000000000000000e+00
0.000000000000000000e+00
0.000000000000000000e+00
0.000000000000000000e+00
0.000000000000000000e+00
3.812848507827046318e-02
0.000000000000000000e+00
1.647911925302061528e-02
2.441401399378937635e-03
9.155273153282920875e-04
0.000000000000000000e+00
0.000000000000000000e+00
0.000000000000000000e+00
0.000000000000000000e+00
0.000000000000000000e+00
0.000000000000000000e+00
0.000000000000000000e+00
0.000000000000000000e+00
0.000000000000000000e+00
0.000000000000000000e+00
0.000000000000000000e+00
0.000000000000000000e+00
0.000000000000000000e+00
0.000000000000000000e+00
0.000000000000000000e+00
0.000000000000000000e+00
1.537144204738476017e+00
0.000000000000000000e+00
1.072643576176945679e+01
0.000000000000000000e+00
0.000000000000000000e+00
0.000000000000000000e+00
1.519640995800313421e+00
1.515612101736341533e+00
0.000000000000000000e+00
0.000000000000000000e+00
0.000000000000000000e+00
0.000000000000000000e+00
0.000000000000000000e+00
0.000000000000000000e+00
0.000000000000000000e+00
0.000000000000000000e+00
0.000000000000000000e+00
0.000000000000000000e+00
0.000000000000000000e+00
0.000000000000000000e+00
0.000000000000000000e+00
0.000000000000000000e+00
0.000000000000000000e+00
0.000000000000000000e+00
0.000000000000000000e+00
0.000000000000000000e+00
0.000000000000000000e+00
0.000000000000000000e+00
0.000000000000000000e+00
0.000000000000000000e+00
0.000000000000000000e+00
0.000000000000000000e+00
0.000000000000000000e+00
0.000000000000000000e+00
0.000000000000000000e+00
0.000000000000000000e+00
0.000000000000000000e+00
0.000000000000000000e+00
0.000000000000000000e+00
0.000000000000000000e+00
0.000000000000000000e+00
0.000000000000000000e+00
0.000000000000000000e+00
1.647911925302061528e-02
2.441401399378937635e-03
9.155273153282920875e-04
0.000000000000000000e+00
0.000000000000000000e+00
0.000000000000000000e+00
0.000000000000000000e+00
0.000000000000000000e+00
0.000000000000000000e+00
0.000000000000000000e+00
0.000000000000000000e+00
0.000000000000000000e+00
0.000000000000000000e+00
0.000000000000000000e+00
0.000000000000000000e+00
0.000000000000000000e+00
0.000000000000000000e+00
0.000000000000000000e+00
0.000000000000000000e+00
0.000000000000000000e+00
0.000000000000000000e+00
6.139409671137752156e+00
4.597043897901196274e+00
1.529605657132143248e+00
0.000000000000000000e+00
0.000000000000000000e+00
0.000000000000000000e+00
0.000000000000000000e+00
0.000000000000000000e+00
0.000000000000000000e+00
1.500678269864276437e+00
0.000000000000000000e+00
0.000000000000000000e+00
0.000000000000000000e+00
0.000000000000000000e+00
0.000000000000000000e+00
0.000000000000000000e+00
0.000000000000000000e+00
0.000000000000000000e+00
0.000000000000000000e+00
0.000000000000000000e+00
0.000000000000000000e+00
0.000000000000000000e+00
0.000000000000000000e+00
0.000000000000000000e+00
0.000000000000000000e+00
0.000000000000000000e+00
0.000000000000000000e+00
0.000000000000000000e+00
0.000000000000000000e+00
0.000000000000000000e+00
0.000000000000000000e+00
0.000000000000000000e+00
0.000000000000000000e+00
0.000000000000000000e+00
0.000000000000000000e+00
0.000000000000000000e+00
0.000000000000000000e+00
0.000000000000000000e+00
0.000000000000000000e+00
0.000000000000000000e+00
0.000000000000000000e+00
1.952876704141370823e-02
8.239559626510307641e-03
2.441401399378937635e-03
3.051757717760973806e-04
0.000000000000000000e+00
0.000000000000000000e+00
0.000000000000000000e+00
0.000000000000000000e+00
0.000000000000000000e+00
0.000000000000000000e+00
0.000000000000000000e+00
0.000000000000000000e+00
0.000000000000000000e+00
0.000000000000000000e+00
0.000000000000000000e+00
0.000000000000000000e+00
0.000000000000000000e+00
0.000000000000000000e+00
0.000000000000000000e+00
0.000000000000000000e+00
0.000000000000000000e+00
3.078490785631989635e+00
1.537144204738476017e+00
0.000000000000000000e+00
0.000000000000000000e+00
0.000000000000000000e+00
0.000000000000000000e+00
0.000000000000000000e+00
0.000000000000000000e+00
0.000000000000000000e+00
0.000000000000000000e+00
0.000000000000000000e+00
0.000000000000000000e+00
0.000000000000000000e+00
0.000000000000000000e+00
0.000000000000000000e+00
0.000000000000000000e+00
0.000000000000000000e+00
0.000000000000000000e+00
0.000000000000000000e+00
0.000000000000000000e+00
0.000000000000000000e+00
0.000000000000000000e+00
0.000000000000000000e+00
0.000000000000000000e+00
0.000000000000000000e+00
0.000000000000000000e+00
0.000000000000000000e+00
0.000000000000000000e+00
0.000000000000000000e+00
1.058888938575228922e+00
0.000000000000000000e+00
0.000000000000000000e+00
0.000000000000000000e+00
0.000000000000000000e+00
0.000000000000000000e+00
0.000000000000000000e+00
0.000000000000000000e+00
0.000000000000000000e+00
0.000000000000000000e+00
0.000000000000000000e+00
0.000000000000000000e+00
0.000000000000000000e+00
0.000000000000000000e+00
0.000000000000000000e+00
8.239559626510307641e-03
0.000000000000000000e+00
0.000000000000000000e+00
0.000000000000000000e+00
