# pd_vector
0.000000000000000000e+00
0.000000000000000000e+00
0.000000000000000000e+00
0.000000000000000000e+00
0.000000000000000000e+00
0.000000000000000000e+00
0.000000000000000000e+00
0.000000000000000000e+00
0.000000000000000000e+00
0.000000000000000000e+00
0.000000000000000000e+00
0.000000000000000000e+00
0.000000000000000000e+00
0.000000000000000000e+00
0.000000000000000000e+00
0.000000000000000000e+00
0.000000000000000000e+00
0.000000000000000000e+00
0.000000000000000000e+00
1.007080046861121361e-02
0.000000000000000000e+00
0.000000000000000000e+00
0.000000000000000000e+00
0.000000000000000000e+00
0.000000000000000000e+00
0.000000000000000000e+00
9.429931347881409520e-02
0.000000000000000000e+00
0.000000000000000000e+00
0.000000000000000000e+00
0.000000000000000000e+00
0.000000000000000000e+00
0.000000000000000000e+00
0.000000000000000000e+00
1.444396927816268938e+00
0.000000000000000000e+00
0.000000000000000000e+00
0.000000000000000000e+00
0.000000000000000000e+00
0.000000000000000000e+00
0.000000000000000000e+00
0.000000000000000000e+00
9.765605597515750538e-03
5.010986172563518970e+00
0.000000000000000000e+00
0.000000000000000000e+00
0.000000000000000000e+00
0.000000000000000000e+00
0.000000000000000000e+00
0.000000000000000000e+00
0.000000000000000000e+00
0.000000000000000000e+00
2.976068305842924921e+00
9.481506053311569815e+00
0.000000000000000000e+00
0.000000000000000000e+00
0.000000000000000000e+00
0.000000000000000000e+00
0.000000000000000000e+00
0.000000000000000000e+00
0.000000000000000000e+00
0.000000000000000000e+00
2.966241465543710820e-01
7.189927121170970992e+00
6.401672164547195010e+00
0.000000000000000000e+00
0.000000000000000000e+00
0.000000000000000000e+00
0.000000000000000000e+00
0.000000000000000000e+00
0.000000000000000000e+00
0.000000000000000000e+00
0.000000000000000000e+00
1.171726022484822494e-01
2.232920658784293355e+00
3.422844761929270785e+00
5.806274233812028562e+00
0.000000000000000000e+00
0.000000000000000000e+00
0.000000000000000000e+00
0.000000000000000000e+00
0.000000000000000000e+00
0.000000000000000000e+00
0.000000000000000000e+00
0.000000000000000000e+00
3.812848507827046318e-02
1.406071226981786992e+00
2.265878897290334759e+00
4.499502779055381652e+00
5.975646787147763206e+00
0.000000000000000000e+00
0.000000000000000000e+00
0.000000000000000000e+00
0.000000000000000000e+00
0.000000000000000000e+00
0.000000000000000000e+00
0.000000000000000000e+00
0.000000000000000000e+00
0.000000000000000000e+00
7.625697015654092636e-02
1.191254789526236202e+00
4.095061134375622913e+00
6.337878032787721772e+00
5.654296699467532328e+00
0.000000000000000000e+00
0.000000000000000000e+00
0.000000000000000000e+00
0.000000000000000000e+00
0.000000000000000000e+00
0.000000000000000000e+00
0.000000000000000000e+00
0.000000000000000000e+00
0.000000000000000000e+00
6.582274177809292748e-02
1.906424253913523159e-01
1.991934238224198239e+00
6.270304875774344033e+00
7.202134128167865690e+00
5.076293787723603401e+00
0.000000000000000000e+00
0.000000000000000000e+00
0.000000000000000000e+00
0.000000000000000000e+00
0.000000000000000000e+00
0.000000000000000000e+00
0.000000000000000000e+00
0.000000000000000000e+00
0.000000000000000000e+00
0.000000000000000000e+00
6.582274177809292748e-02
7.244412164871387727e-01
4.843134226270599640e+00
8.511465094185147962e+00
7.370590824725012702e+00
4.385070664650743133e+00
0.000000000000000000e+00
0.000000000000000000e+00
0.000000000000000000e+00
0.000000000000000000e+00
0.000000000000000000e+00
0.000000000000000000e+00
0.000000000000000000e+00
0.000000000000000000e+00
0.000000000000000000e+00
0.000000000000000000e+00
0.000000000000000000e+00
4.607591924466504785e-01
3.469692142122612122e+00
8.202082157393757456e+00
1.004402318471606570e+01
6.955552586830592965e+00
3.710632209025567896e+00
0.000000000000000000e+00
0.000000000000000000e+00
0.000000000000000000e+00
0.000000000000000000e+00
0.000000000000000000e+00
0.000000000000000000e+00
0.000000000000000000e+00
0.000000000000000000e+00
0.000000000000000000e+00
0.000000000000000000e+00
0.000000000000000000e+00
6.257728838310523400e-01
2.962023380014181750e+00
8.121367321671607797e+00
1.195160542934518944e+01
1.046424072566809116e+01
6.542955750335552878e+00
3.129577539563878741e+00
0.000000000000000000e+00
0.000000000000000000e+00
0.000000000000000000e+00
0.000000000000000000e+00
0.000000000000000000e+00
0.000000000000000000e+00
0.000000000000000000e+00
0.000000000000000000e+00
0.000000000000000000e+00
0.000000000000000000e+00
0.000000000000000000e+00
3.099934838478819454e-01
1.460136728939122275e+00
7.503792562702593649e+00
1.181983037426384442e+01
1.417788487206635217e+01
1.020881437724627183e+01
5.627430225568451405e+00
2.627258219220422131e+00
0.000000000000000000e+00
0.000000000000000000e+00
0.000000000000000000e+00
0.000000000000000000e+00
0.000000000000000000e+00
0.000000000000000000e+00
0.000000000000000000e+00
0.000000000000000000e+00
0.000000000000000000e+00
0.000000000000000000e+00
0.000000000000000000e+00
0.000000000000000000e+00
1.394970677315468865e+00
5.423364993202453910e+00
1.276961190495002718e+01
1.578519282240397104e+01
1.326003282111990700e+01
9.047036469908317002e+00
5.097646121903221861e+00
2.206726005712960070e+00
0.000000000000000000e+00
0.000000000000000000e+00
0.000000000000000000e+00
0.000000000000000000e+00
0.000000000000000000e+00
0.000000000000000000e+00
0.000000000000000000e+00
0.000000000000000000e+00
0.000000000000000000e+00
0.000000000000000000e+00
0.000000000000000000e+00
0.000000000000000000e+00
6.567241420942175889e-01
4.804898999642170487e+00
1.209827575406701250e+01
1.704809012052606931e+01
1.845418677788290296e+01
1.380683829827949083e+01
8.733933204100926773e+00
4.165030787340467278e+00
1.840209903809867154e+00
0.000000000000000000e+00
0.000000000000000000e+00
0.000000000000000000e+00
0.000000000000000000e+00
0.000000000000000000e+00
0.000000000000000000e+00
0.000000000000000000e+00
0.000000000000000000e+00
0.000000000000000000e+00
0.000000000000000000e+00
0.000000000000000000e+00
0.000000000000000000e+00
5.923968549451349430e-01
2.626896568376870356e+00
1.022978496698010353e+01
1.939895939876262432e+01
2.060251817654308581e+01
1.746284616584787130e+01
1.226406570200780877e+01
7.753425608546199221e+00
3.737785542449153731e+00
1.512145949150562441e+00
0.000000000000000000e+00
0.000000000000000000e+00
0.000000000000000000e+00
0.000000000000000000e+00
0.000000000000000000e+00
0.000000000000000000e+00
0.000000000000000000e+00
0.000000000000000000e+00
0.000000000000000000e+00
0.000000000000000000e+00
0.000000000000000000e+00
0.000000000000000000e+00
0.000000000000000000e+00
4.146777984615944490e+00
9.413046036683786255e+00
1.890960251472079889e+01
2.659534756281972534e+01
2.158985930321448166e+01
1.689091888967381649e+01
1.156103008851691527e+01
6.542210343449184506e+00
3.046868946424914348e+00
1.223449669050374444e+00
0.000000000000000000e+00
0.000000000000000000e+00
0.000000000000000000e+00
0.000000000000000000e+00
0.000000000000000000e+00
0.000000000000000000e+00
0.000000000000000000e+00
0.000000000000000000e+00
0.000000000000000000e+00
0.000000000000000000e+00
0.000000000000000000e+00
0.000000000000000000e+00
4.852825635592212805e-01
2.314981676085883233e+00
6.812563831869051789e+00
1.904500012073231119e+01
2.433448848205873105e+01
2.909843909814393470e+01
1.875948140675648546e+01
1.586144979256051357e+01
9.725325986624026697e+00
5.108526968436390980e+00
2.509760638561548074e+00
1.030273405516104690e+00
0.000000000000000000e+00
0.000000000000000000e+00
0.000000000000000000e+00
0.000000000000000000e+00
0.000000000000000000e+00
0.000000000000000000e+00
0.000000000000000000e+00
0.000000000000000000e+00
0.000000000000000000e+00
0.000000000000000000e+00
0.000000000000000000e+00
0.000000000000000000e+00
5.906318823794730610e-01
9.705651271184425610e-01
5.787454190214707417e+00
1.303273080879296941e+01
2.670678177849818269e+01
2.681443635284178839e+01
2.419655150813402500e+01
1.882530414853457756e+01
1.441256735958623558e+01
8.534071197097791384e+00
4.680069867857854504e+00
2.131343421657812431e+00
8.801269258022648145e-01
0.000000000000000000e+00
0.000000000000000000e+00
0.000000000000000000e+00
0.000000000000000000e+00
0.000000000000000000e+00
0.000000000000000000e+00
0.000000000000000000e+00
0.000000000000000000e+00
0.000000000000000000e+00
0.000000000000000000e+00
0.000000000000000000e+00
0.000000000000000000e+00
0.000000000000000000e+00
1.771895647138419072e+00
1.941130254236885122e+00
1.196073865977706241e+01
2.636166004505850324e+01
3.458747148362879642e+01
2.712442983668967145e+01
2.138057353089428858e+01
1.849619043964411347e+01
1.140041703840286935e+01
6.796010930411970463e+00
3.823155666700782884e+00
1.916500098512466055e+00
6.973266385083825014e-01
0.000000000000000000e+00
0.000000000000000000e+00
0.000000000000000000e+00
0.000000000000000000e+00
0.000000000000000000e+00
0.000000000000000000e+00
0.000000000000000000e+00
0.000000000000000000e+00
0.000000000000000000e+00
0.000000000000000000e+00
0.000000000000000000e+00
0.000000000000000000e+00
0.000000000000000000e+00
0.000000000000000000e+00
2.362527529517892244e+00
1.116149896186209034e+01
1.967734424673000504e+01
3.643240657912579650e+01
3.349293124680509948e+01
2.774441680438543401e+01
1.762593622790797454e+01
1.349366206450904926e+01
9.570249754645885787e+00
5.975802714672594718e+00
2.834408511519545648e+00
1.555172691404383301e+00
5.853271302665548070e-01
0.000000000000000000e+00
0.000000000000000000e+00
0.000000000000000000e+00
0.000000000000000000e+00
0.000000000000000000e+00
0.000000000000000000e+00
0.000000000000000000e+00
0.000000000000000000e+00
0.000000000000000000e+00
0.000000000000000000e+00
0.000000000000000000e+00
0.000000000000000000e+00
0.000000000000000000e+00
0.000000000000000000e+00
0.000000000000000000e+00
1.122200576520998894e+01
1.698488972457274571e+01
3.009476178911647892e+01
3.524761286923553172e+01
2.648787373113344401e+01
2.743442332053755095e+01
1.804311815046201062e+01
1.369113028984332914e+01
7.854467926123715138e+00
5.253238334140287513e+00
2.752012915254442582e+00
1.232907706686363403e+00
5.001830899410235620e-01
0.000000000000000000e+00
0.000000000000000000e+00
0.000000000000000000e+00
0.000000000000000000e+00
0.000000000000000000e+00
0.000000000000000000e+00
0.000000000000000000e+00
0.000000000000000000e+00
0.000000000000000000e+00
0.000000000000000000e+00
0.000000000000000000e+00
0.000000000000000000e+00
0.000000000000000000e+00
0.000000000000000000e+00
4.000800061781278671e+00
4.879944012076633975e+00
2.185337964804050159e+01
3.154336663134938235e+01
3.279557374455001195e+01
3.584000972418066056e+01
3.020931053633400865e+01
2.061456667588414859e+01
1.355841248300613522e+01
9.281006590711102788e+00
7.168155194714847411e+00
4.022926010531223895e+00
2.043410787374556392e+00
1.000974573745364360e+00
4.168701042461490092e-01
0.000000000000000000e+00
0.000000000000000000e+00
0.000000000000000000e+00
0.000000000000000000e+00
0.000000000000000000e+00
0.000000000000000000e+00
0.000000000000000000e+00
0.000000000000000000e+00
0.000000000000000000e+00
0.000000000000000000e+00
0.000000000000000000e+00
0.000000000000000000e+00
0.000000000000000000e+00
0.000000000000000000e+00
8.960553845713439269e-01
2.400480037068767114e+00
1.812550633057035299e+01
2.657843470707628697e+01
3.882260508473770244e+01
3.395306458259295113e+01
3.198943016703728759e+01
1.860718402600283383e+01
1.534467745047015619e+01
1.188968479278999446e+01
8.359488205817802609e+00
6.100557612523274109e+00
3.358947931123157815e+00
1.689109723434613075e+00
8.203108701913230938e-01
3.485107313683031838e-01
0.000000000000000000e+00
0.000000000000000000e+00
0.000000000000000000e+00
0.000000000000000000e+00
0.000000000000000000e+00
0.000000000000000000e+00
0.000000000000000000e+00
0.000000000000000000e+00
0.000000000000000000e+00
0.000000000000000000e+00
0.000000000000000000e+00
0.000000000000000000e+00
0.000000000000000000e+00
0.000000000000000000e+00
9.825870786883099672e-01
0.000000000000000000e+00
1.360272021005634713e+01
3.764528237887689244e+01
3.898170423704522136e+01
3.833732252117847850e+01
3.472472514128824628e+01
2.162248520549742636e+01
1.926390816809704987e+01
1.301972632161104215e+01
1.011666162193534646e+01
6.977210628477850562e+00
3.850976992905316809e+00
2.694969851715091735e+00
1.549037209783937774e+00
7.739242436031232852e-01
2.908325105026208224e-01
0.000000000000000000e+00
0.000000000000000000e+00
0.000000000000000000e+00
0.000000000000000000e+00
0.000000000000000000e+00
0.000000000000000000e+00
0.000000000000000000e+00
0.000000000000000000e+00
0.000000000000000000e+00
0.000000000000000000e+00
0.000000000000000000e+00
0.000000000000000000e+00
0.000000000000000000e+00
0.000000000000000000e+00
2.117777877150457844e+00
3.930348314753239869e+00
7.168443076570751415e+00
2.480496038304392670e+01
4.391949610868970666e+01
3.780044047228627591e+01
3.882260508473770244e+01
3.086642234781177407e+01
2.399207262527796658e+01
1.488574722080226564e+01
9.919791483132222254e+00
8.343638451080698459e+00
6.055692243584549495e+00
3.507820627200882502e+00
2.011463005265611947e+00
9.393097974221750190e-01
5.786121316528082259e-01
2.349853442675949866e-01
0.000000000000000000e+00
0.000000000000000000e+00
0.000000000000000000e+00
0.000000000000000000e+00
0.000000000000000000e+00
0.000000000000000000e+00
0.000000000000000000e+00
0.000000000000000000e+00
0.000000000000000000e+00
0.000000000000000000e+00
0.000000000000000000e+00
0.000000000000000000e+00
0.000000000000000000e+00
0.000000000000000000e+00
0.000000000000000000e+00
2.117777877150457844e+00
9.825870786883099228e+00
2.329743999885494077e+01
3.440688053131899693e+01
3.625101266114070597e+01
3.602854482514785417e+01
3.494034457626393220e+01
2.276398648151118564e+01
1.866050093077175021e+01
1.444793112607278829e+01
7.904833838120989498e+00
7.092092683418593779e+00
4.212655473797947359e+00
2.859636380870284711e+00
1.484186295147441825e+00
9.887471551812369031e-01
4.907216812751664659e-01
2.075195248077462140e-01
0.000000000000000000e+00
0.000000000000000000e+00
0.000000000000000000e+00
0.000000000000000000e+00
0.000000000000000000e+00
0.000000000000000000e+00
0.000000000000000000e+00
0.000000000000000000e+00
0.000000000000000000e+00
0.000000000000000000e+00
0.000000000000000000e+00
0.000000000000000000e+00
0.000000000000000000e+00
0.000000000000000000e+00
0.000000000000000000e+00
3.375350959372171999e+00
1.058888938575228922e+00
1.572139325901295948e+01
3.315404922913972285e+01
3.920784060545652494e+01
3.137106864906407466e+01
2.835033035421470515e+01
2.329356305084262146e+01
1.427572033586294609e+01
1.392132609121067155e+01
9.194137989319045801e+00
8.369824063892812305e+00
5.631955954479471060e+00
4.015187248463668368e+00
3.050278806261637055e+00
1.855232868934302282e+00
7.992372837714998290e-01
3.686516113062195954e-01
1.660156198461969768e-01
0.000000000000000000e+00
0.000000000000000000e+00
0.000000000000000000e+00
0.000000000000000000e+00
0.000000000000000000e+00
0.000000000000000000e+00
0.000000000000000000e+00
0.000000000000000000e+00
0.000000000000000000e+00
0.000000000000000000e+00
0.000000000000000000e+00
0.000000000000000000e+00
0.000000000000000000e+00
0.000000000000000000e+00
0.000000000000000000e+00
0.000000000000000000e+00
5.625584932286953332e+00
2.223666771007980714e+01
3.340796067540254199e+01
4.211460307485316434e+01
2.480496038304392670e+01
3.276533836680025757e+01
2.480653905993786879e+01
1.844073741525041044e+01
1.659070201194882799e+01
1.095934181648499717e+01
7.223965563036394144e+00
7.284846870425226051e+00
4.797592109371401570e+00
2.764555154679902760e+00
1.677653343443900269e+00
1.425599994023200701e+00
6.426856508678040480e-01
3.540032029099459687e-01
1.480102493114072160e-01
0.000000000000000000e+00
0.000000000000000000e+00
0.000000000000000000e+00
0.000000000000000000e+00
0.000000000000000000e+00
0.000000000000000000e+00
0.000000000000000000e+00
0.000000000000000000e+00
0.000000000000000000e+00
0.000000000000000000e+00
0.000000000000000000e+00
0.000000000000000000e+00
0.000000000000000000e+00
0.000000000000000000e+00
0.000000000000000000e+00
1.230715447488967884e+00
3.546124740737781611e+00
1.575163781040346933e+01
3.600222391155778467e+01
3.439054775409084641e+01
2.956982769085434981e+01
2.800560043246894892e+01
2.927966407245980207e+01
2.775969847183523243e+01
1.649960716101352176e+01
9.259926704343532933e+00
9.478349679122159088e+00
5.691609231483218956e+00
5.579882709261875462e+00
3.963228264263331635e+00
2.237973220455159673e+00
1.944552738991793595e+00
9.178520509464442867e-01
6.509252104943142880e-01
2.954095693248514620e-01
1.254272421999760301e-01
0.000000000000000000e+00
0.000000000000000000e+00
0.000000000000000000e+00
0.000000000000000000e+00
0.000000000000000000e+00
0.000000000000000000e+00
0.000000000000000000e+00
0.000000000000000000e+00
0.000000000000000000e+00
0.000000000000000000e+00
0.000000000000000000e+00
0.000000000000000000e+00
0.000000000000000000e+00
0.000000000000000000e+00
0.000000000000000000e+00
1.272255159682329495e+00
4.922861789955871537e+00
5.910207901229636462e+00
1.912698876977564311e+01
3.388444603440732550e+01
3.144278651802591895e+01
2.956982769085434981e+01
2.880576044482520359e+01
1.603410175396608395e+01
1.181263764758946166e+01
1.747017228813196610e+01
8.102435866300590206e+00
6.812563831869051789e+00
3.721436805200566411e+00
3.409928322326701178e+00
2.607387015962718380e+00
1.843036769786601914e+00
9.532121269567616073e-01
8.787945168636168702e-01
4.778944583375978605e-01
2.246089287428622572e-01
1.007080046861121292e-01
0.000000000000000000e+00
0.000000000000000000e+00
0.000000000000000000e+00
0.000000000000000000e+00
0.000000000000000000e+00
0.000000000000000000e+00
0.000000000000000000e+00
0.000000000000000000e+00
0.000000000000000000e+00
0.000000000000000000e+00
0.000000000000000000e+00
0.000000000000000000e+00
0.000000000000000000e+00
0.000000000000000000e+00
1.338054815040071732e+00
0.000000000000000000e+00
0.000000000000000000e+00
1.353786992237864695e+01
1.654858212344297996e+01
3.600374356663650133e+01
2.964889028010641070e+01
2.947761236064929946e+01
3.136193845999703811e+01
2.960592045718145826e+01
1.254842745962563022e+01
1.949085211852261068e+01
7.279238453388319208e+00
8.874096424995885357e+00
4.146777984615944490e+00
4.815977042024262467e+00
3.409928322326701178e+00
1.773023170854648445e+00
2.106327736898973679e+00
1.258240007582925202e+00
8.006794486979620373e-01
4.449362198315566230e-01
2.197261259441044001e-01
8.087157952066580113e-02
0.000000000000000000e+00
0.000000000000000000e+00
0.000000000000000000e+00
0.000000000000000000e+00
0.000000000000000000e+00
0.000000000000000000e+00
0.000000000000000000e+00
0.000000000000000000e+00
0.000000000000000000e+00
0.000000000000000000e+00
0.000000000000000000e+00
0.000000000000000000e+00
0.000000000000000000e+00
0.000000000000000000e+00
0.000000000000000000e+00
0.000000000000000000e+00
1.307719656795440555e+00
5.089020638729317980e+00
1.230715447488967840e+01
2.364083160491854585e+01
3.262839260726433110e+01
2.859000134153118111e+01
2.161691573114281795e+01
1.702505230685553528e+01
1.760352027183762402e+01
1.463983203622990104e+01
8.859478235692096248e+00
6.308673326269876647e+00
6.173284469562354992e+00
3.258182702198242353e+00
4.159252899930044656e+00
2.789941354630937731e+00
2.190205093408683190e+00
1.118986610227579837e+00
8.388266717219501345e-01
6.444493123666523715e-01
3.790197428194741480e-01
2.001949147490728886e-01
6.927490019317410208e-02
0.000000000000000000e+00
0.000000000000000000e+00
0.000000000000000000e+00
0.000000000000000000e+00
0.000000000000000000e+00
0.000000000000000000e+00
0.000000000000000000e+00
0.000000000000000000e+00
0.000000000000000000e+00
0.000000000000000000e+00
0.000000000000000000e+00
0.000000000000000000e+00
0.000000000000000000e+00
0.000000000000000000e+00
0.000000000000000000e+00
0.000000000000000000e+00
1.338054815040071732e+00
9.154037597568084550e+00
5.089020638729317980e+00
2.707573984475729389e+01
4.255349688885338111e+01
3.375350959372171644e+01
1.800111195577889234e+01
2.259950280983112947e+01
1.523294153771284698e+01
1.600320024712511469e+01
1.045702288302135941e+01
7.678214470933149904e+00
5.823390762710655366e+00
7.330775307605296831e+00
6.220166976923916735e+00
2.189080473647392111e+00
2.324951128859114480e+00
1.251545767662104680e+00
1.250632093783765608e+00
6.481842463305979019e-01
5.663342442009975386e-01
3.460615043134329105e-01
1.293942741670836838e-01
6.744384556251752094e-02
0.000000000000000000e+00
0.000000000000000000e+00
0.000000000000000000e+00
0.000000000000000000e+00
0.000000000000000000e+00
0.000000000000000000e+00
0.000000000000000000e+00
0.000000000000000000e+00
0.000000000000000000e+00
0.000000000000000000e+00
0.000000000000000000e+00
0.000000000000000000e+00
0.000000000000000000e+00
0.000000000000000000e+00
0.000000000000000000e+00
0.000000000000000000e+00
1.364076919001420141e+00
5.352219260160286929e+00
2.353895382231792865e+01
2.417284803396426085e+01
2.461430894977935679e+01
1.773062370368890939e+01
3.262839260726433110e+01
2.329555664865503672e+01
1.768656741638957897e+01
8.064498461142095564e+00
1.280256019770009068e+01
9.062753165285176493e+00
7.678214470933149904e+00
5.823390762710655366e+00
2.700811955433530365e+00
2.369587419780539772e+00
2.626896568376870356e+00
2.169954386935173396e+00
1.564432209577630850e+00
8.556956431152080711e-01
8.769551568002206254e-01
4.101041078696878728e-01
2.636659080483298445e-01
1.367184783652204971e-01
4.913329925595167486e-02
0.000000000000000000e+00
0.000000000000000000e+00
0.000000000000000000e+00
0.000000000000000000e+00
0.000000000000000000e+00
0.000000000000000000e+00
0.000000000000000000e+00
0.000000000000000000e+00
0.000000000000000000e+00
0.000000000000000000e+00
0.000000000000000000e+00
0.000000000000000000e+00
0.000000000000000000e+00
0.000000000000000000e+00
0.000000000000000000e+00
0.000000000000000000e+00
0.000000000000000000e+00
5.456307676005680563e+00
8.028328890240430837e+00
1.176947691115896433e+01
2.671735835332891895e+01
2.461430894977935679e+01
1.536654054319705409e+01
1.462652082394607866e+01
1.588333407862843316e+01
4.912935393441549614e+00
8.960553845713439713e+00
1.360272021005634713e+01
6.274213729812815110e+00
9.450110118071568976e+00
1.941130254236885122e+00
2.314981676085883233e+00
2.073388992307972245e+00
2.626896568376870356e+00
1.394970677315468865e+00
1.251545767662104680e+00
9.873411266713939538e-01
2.668993955478932145e-01
4.686904089939289975e-01
2.059889906627576928e-01
1.147458657708100710e-01
4.150390496154924419e-02
0.000000000000000000e+00
0.000000000000000000e+00
0.000000000000000000e+00
0.000000000000000000e+00
0.000000000000000000e+00
0.000000000000000000e+00
0.000000000000000000e+00
0.000000000000000000e+00
0.000000000000000000e+00
0.000000000000000000e+00
0.000000000000000000e+00
0.000000000000000000e+00
0.000000000000000000e+00
0.000000000000000000e+00
0.000000000000000000e+00
0.000000000000000000e+00
2.811661107804137583e+00
5.545905564856348668e+00
5.456307676005680563e+00
1.739471259552093230e+01
2.223123416552249054e+01
2.162833771459960275e+01
1.353786992237864695e+01
1.063837422221334528e+01
1.575163781040346933e+01
3.176666815725686988e+00
1.277363202294803024e+01
6.272387691999407267e+00
7.201440111206300898e+00
2.788539435472362271e+00
5.906318823794730832e+00
5.338108199151434086e+00
1.929151396738235880e+00
1.184793709890269886e+00
1.094540236823696056e+00
1.704964161163350589e+00
1.251545767662104680e+00
6.582274177809293025e-01
3.812848507827046318e-01
3.905753408282741646e-01
2.554263484218195490e-01
5.371083078633662883e-02
3.387451066714680659e-02
0.000000000000000000e+00
0.000000000000000000e+00
0.000000000000000000e+00
0.000000000000000000e+00
0.000000000000000000e+00
0.000000000000000000e+00
0.000000000000000000e+00
0.000000000000000000e+00
0.000000000000000000e+00
0.000000000000000000e+00
0.000000000000000000e+00
0.000000000000000000e+00
0.000000000000000000e+00
0.000000000000000000e+00
0.000000000000000000e+00
1.437240467635767294e+00
0.000000000000000000e+00
1.405830553902068791e+00
6.932381956070435614e+00
9.548538433009941429e+00
2.274693185568121834e+01
2.092351450872704888e+01
1.272255159682329406e+01
1.476858536986761550e+01
8.274291061721489982e+00
6.750701918744343999e+00
1.058888938575228877e+01
1.179104494425972049e+01
7.168443076570751415e+00
4.800960074137534228e+00
2.788539435472362271e+00
2.362527529517892244e+00
1.941130254236885122e+00
2.700811955433530365e+00
5.923968549451349430e-01
1.313448284188435178e+00
1.084977193467586698e+00
4.171819225540349119e-01
6.582274177809293025e-01
2.287709104696227791e-01
2.343452044969644987e-01
1.400725136506752178e-01
7.812484478012600431e-02
3.479003798247510409e-02
0.000000000000000000e+00
0.000000000000000000e+00
0.000000000000000000e+00
0.000000000000000000e+00
0.000000000000000000e+00
0.000000000000000000e+00
0.000000000000000000e+00
0.000000000000000000e+00
0.000000000000000000e+00
0.000000000000000000e+00
0.000000000000000000e+00
0.000000000000000000e+00
0.000000000000000000e+00
0.000000000000000000e+00
0.000000000000000000e+00
0.000000000000000000e+00
0.000000000000000000e+00
0.000000000000000000e+00
2.811661107804137583e+00
9.705334738498610392e+00
2.046115378502130255e+01
1.471860296544078928e+01
1.830807519513616910e+01
2.035608255491727192e+01
1.107643902740071162e+01
9.456332641967417629e+00
7.875818905201734665e+00
6.353333631451373975e+00
5.895522472129860247e+00
5.376332307428063118e+00
5.601120086493789785e+00
2.091404576604271703e+00
1.771895647138419072e+00
1.455847690677663842e+00
1.157490838042941617e+00
2.073388992307972245e+00
1.313448284188435178e+00
7.749837096197048636e-01
5.214774031925436537e-01
2.632909671123717099e-01
1.143854552348113895e-01
2.538739715383782070e-01
1.400725136506752178e-01
5.615223218571556429e-02
2.319335865498340157e-02
0.000000000000000000e+00
0.000000000000000000e+00
0.000000000000000000e+00
0.000000000000000000e+00
0.000000000000000000e+00
0.000000000000000000e+00
0.000000000000000000e+00
0.000000000000000000e+00
0.000000000000000000e+00
0.000000000000000000e+00
0.000000000000000000e+00
0.000000000000000000e+00
0.000000000000000000e+00
0.000000000000000000e+00
0.000000000000000000e+00
0.000000000000000000e+00
0.000000000000000000e+00
1.437240467635767294e+00
4.267857839144379106e+00
9.840813877314481317e+00
1.941066947699722078e+01
2.455338454202556164e+01
8.028328890240430837e+00
7.846317940772642885e+00
1.399480675650562489e+01
7.384292684933807749e+00
2.364083160491854407e+00
4.500467945829562666e+00
3.176666815725686988e+00
4.912935393441549614e+00
1.792110769142687854e+00
5.601120086493789785e+00
2.788539435472362271e+00
5.906318823794730610e-01
0.000000000000000000e+00
1.929151396738235880e+00
1.777190564835404718e+00
8.756321894589568222e-01
3.099934838478819454e-01
7.300683644695611374e-01
3.949364506685575371e-01
2.668993955478932145e-01
1.562301363313096658e-01
1.153538347711443035e-01
4.394522518882088002e-02
2.716064368807266649e-02
0.000000000000000000e+00
0.000000000000000000e+00
0.000000000000000000e+00
0.000000000000000000e+00
0.000000000000000000e+00
0.000000000000000000e+00
0.000000000000000000e+00
0.000000000000000000e+00
0.000000000000000000e+00
0.000000000000000000e+00
0.000000000000000000e+00
0.000000000000000000e+00
0.000000000000000000e+00
0.000000000000000000e+00
0.000000000000000000e+00
0.000000000000000000e+00
0.000000000000000000e+00
2.900048006555250080e+00
2.874480935271534587e+00
8.535715678288758212e+00
1.686996664682482461e+01
1.663771669456904689e+01
1.227669227101278082e+01
1.204249333536064626e+01
7.846317940772642885e+00
5.089020638729317980e+00
6.153577237444839199e+00
7.092249481475563222e+00
6.750701918744343999e+00
2.117777877150457844e+00
3.930348314753239869e+00
2.688166153714031559e+00
1.600320024712511335e+00
2.091404576604271703e+00
5.906318823794730610e-01
2.911695381355327683e+00
7.716605586952943741e-01
5.923968549451349430e-01
1.094540236823696056e+00
3.099934838478819454e-01
5.214774031925436537e-01
3.949364506685575371e-01
2.287709104696227791e-01
2.343452044969644987e-01
8.239559626510307988e-02
3.662102099068406669e-02
1.556396436058096570e-02
0.000000000000000000e+00
0.000000000000000000e+00
0.000000000000000000e+00
0.000000000000000000e+00
0.000000000000000000e+00
0.000000000000000000e+00
0.000000000000000000e+00
0.000000000000000000e+00
0.000000000000000000e+00
0.000000000000000000e+00
0.000000000000000000e+00
0.000000000000000000e+00
0.000000000000000000e+00
0.000000000000000000e+00
0.000000000000000000e+00
0.000000000000000000e+00
0.000000000000000000e+00
1.461243764860584493e+00
2.900048006555250080e+00
2.587032841744381173e+01
1.991666991600710190e+01
1.265247498511861934e+01
1.525124030335495817e+01
1.500484610901562199e+01
8.028328890240430837e+00
1.046175725436352444e+01
3.816765479046988485e+00
1.230715447488967884e+00
0.000000000000000000e+00
3.375350959372171999e+00
2.117777877150457844e+00
9.825870786883099672e-01
1.792110769142687854e+00
8.001600123562556677e-01
2.788539435472362271e+00
5.906318823794730610e-01
9.705651271184425610e-01
3.858302793476471870e-01
2.961984274725674715e-01
8.756321894589568222e-01
6.199869676957638909e-01
4.171819225540349119e-01
3.949364506685575371e-01
1.525139403130818527e-01
1.171726022484822494e-01
1.647911925302061528e-02
3.417961959130512428e-02
1.098632778393950592e-02
0.000000000000000000e+00
0.000000000000000000e+00
0.000000000000000000e+00
0.000000000000000000e+00
0.000000000000000000e+00
0.000000000000000000e+00
0.000000000000000000e+00
0.000000000000000000e+00
0.000000000000000000e+00
0.000000000000000000e+00
0.000000000000000000e+00
0.000000000000000000e+00
0.000000000000000000e+00
0.000000000000000000e+00
0.000000000000000000e+00
0.000000000000000000e+00
1.479865982045772466e+00
0.000000000000000000e+00
4.383731294581753701e+00
5.800096013110500159e+00
2.874480935271534587e+00
2.276190847543668738e+01
1.124664443121655033e+01
1.386476391214087123e+01
8.184461514008521732e+00
2.676109630080143464e+00
9.154037597568084550e+00
6.361275798411647031e+00
3.692146342466903874e+00
1.182041580245927204e+00
2.250233972914781333e+00
2.117777877150457844e+00
1.965174157376619934e+00
8.960553845713439269e-01
3.200640049425022671e+00
6.971348588680905678e-01
1.181263764758946122e+00
9.705651271184425610e-01
1.157490838042941617e+00
2.961984274725674715e-01
2.189080473647392056e-01
7.749837096197048636e-01
5.214774031925436537e-01
1.974682253342787686e-01
1.906424253913523159e-01
1.952876704141370823e-01
4.943735775906184238e-02
3.906242239006300215e-02
1.373290972992438283e-02
0.000000000000000000e+00
0.000000000000000000e+00
0.000000000000000000e+00
0.000000000000000000e+00
0.000000000000000000e+00
0.000000000000000000e+00
0.000000000000000000e+00
0.000000000000000000e+00
0.000000000000000000e+00
0.000000000000000000e+00
0.000000000000000000e+00
0.000000000000000000e+00
0.000000000000000000e+00
0.000000000000000000e+00
0.000000000000000000e+00
0.000000000000000000e+00
0.000000000000000000e+00
0.000000000000000000e+00
5.884510697214938801e+00
7.306218824302922243e+00
1.160019202622100032e+01
5.748961870543069175e+00
5.690477118859171846e+00
1.124664443121655033e+01
4.159429173642261723e+00
8.184461514008521732e+00
4.014164445120215419e+00
2.615439313590881110e+00
3.816765479046988485e+00
1.230715447488967884e+00
1.182041580245927204e+00
1.125116986457390666e+00
4.235555754300915687e+00
9.825870786883099672e-01
8.960553845713439269e-01
8.001600123562556677e-01
0.000000000000000000e+00
1.181263764758946122e+00
1.455847690677663842e+00
3.858302793476471870e-01
0.000000000000000000e+00
8.756321894589568222e-01
1.549967419239409727e-01
1.042954806385087280e-01
0.000000000000000000e+00
1.525139403130818527e-01
1.171726022484822494e-01
2.471867887953092119e-02
1.953121119503150108e-02
8.544921609730726439e-03
0.000000000000000000e+00
0.000000000000000000e+00
0.000000000000000000e+00
0.000000000000000000e+00
0.000000000000000000e+00
0.000000000000000000e+00
0.000000000000000000e+00
0.000000000000000000e+00
0.000000000000000000e+00
0.000000000000000000e+00
0.000000000000000000e+00
0.000000000000000000e+00
0.000000000000000000e+00
0.000000000000000000e+00
0.000000000000000000e+00
0.000000000000000000e+00
0.000000000000000000e+00
2.975236072815895749e+00
0.000000000000000000e+00
1.029789372012614379e+01
8.767462589163507403e+00
4.350072009832874897e+00
1.580964514399344090e+01
5.690477118859171846e+00
5.623322215608275165e+00
4.159429173642261723e+00
2.728153838002840281e+00
2.676109630080143464e+00
0.000000000000000000e+00
2.544510319364658990e+00
4.922861789955871537e+00
0.000000000000000000e+00
3.375350959372171999e+00
0.000000000000000000e+00
0.000000000000000000e+00
8.960553845713439269e-01
8.001600123562556677e-01
0.000000000000000000e+00
1.181263764758946122e+00
4.852825635592212805e-01
7.716605586952943741e-01
8.885952824177023590e-01
4.378160947294784111e-01
1.549967419239409727e-01
1.042954806385087280e-01
1.974682253342787686e-01
7.625697015654092636e-02
9.764383520706854114e-02
1.647911925302061528e-02
3.662102099068406669e-02
1.037597624038731105e-02
0.000000000000000000e+00
0.000000000000000000e+00
0.000000000000000000e+00
0.000000000000000000e+00
0.000000000000000000e+00
0.000000000000000000e+00
0.000000000000000000e+00
0.000000000000000000e+00
0.000000000000000000e+00
0.000000000000000000e+00
0.000000000000000000e+00
0.000000000000000000e+00
0.000000000000000000e+00
0.000000000000000000e+00
0.000000000000000000e+00
0.000000000000000000e+00
0.000000000000000000e+00
2.989035579654610419e+00
2.975236072815895749e+00
4.439597946137316953e+00
1.176902139442987760e+01
8.767462589163507403e+00
8.700144019665749795e+00
5.748961870543069175e+00
5.690477118859171846e+00
4.217491661706206152e+00
2.772952782428174334e+00
0.000000000000000000e+00
1.338054815040071732e+00
3.923158970386321442e+00
0.000000000000000000e+00
0.000000000000000000e+00
0.000000000000000000e+00
1.125116986457390666e+00
0.000000000000000000e+00
2.947761236064930124e+00
8.960553845713439269e-01
8.001600123562556677e-01
0.000000000000000000e+00
5.906318823794730610e-01
9.705651271184425610e-01
0.000000000000000000e+00
2.961984274725674715e-01
2.189080473647392056e-01
0.000000000000000000e+00
2.085909612770174559e-01
1.316454835561858550e-01
7.625697015654092636e-02
1.952876704141370823e-02
4.119779813255153994e-02
2.685541539316831441e-02
1.007080046861121361e-02
0.000000000000000000e+00
0.000000000000000000e+00
0.000000000000000000e+00
0.000000000000000000e+00
0.000000000000000000e+00
0.000000000000000000e+00
0.000000000000000000e+00
0.000000000000000000e+00
0.000000000000000000e+00
0.000000000000000000e+00
0.000000000000000000e+00
0.000000000000000000e+00
0.000000000000000000e+00
0.000000000000000000e+00
0.000000000000000000e+00
0.000000000000000000e+00
0.000000000000000000e+00
0.000000000000000000e+00
0.000000000000000000e+00
2.975236072815895749e+00
7.399329910228862772e+00
1.471127674303734700e+01
1.022870635402409079e+01
4.350072009832874897e+00
2.874480935271534587e+00
4.267857839144379106e+00
2.811661107804137583e+00
2.772952782428174334e+00
0.000000000000000000e+00
2.676109630080143464e+00
1.307719656795440555e+00
2.544510319364658990e+00
0.000000000000000000e+00
1.182041580245927204e+00
1.125116986457390666e+00
0.000000000000000000e+00
0.000000000000000000e+00
8.960553845713439269e-01
8.001600123562556677e-01
0.000000000000000000e+00
0.000000000000000000e+00
0.000000000000000000e+00
0.000000000000000000e+00
8.885952824177023590e-01
2.189080473647392056e-01
4.649902257718229182e-01
0.000000000000000000e+00
6.582274177809292748e-02
2.287709104696227791e-01
3.905753408282741646e-02
5.767691738557215175e-02
4.882802798757875269e-03
6.408691207298045263e-03
0.000000000000000000e+00
0.000000000000000000e+00
0.000000000000000000e+00
0.000000000000000000e+00
0.000000000000000000e+00
0.000000000000000000e+00
0.000000000000000000e+00
0.000000000000000000e+00
0.000000000000000000e+00
0.000000000000000000e+00
0.000000000000000000e+00
0.000000000000000000e+00
0.000000000000000000e+00
0.000000000000000000e+00
0.000000000000000000e+00
0.000000000000000000e+00
0.000000000000000000e+00
0.000000000000000000e+00
6.002713079457105749e+00
7.472588949136525827e+00
1.487618036407947875e+00
7.399329910228862772e+00
1.471127674303734700e+00
2.922487529721168986e+00
4.350072009832874897e+00
1.437240467635767294e+00
1.422619279714792961e+00
4.217491661706206152e+00
0.000000000000000000e+00
1.364076919001420141e+00
1.338054815040071732e+00
1.307719656795440555e+00
1.272255159682329495e+00
0.000000000000000000e+00
0.000000000000000000e+00
0.000000000000000000e+00
1.058888938575228922e+00
9.825870786883099672e-01
0.000000000000000000e+00
1.600320024712511335e+00
6.971348588680905678e-01
0.000000000000000000e+00
0.000000000000000000e+00
3.858302793476471870e-01
5.923968549451349430e-01
2.189080473647392056e-01
0.000000000000000000e+00
2.085909612770174559e-01
0.000000000000000000e+00
1.143854552348113895e-01
3.905753408282741646e-02
3.295823850604123056e-02
1.464840839627362667e-02
6.103515435521947828e-03
0.000000000000000000e+00
0.000000000000000000e+00
0.000000000000000000e+00
0.000000000000000000e+00
0.000000000000000000e+00
0.000000000000000000e+00
0.000000000000000000e+00
0.000000000000000000e+00
0.000000000000000000e+00
0.000000000000000000e+00
0.000000000000000000e+00
0.000000000000000000e+00
0.000000000000000000e+00
0.000000000000000000e+00
0.000000000000000000e+00
0.000000000000000000e+00
0.000000000000000000e+00
0.000000000000000000e+00
0.000000000000000000e+00
4.502034809592829312e+00
4.483553369481915851e+00
1.487618036407947875e+00
2.959731964091544931e+00
2.942255348607469401e+00
0.000000000000000000e+00
1.450024003277625040e+00
1.437240467635767294e+00
1.422619279714792961e+00
0.000000000000000000e+00
1.386476391214087167e+00
0.000000000000000000e+00
0.000000000000000000e+00
0.000000000000000000e+00
0.000000000000000000e+00
0.000000000000000000e+00
1.182041580245927204e+00
1.125116986457390666e+00
0.000000000000000000e+00
0.000000000000000000e+00
0.000000000000000000e+00
8.001600123562556677e-01
6.971348588680905678e-01
5.906318823794730610e-01
0.000000000000000000e+00
3.858302793476471870e-01
5.923968549451349430e-01
0.000000000000000000e+00
0.000000000000000000e+00
1.042954806385087280e-01
6.582274177809292748e-02
7.625697015654092636e-02
1.952876704141370823e-02
8.239559626510307641e-03
1.220700699689468774e-02
4.882812348417558089e-03
0.000000000000000000e+00
0.000000000000000000e+00
0.000000000000000000e+00
0.000000000000000000e+00
0.000000000000000000e+00
0.000000000000000000e+00
0.000000000000000000e+00
0.000000000000000000e+00
0.000000000000000000e+00
0.000000000000000000e+00
0.000000000000000000e+00
0.000000000000000000e+00
0.000000000000000000e+00
0.000000000000000000e+00
0.000000000000000000e+00
0.000000000000000000e+00
0.000000000000000000e+00
0.000000000000000000e+00
0.000000000000000000e+00
4.518585629935728321e+00
9.004069619185658624e+00
2.989035579654610419e+00
1.041332625485563490e+01
2.959731964091544931e+00
5.884510697214938801e+00
1.461243764860584493e+00
2.900048006555250080e+00
0.000000000000000000e+00
1.422619279714792961e+00
0.000000000000000000e+00
0.000000000000000000e+00
2.728153838002840281e+00
1.338054815040071732e+00
0.000000000000000000e+00
3.816765479046988485e+00
0.000000000000000000e+00
0.000000000000000000e+00
1.125116986457390666e+00
1.058888938575228922e+00
0.000000000000000000e+00
0.000000000000000000e+00
0.000000000000000000e+00
6.971348588680905678e-01
0.000000000000000000e+00
4.852825635592212805e-01
0.000000000000000000e+00
2.961984274725674715e-01
0.000000000000000000e+00
3.099934838478819454e-01
0.000000000000000000e+00
0.000000000000000000e+00
3.812848507827046318e-02
1.952876704141370823e-02
4.119779813255153994e-02
9.765605597515750538e-03
6.713866979074142698e-03
0.000000000000000000e+00
0.000000000000000000e+00
0.000000000000000000e+00
0.000000000000000000e+00
0.000000000000000000e+00
0.000000000000000000e+00
0.000000000000000000e+00
0.000000000000000000e+00
0.000000000000000000e+00
0.000000000000000000e+00
0.000000000000000000e+00
0.000000000000000000e+00
0.000000000000000000e+00
0.000000000000000000e+00
0.000000000000000000e+00
0.000000000000000000e+00
0.000000000000000000e+00
0.000000000000000000e+00
1.515612101736341533e+00
7.555750009621103658e+00
1.506195209978576255e+00
7.503391349321382187e+00
2.989035579654610419e+00
7.438090182039739595e+00
2.959731964091544931e+00
1.471127674303734700e+00
1.461243764860584493e+00
1.450024003277625040e+00
0.000000000000000000e+00
1.422619279714792961e+00
0.000000000000000000e+00
0.000000000000000000e+00
0.000000000000000000e+00
0.000000000000000000e+00
1.307719656795440555e+00
0.000000000000000000e+00
0.000000000000000000e+00
0.000000000000000000e+00
1.125116986457390666e+00
0.000000000000000000e+00
9.825870786883099672e-01
0.000000000000000000e+00
0.000000000000000000e+00
6.971348588680905678e-01
0.000000000000000000e+00
4.852825635592212805e-01
0.000000000000000000e+00
0.000000000000000000e+00
2.189080473647392056e-01
1.549967419239409727e-01
0.000000000000000000e+00
0.000000000000000000e+00
1.143854552348113895e-01
3.905753408282741646e-02
2.471867887953092119e-02
1.220700699689468774e-02
6.713866979074142698e-03
0.000000000000000000e+00
0.000000000000000000e+00
0.000000000000000000e+00
0.000000000000000000e+00
0.000000000000000000e+00
0.000000000000000000e+00
0.000000000000000000e+00
0.000000000000000000e+00
0.000000000000000000e+00
0.000000000000000000e+00
0.000000000000000000e+00
0.000000000000000000e+00
0.000000000000000000e+00
0.000000000000000000e+00
0.000000000000000000e+00
0.000000000000000000e+00
0.000000000000000000e+00
0.000000000000000000e+00
0.000000000000000000e+00
4.546836305209025042e+00
3.022300003848441552e+00
1.054336646985003334e+01
4.502034809592829312e+00
4.483553369481915851e+00
2.975236072815895749e+00
1.479865982045772466e+00
1.471127674303734700e+00
2.922487529721168986e+00
0.000000000000000000e+00
1.437240467635767294e+00
0.000000000000000000e+00
1.405830553902068791e+00
1.386476391214087167e+00
4.092230757004260866e+00
0.000000000000000000e+00
1.307719656795440555e+00
1.272255159682329495e+00
0.000000000000000000e+00
0.000000000000000000e+00
0.000000000000000000e+00
1.058888938575228922e+00
0.000000000000000000e+00
0.000000000000000000e+00
0.000000000000000000e+00
6.971348588680905678e-01
5.906318823794730610e-01
4.852825635592212805e-01
0.000000000000000000e+00
5.923968549451349430e-01
0.000000000000000000e+00
3.099934838478819454e-01
1.042954806385087280e-01
6.582274177809292748e-02
7.625697015654092636e-02
1.952876704141370823e-02
1.647911925302061528e-02
4.882802798757875269e-03
4.577636576641460654e-03
0.000000000000000000e+00
0.000000000000000000e+00
0.000000000000000000e+00
0.000000000000000000e+00
0.000000000000000000e+00
0.000000000000000000e+00
0.000000000000000000e+00
0.000000000000000000e+00
0.000000000000000000e+00
0.000000000000000000e+00
0.000000000000000000e+00
0.000000000000000000e+00
0.000000000000000000e+00
0.000000000000000000e+00
0.000000000000000000e+00
0.000000000000000000e+00
0.000000000000000000e+00
0.000000000000000000e+00
0.000000000000000000e+00
3.039281991600626842e+00
1.364050891562707335e+01
3.022300003848441552e+00
6.024780839914305020e+00
1.500678269864276437e+00
1.494517789827305210e+00
0.000000000000000000e+00
0.000000000000000000e+00
0.000000000000000000e+00
0.000000000000000000e+00
1.450024003277625040e+00
1.437240467635767294e+00
0.000000000000000000e+00
0.000000000000000000e+00
0.000000000000000000e+00
0.000000000000000000e+00
0.000000000000000000e+00
0.000000000000000000e+00
0.000000000000000000e+00
0.000000000000000000e+00
0.000000000000000000e+00
1.125116986457390666e+00
1.058888938575228922e+00
0.000000000000000000e+00
0.000000000000000000e+00
0.000000000000000000e+00
0.000000000000000000e+00
5.906318823794730610e-01
0.000000000000000000e+00
0.000000000000000000e+00
0.000000000000000000e+00
0.000000000000000000e+00
0.000000000000000000e+00
1.042954806385087280e-01
6.582274177809292748e-02
0.000000000000000000e+00
1.952876704141370823e-02
1.647911925302061528e-02
7.324204198136813337e-03
3.662109261313168350e-03
0.000000000000000000e+00
0.000000000000000000e+00
0.000000000000000000e+00
0.000000000000000000e+00
0.000000000000000000e+00
0.000000000000000000e+00
0.000000000000000000e+00
0.000000000000000000e+00
0.000000000000000000e+00
0.000000000000000000e+00
0.000000000000000000e+00
0.000000000000000000e+00
0.000000000000000000e+00
0.000000000000000000e+00
0.000000000000000000e+00
0.000000000000000000e+00
0.000000000000000000e+00
0.000000000000000000e+00
3.053193294526933776e+00
0.000000000000000000e+00
4.558922987400940485e+00
4.546836305209025042e+00
1.511150001924220776e+00
1.506195209978576255e+00
1.500678269864276437e+00
0.000000000000000000e+00
4.462854109223843402e+00
1.479865982045772466e+00
0.000000000000000000e+00
0.000000000000000000e+00
1.450024003277625040e+00
1.437240467635767294e+00
0.000000000000000000e+00
0.000000000000000000e+00
0.000000000000000000e+00
0.000000000000000000e+00
1.338054815040071732e+00
0.000000000000000000e+00
0.000000000000000000e+00
0.000000000000000000e+00
0.000000000000000000e+00
0.000000000000000000e+00
1.058888938575228922e+00
0.000000000000000000e+00
0.000000000000000000e+00
0.000000000000000000e+00
0.000000000000000000e+00
0.000000000000000000e+00
0.000000000000000000e+00
0.000000000000000000e+00
0.000000000000000000e+00
0.000000000000000000e+00
0.000000000000000000e+00
0.000000000000000000e+00
0.000000000000000000e+00
3.812848507827046318e-02
0.000000000000000000e+00
0.000000000000000000e+00
4.882802798757875269e-03
1.831054630656584175e-03
0.000000000000000000e+00
0.000000000000000000e+00
0.000000000000000000e+00
0.000000000000000000e+00
0.000000000000000000e+00
0.000000000000000000e+00
0.000000000000000000e+00
0.000000000000000000e+00
0.000000000000000000e+00
0.000000000000000000e+00
0.000000000000000000e+00
0.000000000000000000e+00
0.000000000000000000e+00
0.000000000000000000e+00
0.000000000000000000e+00
0.000000000000000000e+00
0.000000000000000000e+00
0.000000000000000000e+00
1.529605657132143248e+00
6.106386589053867553e+00
4.569863437282231544e+00
6.078563983201253684e+00
1.515612101736341533e+00
1.511150001924220776e+00
1.506195209978576255e+00
0.000000000000000000e+00
0.000000000000000000e+00
0.000000000000000000e+00
2.959731964091544931e+00
0.000000000000000000e+00
1.461243764860584493e+00
1.450024003277625040e+00
0.000000000000000000e+00
1.422619279714792961e+00
0.000000000000000000e+00
0.000000000000000000e+00
0.000000000000000000e+00
0.000000000000000000e+00
2.615439313590881110e+00
0.000000000000000000e+00
1.230715447488967884e+00
1.182041580245927204e+00
0.000000000000000000e+00
1.058888938575228922e+00
0.000000000000000000e+00
0.000000000000000000e+00
0.000000000000000000e+00
0.000000000000000000e+00
5.906318823794730610e-01
0.000000000000000000e+00
0.000000000000000000e+00
0.000000000000000000e+00
0.000000000000000000e+00
0.000000000000000000e+00
1.042954806385087280e-01
1.316454835561858550e-01
0.000000000000000000e+00
0.000000000000000000e+00
8.239559626510307641e-03
4.882802798757875269e-03
1.220703087104389522e-03
0.000000000000000000e+00
0.000000000000000000e+00
0.000000000000000000e+00
0.000000000000000000e+00
0.000000000000000000e+00
0.000000000000000000e+00
0.000000000000000000e+00
0.000000000000000000e+00
0.000000000000000000e+00
0.000000000000000000e+00
0.000000000000000000e+00
0.000000000000000000e+00
0.000000000000000000e+00
0.000000000000000000e+00
0.000000000000000000e+00
0.000000000000000000e+00
0.000000000000000000e+00
0.000000000000000000e+00
1.532347965967065351e+00
0.000000000000000000e+00
9.159579883580800441e+00
1.370959031184669463e+01
6.078563983201253684e+00
1.515612101736341533e+00
1.511150001924220776e+00
0.000000000000000000e+00
0.000000000000000000e+00
1.494517789827305210e+00
0.000000000000000000e+00
0.000000000000000000e+00
0.000000000000000000e+00
0.000000000000000000e+00
0.000000000000000000e+00
0.000000000000000000e+00
0.000000000000000000e+00
0.000000000000000000e+00
0.000000000000000000e+00
0.000000000000000000e+00
0.000000000000000000e+00
0.000000000000000000e+00
0.000000000000000000e+00
0.000000000000000000e+00
0.000000000000000000e+00
1.125116986457390666e+00
0.000000000000000000e+00
0.000000000000000000e+00
8.960553845713439269e-01
0.000000000000000000e+00
0.000000000000000000e+00
5.906318823794730610e-01
4.852825635592212805e-01
0.000000000000000000e+00
2.961984274725674715e-01
0.000000000000000000e+00
0.000000000000000000e+00
1.042954806385087280e-01
6.582274177809292748e-02
1.143854552348113895e-01
1.952876704141370823e-02
8.239559626510307641e-03
7.324204198136813337e-03
1.831054630656584175e-03
0.000000000000000000e+00
0.000000000000000000e+00
0.000000000000000000e+00
0.000000000000000000e+00
0.000000000000000000e+00
0.000000000000000000e+00
0.000000000000000000e+00
0.000000000000000000e+00
0.000000000000000000e+00
0.000000000000000000e+00
0.000000000000000000e+00
0.000000000000000000e+00
0.000000000000000000e+00
0.000000000000000000e+00
0.000000000000000000e+00
0.000000000000000000e+00
0.000000000000000000e+00
0.000000000000000000e+00
0.000000000000000000e+00
1.532347965967065351e+00
3.059211314264286496e+00
6.106386589053867553e+00
3.046575624854821029e+00
3.039281991600626842e+00
1.515612101736341533e+00
0.000000000000000000e+00
0.000000000000000000e+00
0.000000000000000000e+00
0.000000000000000000e+00
0.000000000000000000e+00
0.000000000000000000e+00
0.000000000000000000e+00
0.000000000000000000e+00
0.000000000000000000e+00
0.000000000000000000e+00
0.000000000000000000e+00
0.000000000000000000e+00
0.000000000000000000e+00
1.364076919001420141e+00
0.000000000000000000e+00
0.000000000000000000e+00
0.000000000000000000e+00
0.000000000000000000e+00
0.000000000000000000e+00
0.000000000000000000e+00
0.000000000000000000e+00
0.000000000000000000e+00
8.960553845713439269e-01
0.000000000000000000e+00
0.000000000000000000e+00
0.000000000000000000e+00
0.000000000000000000e+00
0.000000000000000000e+00
0.000000000000000000e+00
0.000000000000000000e+00
1.549967419239409727e-01
1.042954806385087280e-01
0.000000000000000000e+00
3.812848507827046318e-02
0.000000000000000000e+00
8.239559626510307641e-03
0.000000000000000000e+00
1.525878858880486957e-03
0.000000000000000000e+00
0.000000000000000000e+00
0.000000000000000000e+00
0.000000000000000000e+00
0.000000000000000000e+00
0.000000000000000000e+00
0.000000000000000000e+00
0.000000000000000000e+00
0.000000000000000000e+00
0.000000000000000000e+00
0.000000000000000000e+00
0.000000000000000000e+00
0.000000000000000000e+00
0.000000000000000000e+00
0.000000000000000000e+00
0.000000000000000000e+00
0.000000000000000000e+00
0.000000000000000000e+00
0.000000000000000000e+00
0.000000000000000000e+00
1.532347965967065351e+00
4.588816971396429523e+00
1.526596647263466888e+00
0.000000000000000000e+00
0.000000000000000000e+00
0.000000000000000000e+00
0.000000000000000000e+00
0.000000000000000000e+00
0.000000000000000000e+00
0.000000000000000000e+00
0.000000000000000000e+00
0.000000000000000000e+00
0.000000000000000000e+00
0.000000000000000000e+00
0.000000000000000000e+00
0.000000000000000000e+00
0.000000000000000000e+00
0.000000000000000000e+00
1.386476391214087167e+00
1.364076919001420141e+00
0.000000000000000000e+00
0.000000000000000000e+00
0.000000000000000000e+00
0.000000000000000000e+00
0.000000000000000000e+00
0.000000000000000000e+00
0.000000000000000000e+00
0.000000000000000000e+00
1.792110769142687854e+00
0.000000000000000000e+00
6.971348588680905678e-01
0.000000000000000000e+00
0.000000000000000000e+00
3.858302793476471870e-01
0.000000000000000000e+00
0.000000000000000000e+00
0.000000000000000000e+00
0.000000000000000000e+00
6.582274177809292748e-02
0.000000000000000000e+00
0.000000000000000000e+00
0.000000000000000000e+00
2.441401399378937635e-03
1.525878858880486957e-03
0.000000000000000000e+00
