# pd_vector
0.000000000000000000e+00
0.000000000000000000e+00
0.000000000000000000e+00
0.000000000000000000e+00
0.000000000000000000e+00
0.000000000000000000e+00
0.000000000000000000e+00
0.000000000000000000e+00
0.000000000000000000e+00
0.000000000000000000e+00
0.000000000000000000e+00
0.000000000000000000e+00
0.000000000000000000e+00
3.051757717760973914e-03
0.000000000000000000e+00
0.000000000000000000e+00
0.000000000000000000e+00
0.000000000000000000e+00
0.000000000000000000e+00
3.112792872116193141e-02
0.000000000000000000e+00
0.000000000000000000e+00
0.000000000000000000e+00
0.000000000000000000e+00
0.000000000000000000e+00
0.000000000000000000e+00
2.999877836559037281e-01
0.000000000000000000e+00
0.000000000000000000e+00
0.000000000000000000e+00
0.000000000000000000e+00
0.000000000000000000e+00
0.000000000000000000e+00
0.000000000000000000e+00
1.391296343527227863e+00
0.000000000000000000e+00
0.000000000000000000e+00
0.000000000000000000e+00
0.000000000000000000e+00
0.000000000000000000e+00
0.000000000000000000e+00
0.000000000000000000e+00
1.171872671701890134e-01
6.410827437700477915e+00
0.000000000000000000e+00
0.000000000000000000e+00
0.000000000000000000e+00
0.000000000000000000e+00
0.000000000000000000e+00
0.000000000000000000e+00
0.000000000000000000e+00
0.000000000000000000e+00
3.164056213595103362e+00
1.065093961075757534e+01
0.000000000000000000e+00
0.000000000000000000e+00
0.000000000000000000e+00
0.000000000000000000e+00
0.000000000000000000e+00
0.000000000000000000e+00
0.000000000000000000e+00
0.000000000000000000e+00
6.921230086268658210e-01
7.407211845715696796e+00
8.509826395976475055e+00
0.000000000000000000e+00
0.000000000000000000e+00
0.000000000000000000e+00
0.000000000000000000e+00
0.000000000000000000e+00
0.000000000000000000e+00
0.000000000000000000e+00
0.000000000000000000e+00
2.734027385797919152e-01
2.595461282350747023e+00
5.778797112329945307e+00
7.743835208818470761e+00
0.000000000000000000e+00
0.000000000000000000e+00
0.000000000000000000e+00
0.000000000000000000e+00
0.000000000000000000e+00
0.000000000000000000e+00
0.000000000000000000e+00
0.000000000000000000e+00
1.143854552348113895e-01
1.855232868934302282e+00
4.128019372881664317e+00
7.075181255400161184e+00
7.336425553497381458e+00
0.000000000000000000e+00
0.000000000000000000e+00
0.000000000000000000e+00
0.000000000000000000e+00
0.000000000000000000e+00
0.000000000000000000e+00
0.000000000000000000e+00
0.000000000000000000e+00
0.000000000000000000e+00
7.244412164871387727e-01
2.538739715383782070e+00
6.402137829798508761e+00
8.554670503423796646e+00
6.621703895997760547e+00
0.000000000000000000e+00
0.000000000000000000e+00
0.000000000000000000e+00
0.000000000000000000e+00
0.000000000000000000e+00
0.000000000000000000e+00
0.000000000000000000e+00
0.000000000000000000e+00
0.000000000000000000e+00
0.000000000000000000e+00
1.067597582191572858e+00
4.882191760353427057e+00
1.015937701948720928e+01
9.584941893961708814e+00
5.914916808564319339e+00
0.000000000000000000e+00
0.000000000000000000e+00
0.000000000000000000e+00
0.000000000000000000e+00
0.000000000000000000e+00
0.000000000000000000e+00
0.000000000000000000e+00
0.000000000000000000e+00
0.000000000000000000e+00
0.000000000000000000e+00
2.632909671123717099e-01
2.668993955478932367e+00
9.041819140174546021e+00
1.304322288876581659e+01
9.750957189119477064e+00
5.164489585766895985e+00
0.000000000000000000e+00
0.000000000000000000e+00
0.000000000000000000e+00
0.000000000000000000e+00
0.000000000000000000e+00
0.000000000000000000e+00
0.000000000000000000e+00
0.000000000000000000e+00
0.000000000000000000e+00
0.000000000000000000e+00
0.000000000000000000e+00
1.645568544452323145e+00
7.358797620106199311e+00
1.423647117319059419e+01
1.393309532842893006e+01
9.353008761020710438e+00
4.424438339209859627e+00
0.000000000000000000e+00
0.000000000000000000e+00
0.000000000000000000e+00
0.000000000000000000e+00
0.000000000000000000e+00
0.000000000000000000e+00
0.000000000000000000e+00
0.000000000000000000e+00
0.000000000000000000e+00
0.000000000000000000e+00
1.549967419239409727e-01
6.257728838310523400e-01
5.660755792915991513e+00
1.353561220278601418e+01
1.804458074626626640e+01
1.495480072211620914e+01
8.259260934098946905e+00
3.722839239896611918e+00
0.000000000000000000e+00
0.000000000000000000e+00
0.000000000000000000e+00
0.000000000000000000e+00
0.000000000000000000e+00
0.000000000000000000e+00
0.000000000000000000e+00
0.000000000000000000e+00
0.000000000000000000e+00
0.000000000000000000e+00
2.189080473647392056e-01
1.084977193467586698e+00
4.276114706178858249e+00
1.316454835561858516e+01
2.188575043492724603e+01
1.982169854703491296e+01
1.408964696133262606e+01
7.177720114174076294e+00
3.046264553869003855e+00
0.000000000000000000e+00
0.000000000000000000e+00
0.000000000000000000e+00
0.000000000000000000e+00
0.000000000000000000e+00
0.000000000000000000e+00
0.000000000000000000e+00
0.000000000000000000e+00
0.000000000000000000e+00
0.000000000000000000e+00
0.000000000000000000e+00
6.567241420942175889e-01
4.339908773870346792e+00
1.105532094768192586e+01
2.244555494632968973e+01
2.550795651736293834e+01
1.933347937099956937e+01
1.204623617395806967e+01
6.264635990806353583e+00
2.497863691987356916e+00
0.000000000000000000e+00
0.000000000000000000e+00
0.000000000000000000e+00
0.000000000000000000e+00
0.000000000000000000e+00
0.000000000000000000e+00
0.000000000000000000e+00
0.000000000000000000e+00
0.000000000000000000e+00
0.000000000000000000e+00
0.000000000000000000e+00
0.000000000000000000e+00
1.970172426282652767e+00
8.214827321968870777e+00
2.033761872450920194e+01
2.876453815702661032e+01
2.577485591291083367e+01
1.898196156425412440e+01
1.076086487222246113e+01
5.417469705221862775e+00
2.080688411969431773e+00
0.000000000000000000e+00
0.000000000000000000e+00
0.000000000000000000e+00
0.000000000000000000e+00
0.000000000000000000e+00
0.000000000000000000e+00
0.000000000000000000e+00
0.000000000000000000e+00
0.000000000000000000e+00
0.000000000000000000e+00
0.000000000000000000e+00
0.000000000000000000e+00
2.073388992307972245e+00
8.537413847224829766e+00
1.906459925664474042e+01
3.191441707538367112e+01
3.284554814726837435e+01
2.409720256946693340e+01
1.601358897395924075e+01
8.865766158125090612e+00
4.223624420925562006e+00
1.652831979939343388e+00
0.000000000000000000e+00
0.000000000000000000e+00
0.000000000000000000e+00
0.000000000000000000e+00
0.000000000000000000e+00
0.000000000000000000e+00
0.000000000000000000e+00
0.000000000000000000e+00
0.000000000000000000e+00
0.000000000000000000e+00
0.000000000000000000e+00
0.000000000000000000e+00
1.157490838042941617e+00
5.923968549451349652e+00
1.751264378917913689e+01
3.611424086827824453e+01
3.546046341709296712e+01
3.073922041036939845e+01
2.028435406163988475e+01
1.384589583236232002e+01
7.333208067594173762e+00
3.425286163328649547e+00
1.350097614337454788e+00
0.000000000000000000e+00
0.000000000000000000e+00
0.000000000000000000e+00
0.000000000000000000e+00
0.000000000000000000e+00
0.000000000000000000e+00
0.000000000000000000e+00
0.000000000000000000e+00
0.000000000000000000e+00
0.000000000000000000e+00
0.000000000000000000e+00
0.000000000000000000e+00
0.000000000000000000e+00
3.858302793476471759e+00
1.866050093077175021e+01
3.568201172045249336e+01
3.936917244868100596e+01
3.650341822347805731e+01
2.896200638236088665e+01
1.856857223311771676e+01
1.015495886153512828e+01
6.072555444738096497e+00
2.780756193892609751e+00
1.084289517120474056e+00
0.000000000000000000e+00
0.000000000000000000e+00
0.000000000000000000e+00
0.000000000000000000e+00
0.000000000000000000e+00
0.000000000000000000e+00
0.000000000000000000e+00
0.000000000000000000e+00
0.000000000000000000e+00
0.000000000000000000e+00
0.000000000000000000e+00
0.000000000000000000e+00
0.000000000000000000e+00
3.396977944914548964e+00
1.003158726303882631e+01
3.169323173956471962e+01
4.859758651497210025e+01
3.998915941637677207e+01
3.483469053326191300e+01
2.507846461745340605e+01
1.502262312083856166e+01
9.080876674257375214e+00
4.993173133665246510e+00
2.124019217459675701e+00
8.956908901628458652e-01
0.000000000000000000e+00
0.000000000000000000e+00
0.000000000000000000e+00
0.000000000000000000e+00
0.000000000000000000e+00
0.000000000000000000e+00
0.000000000000000000e+00
0.000000000000000000e+00
0.000000000000000000e+00
0.000000000000000000e+00
0.000000000000000000e+00
0.000000000000000000e+00
0.000000000000000000e+00
0.000000000000000000e+00
1.261734665253975329e+01
3.433889486194060225e+01
4.028298613626917302e+01
5.319465550963163025e+01
4.603403235141046679e+01
3.045428034644454840e+01
1.836454495608792570e+01
1.246801462059444177e+01
6.874125998577625296e+00
4.062102895869581509e+00
1.779781620147245613e+00
6.982421658237107920e-01
0.000000000000000000e+00
0.000000000000000000e+00
0.000000000000000000e+00
0.000000000000000000e+00
0.000000000000000000e+00
0.000000000000000000e+00
0.000000000000000000e+00
0.000000000000000000e+00
0.000000000000000000e+00
0.000000000000000000e+00
0.000000000000000000e+00
0.000000000000000000e+00
0.000000000000000000e+00
1.394269717736181136e+00
7.087582588553676288e+00
3.057280150423094156e+01
4.861461519780354479e+01
5.538910593737011823e+01
5.231902332017266843e+01
3.440927670711489839e+01
2.211064189536385172e+01
1.481011690007090920e+01
9.112707933706641228e+00
5.292295868223114930e+00
3.056876621435324015e+00
1.413571410240404891e+00
5.853271302665548070e-01
0.000000000000000000e+00
0.000000000000000000e+00
0.000000000000000000e+00
0.000000000000000000e+00
0.000000000000000000e+00
0.000000000000000000e+00
0.000000000000000000e+00
0.000000000000000000e+00
0.000000000000000000e+00
0.000000000000000000e+00
0.000000000000000000e+00
0.000000000000000000e+00
0.000000000000000000e+00
2.400480037068767114e+00
9.759888024153267949e+00
2.008148400090208341e+01
5.435164711863278342e+01
5.633122078475648919e+01
4.354116883846742070e+01
4.575178189923049388e+01
2.371450151436296849e+01
2.054620968578621998e+01
1.165062529472244890e+01
7.206283679793117791e+00
3.808109573075673104e+00
2.463628328326581851e+00
1.074216615726732549e+00
4.428100448471172790e-01
0.000000000000000000e+00
0.000000000000000000e+00
0.000000000000000000e+00
0.000000000000000000e+00
0.000000000000000000e+00
0.000000000000000000e+00
0.000000000000000000e+00
0.000000000000000000e+00
0.000000000000000000e+00
0.000000000000000000e+00
0.000000000000000000e+00
0.000000000000000000e+00
0.000000000000000000e+00
0.000000000000000000e+00
3.200640049425022671e+00
1.812550633057035299e+01
4.547865494321942492e+01
6.405729838981720548e+01
6.250450525431884330e+01
4.206017670110458084e+01
3.152275882052244427e+01
2.293951780474326441e+01
1.470566277002973088e+01
7.767083529814965637e+00
5.833658216975380562e+00
3.632350669702949730e+00
1.993973429615494508e+00
8.422834827857335060e-01
3.512573133142881110e-01
0.000000000000000000e+00
0.000000000000000000e+00
0.000000000000000000e+00
0.000000000000000000e+00
0.000000000000000000e+00
0.000000000000000000e+00
0.000000000000000000e+00
0.000000000000000000e+00
0.000000000000000000e+00
0.000000000000000000e+00
0.000000000000000000e+00
0.000000000000000000e+00
0.000000000000000000e+00
0.000000000000000000e+00
2.688166153714031559e+00
2.320464035833141381e+01
3.903955209661307180e+01
5.847255635556783204e+01
6.454258095337642942e+01
4.938627575649883994e+01
3.820959714396120432e+01
2.561224154167448575e+01
1.642965464393774155e+01
1.115961642832043310e+01
7.503792562702593649e+00
4.727932149705537768e+00
2.577797249466609486e+00
1.557276769410448125e+00
7.080064058198919374e-01
2.810668858057857045e-01
0.000000000000000000e+00
0.000000000000000000e+00
0.000000000000000000e+00
0.000000000000000000e+00
0.000000000000000000e+00
0.000000000000000000e+00
0.000000000000000000e+00
0.000000000000000000e+00
0.000000000000000000e+00
0.000000000000000000e+00
0.000000000000000000e+00
0.000000000000000000e+00
0.000000000000000000e+00
0.000000000000000000e+00
1.965174157376619934e+00
1.433688615314150283e+01
3.280656050660648049e+01
5.507365385057915574e+01
6.201634764984466841e+01
4.852825635592212450e+01
4.128383989019825151e+01
2.162248520549742636e+01
1.992063231019126945e+01
1.394970677315468777e+01
7.822161047888154251e+00
6.648096919587385578e+00
3.431563657044341742e+00
1.894290403017129698e+00
1.359527338374200811e+00
5.664051246559135278e-01
2.389526293006842550e-01
0.000000000000000000e+00
0.000000000000000000e+00
0.000000000000000000e+00
0.000000000000000000e+00
0.000000000000000000e+00
0.000000000000000000e+00
0.000000000000000000e+00
0.000000000000000000e+00
0.000000000000000000e+00
0.000000000000000000e+00
0.000000000000000000e+00
0.000000000000000000e+00
0.000000000000000000e+00
0.000000000000000000e+00
1.058888938575228922e+00
1.375621910163633999e+01
4.121854769028182375e+01
5.601120086493789785e+01
5.019370983850252088e+01
4.902244623749626129e+01
3.785203995761926166e+01
2.469313787824941997e+01
2.162248520549742636e+01
1.729373574181439821e+01
9.764794741208280726e+00
6.257728838310523400e+00
3.949364506685575815e+00
3.431563657044341742e+00
1.972405471182784531e+00
8.733933204100926551e-01
4.418936532875877288e-01
1.736450141405994074e-01
0.000000000000000000e+00
0.000000000000000000e+00
0.000000000000000000e+00
0.000000000000000000e+00
0.000000000000000000e+00
0.000000000000000000e+00
0.000000000000000000e+00
0.000000000000000000e+00
0.000000000000000000e+00
0.000000000000000000e+00
0.000000000000000000e+00
0.000000000000000000e+00
0.000000000000000000e+00
0.000000000000000000e+00
1.125116986457390666e+00
9.530000447177060963e+00
2.849502528196098794e+01
4.659487999770988154e+01
7.041408108735049609e+01
5.855932814491960414e+01
4.843181435511679211e+01
3.105808406779016195e+01
2.006317452607765262e+01
1.480992137362837369e+01
9.413046036683786255e+00
8.679817547740693584e+00
5.110478551286927740e+00
2.567086929345624213e+00
2.516480015165850403e+00
1.523243829230269242e+00
8.157164030245204200e-01
4.125968364950404754e-01
1.510620070291681938e-01
0.000000000000000000e+00
0.000000000000000000e+00
0.000000000000000000e+00
0.000000000000000000e+00
0.000000000000000000e+00
0.000000000000000000e+00
0.000000000000000000e+00
0.000000000000000000e+00
0.000000000000000000e+00
0.000000000000000000e+00
0.000000000000000000e+00
0.000000000000000000e+00
0.000000000000000000e+00
0.000000000000000000e+00
2.364083160491854407e+00
1.237628685103129733e+01
1.800111195577889234e+01
5.404228932785704842e+01
6.272387691999407622e+01
4.800960074137533695e+01
3.694814752000880276e+01
2.657843470707628697e+01
1.989658510592807161e+01
2.006317452607765262e+01
1.066314338901242920e+01
9.413046036683786255e+00
3.564925064250642261e+00
3.754637302986314040e+00
2.237973220455159673e+00
1.792038798678711853e+00
1.015495886153512828e+00
7.003625682533761720e-01
2.832025623279567639e-01
1.132202113289321327e-01
0.000000000000000000e+00
0.000000000000000000e+00
0.000000000000000000e+00
0.000000000000000000e+00
0.000000000000000000e+00
0.000000000000000000e+00
0.000000000000000000e+00
0.000000000000000000e+00
0.000000000000000000e+00
0.000000000000000000e+00
0.000000000000000000e+00
0.000000000000000000e+00
0.000000000000000000e+00
0.000000000000000000e+00
0.000000000000000000e+00
4.728166320983708815e+00
1.687675479686085822e+01
4.341444648158438468e+01
5.305970224916873690e+01
6.182782153542272852e+01
3.520704054367524805e+01
2.927966407245980207e+01
1.653769270662524704e+01
1.698488972457274571e+01
9.645756983691180508e+00
7.108762259341618872e+00
5.472701184118480278e+00
3.874918548098524429e+00
3.441750861070787870e+00
2.567086929345624213e+00
1.067597582191572858e+00
8.592657498222031620e-01
5.273318160966596890e-01
2.514643441360305820e-01
1.098632778393950626e-01
0.000000000000000000e+00
0.000000000000000000e+00
0.000000000000000000e+00
0.000000000000000000e+00
0.000000000000000000e+00
0.000000000000000000e+00
0.000000000000000000e+00
0.000000000000000000e+00
0.000000000000000000e+00
0.000000000000000000e+00
0.000000000000000000e+00
0.000000000000000000e+00
0.000000000000000000e+00
0.000000000000000000e+00
2.544510319364658990e+00
1.230715447488967884e+00
1.773062370368890939e+01
3.600374356663650133e+01
5.823889162163759181e+01
4.225124438359733148e+01
3.763432615199644715e+01
2.880576044482520359e+01
2.161118062491080849e+01
1.949085211852261068e+01
9.220368707625205218e+00
5.015793631519413154e+00
7.701159114286753926e+00
4.597068994659522900e+00
2.324951128859114480e+00
1.564432209577630850e+00
2.303795962233252670e+00
1.258240007582925202e+00
7.225643805323072044e-01
2.966241465543710820e-01
2.221675273434833287e-01
8.361816146665068672e-02
0.000000000000000000e+00
0.000000000000000000e+00
0.000000000000000000e+00
0.000000000000000000e+00
0.000000000000000000e+00
0.000000000000000000e+00
0.000000000000000000e+00
0.000000000000000000e+00
0.000000000000000000e+00
0.000000000000000000e+00
0.000000000000000000e+00
0.000000000000000000e+00
0.000000000000000000e+00
0.000000000000000000e+00
0.000000000000000000e+00
0.000000000000000000e+00
1.353786992237864695e+01
3.191512266664003405e+01
5.288049836349735955e+01
3.176666815725686632e+01
3.439054775409084641e+01
2.240138461428359662e+01
2.400480037068766848e+01
1.394269717736181136e+01
8.859478235692096248e+00
6.793955889829097927e+00
8.102435866300590206e+00
5.923968549451349652e+00
4.815977042024262467e+00
2.014957645011232756e+00
1.668727690216139647e+00
1.250632093783765608e+00
6.100557612523274109e-01
6.053917782838249551e-01
3.707801831929638525e-01
1.806637035540413772e-01
7.415771254159166104e-02
0.000000000000000000e+00
0.000000000000000000e+00
0.000000000000000000e+00
0.000000000000000000e+00
0.000000000000000000e+00
0.000000000000000000e+00
0.000000000000000000e+00
0.000000000000000000e+00
0.000000000000000000e+00
0.000000000000000000e+00
0.000000000000000000e+00
0.000000000000000000e+00
0.000000000000000000e+00
0.000000000000000000e+00
0.000000000000000000e+00
0.000000000000000000e+00
8.905786117776306909e+00
4.307504066211387794e+01
4.018941372836152226e+01
5.063026439058258177e+01
2.117777877150457755e+01
3.537313483277915793e+01
2.060927384514091187e+01
1.760352027183762402e+01
9.062753165285176493e+00
4.725055059035784488e+00
4.367543072032991525e+00
3.472472514128824628e+00
2.961984274725674826e+00
1.970172426282652767e+00
2.014957645011232756e+00
1.460136728939122275e+00
8.556956431152080711e-01
8.388266717219501345e-01
4.491616419525152892e-01
1.812703117832267785e-01
1.293942741670836838e-01
5.462646314792143215e-02
0.000000000000000000e+00
0.000000000000000000e+00
0.000000000000000000e+00
0.000000000000000000e+00
0.000000000000000000e+00
0.000000000000000000e+00
0.000000000000000000e+00
0.000000000000000000e+00
0.000000000000000000e+00
0.000000000000000000e+00
0.000000000000000000e+00
0.000000000000000000e+00
0.000000000000000000e+00
0.000000000000000000e+00
0.000000000000000000e+00
4.014164445120215419e+00
6.538598283977202996e+00
3.180637899205823871e+01
2.461430894977935679e+01
3.782533056786967052e+01
2.587769068851998355e+01
2.329555664865503672e+01
1.473880618032464973e+01
1.344083076857015868e+01
1.280256019770009068e+01
9.759888024153267949e+00
4.725055059035784488e+00
6.793955889829097927e+00
4.244133072824118891e+00
3.850579557143376963e+00
3.283620710471088167e+00
7.749837096197048636e-01
1.251545767662104680e+00
1.118986610227579837e+00
9.532121269567616073e-01
4.686904089939289975e-01
2.554263484218195490e-01
1.074216615726732577e-01
4.425048690753412284e-02
0.000000000000000000e+00
0.000000000000000000e+00
0.000000000000000000e+00
0.000000000000000000e+00
0.000000000000000000e+00
0.000000000000000000e+00
0.000000000000000000e+00
0.000000000000000000e+00
0.000000000000000000e+00
0.000000000000000000e+00
0.000000000000000000e+00
0.000000000000000000e+00
0.000000000000000000e+00
0.000000000000000000e+00
0.000000000000000000e+00
0.000000000000000000e+00
8.028328890240430837e+00
2.876983244949969176e+01
4.198442026951687467e+01
3.815217887215800374e+01
2.600491476541039759e+01
2.025210575623303200e+01
1.376555620147797576e+01
8.843283708194789483e+00
8.064498461142095564e+00
6.401280098850045341e+00
7.668483447548996246e+00
6.496950706174203560e+00
2.911695381355327683e+00
1.543321117390588748e+00
2.073388992307972245e+00
1.094540236823696056e+00
9.299804515436458363e-01
6.257728838310523400e-01
6.582274177809293025e-01
4.194133358609750672e-01
1.952876704141370823e-01
1.400725136506752178e-01
7.812484478012600431e-02
3.387451066714680659e-02
0.000000000000000000e+00
0.000000000000000000e+00
0.000000000000000000e+00
0.000000000000000000e+00
0.000000000000000000e+00
0.000000000000000000e+00
0.000000000000000000e+00
0.000000000000000000e+00
0.000000000000000000e+00
0.000000000000000000e+00
0.000000000000000000e+00
0.000000000000000000e+00
0.000000000000000000e+00
0.000000000000000000e+00
0.000000000000000000e+00
1.386476391214087167e+00
5.456307676005680563e+00
2.140887704064114772e+01
4.838562730143129897e+01
3.435088931142289681e+01
2.830645529224626245e+01
1.773062370368890939e+01
1.012605287811651600e+01
1.482444514005320535e+01
1.277363202294803024e+01
1.792110769142687854e+00
2.400480037068767114e+00
2.788539435472362271e+00
2.953159411897365416e+00
9.705651271184425610e-01
1.543321117390588748e+00
1.184793709890269886e+00
1.532356331553174522e+00
6.199869676957638909e-01
5.214774031925436537e-01
3.291137088904646513e-01
3.812848507827046318e-01
1.757589033727233740e-01
1.483120732771855410e-01
8.300764757888387524e-02
3.356933489537071436e-02
0.000000000000000000e+00
0.000000000000000000e+00
0.000000000000000000e+00
0.000000000000000000e+00
0.000000000000000000e+00
0.000000000000000000e+00
0.000000000000000000e+00
0.000000000000000000e+00
0.000000000000000000e+00
0.000000000000000000e+00
0.000000000000000000e+00
0.000000000000000000e+00
0.000000000000000000e+00
0.000000000000000000e+00
0.000000000000000000e+00
0.000000000000000000e+00
6.932381956070435614e+00
2.318930762302414195e+01
2.408498667072129251e+01
2.484667347911337032e+01
2.035608255491727192e+01
1.476858536986761550e+01
1.418449896295112644e+01
7.875818905201734665e+00
1.270666726290274795e+01
7.860696629506479738e+00
4.480276922856719857e+00
0.000000000000000000e+00
1.394269717736181136e+00
2.362527529517892244e+00
1.455847690677663842e+00
1.157490838042941617e+00
0.000000000000000000e+00
8.756321894589568222e-01
1.084977193467586698e+00
2.085909612770174559e-01
1.974682253342787686e-01
1.906424253913523159e-01
2.343452044969644987e-01
1.235933943976546129e-01
3.662102099068406669e-02
2.044677670899852293e-02
0.000000000000000000e+00
0.000000000000000000e+00
0.000000000000000000e+00
0.000000000000000000e+00
0.000000000000000000e+00
0.000000000000000000e+00
0.000000000000000000e+00
0.000000000000000000e+00
0.000000000000000000e+00
0.000000000000000000e+00
0.000000000000000000e+00
0.000000000000000000e+00
0.000000000000000000e+00
0.000000000000000000e+00
0.000000000000000000e+00
1.422619279714792961e+00
1.405830553902068791e+00
1.525124030335495817e+01
3.000969221803124398e+01
3.077526074592164917e+01
1.700035553834072743e+01
2.162833771459960275e+01
1.107643902740071162e+01
8.274291061721489982e+00
7.875818905201734665e+00
5.294444692876144387e+00
0.000000000000000000e+00
1.792110769142687854e+00
4.800960074137534228e+00
6.971348588680905678e-01
1.771895647138419072e+00
2.426412817796106403e+00
1.157490838042941617e+00
1.184793709890269886e+00
1.094540236823696056e+00
6.199869676957638909e-01
8.343638451080698237e-01
3.291137088904646513e-01
2.668993955478932145e-01
9.764383520706854114e-02
7.415603663859277050e-02
4.150382378944193762e-02
1.800537053478974692e-02
0.000000000000000000e+00
0.000000000000000000e+00
0.000000000000000000e+00
0.000000000000000000e+00
0.000000000000000000e+00
0.000000000000000000e+00
0.000000000000000000e+00
0.000000000000000000e+00
0.000000000000000000e+00
0.000000000000000000e+00
0.000000000000000000e+00
0.000000000000000000e+00
0.000000000000000000e+00
0.000000000000000000e+00
0.000000000000000000e+00
0.000000000000000000e+00
2.845238559429585923e+00
9.840813877314481317e+00
2.772952782428174245e+01
2.318930762302414195e+01
1.605665778048086167e+01
6.538598283977202996e+00
1.399480675650562489e+01
7.384292684933807749e+00
5.910207901229636462e+00
0.000000000000000000e+00
3.176666815725686988e+00
2.947761236064930124e+00
3.584221538285375708e+00
2.400480037068767114e+00
6.971348588680905678e-01
5.906318823794730610e-01
4.852825635592212805e-01
3.858302793476471870e-01
2.961984274725674715e-01
0.000000000000000000e+00
3.099934838478819454e-01
7.300683644695611374e-01
1.974682253342787686e-01
1.906424253913523159e-01
7.811506816565483291e-02
3.295823850604123056e-02
1.708980979565256214e-02
1.403808550170048026e-02
0.000000000000000000e+00
0.000000000000000000e+00
0.000000000000000000e+00
0.000000000000000000e+00
0.000000000000000000e+00
0.000000000000000000e+00
0.000000000000000000e+00
0.000000000000000000e+00
0.000000000000000000e+00
0.000000000000000000e+00
0.000000000000000000e+00
0.000000000000000000e+00
0.000000000000000000e+00
0.000000000000000000e+00
0.000000000000000000e+00
0.000000000000000000e+00
1.437240467635767294e+00
1.422619279714792917e+01
2.530494997023723869e+01
3.050248060670991634e+01
1.909707686601988286e+01
4.014164445120215419e+00
9.154037597568084550e+00
2.544510319364658990e+00
1.230715447488967884e+00
1.182041580245927204e+00
4.500467945829562666e+00
1.058888938575228922e+00
1.965174157376619934e+00
8.960553845713439269e-01
1.600320024712511335e+00
0.000000000000000000e+00
2.953159411897365416e+00
4.852825635592212805e-01
7.716605586952943741e-01
1.777190564835404718e+00
4.378160947294784111e-01
1.549967419239409727e-01
1.042954806385087280e-01
2.632909671123717099e-01
3.812848507827046318e-02
7.811506816565483291e-02
5.767691738557215175e-02
3.173821819192618882e-02
1.281738241459609053e-02
0.000000000000000000e+00
0.000000000000000000e+00
0.000000000000000000e+00
0.000000000000000000e+00
0.000000000000000000e+00
0.000000000000000000e+00
0.000000000000000000e+00
0.000000000000000000e+00
0.000000000000000000e+00
0.000000000000000000e+00
0.000000000000000000e+00
0.000000000000000000e+00
0.000000000000000000e+00
0.000000000000000000e+00
0.000000000000000000e+00
0.000000000000000000e+00
0.000000000000000000e+00
7.186202338178836690e+00
2.133928919572189287e+01
1.968162775462896263e+01
2.079714586821130595e+01
4.092230757004260866e+00
1.070443852032057386e+01
2.615439313590881110e+00
3.816765479046988485e+00
1.230715447488967884e+00
1.182041580245927204e+00
0.000000000000000000e+00
3.176666815725686988e+00
9.825870786883099672e-01
1.792110769142687854e+00
8.001600123562556677e-01
1.394269717736181136e+00
5.906318823794730610e-01
4.852825635592212805e-01
1.157490838042941617e+00
5.923968549451349430e-01
4.378160947294784111e-01
3.099934838478819454e-01
1.042954806385087280e-01
3.949364506685575371e-01
1.525139403130818527e-01
1.171726022484822494e-01
4.943735775906184238e-02
2.685541539316831441e-02
1.190185509926779822e-02
0.000000000000000000e+00
0.000000000000000000e+00
0.000000000000000000e+00
0.000000000000000000e+00
0.000000000000000000e+00
0.000000000000000000e+00
0.000000000000000000e+00
0.000000000000000000e+00
0.000000000000000000e+00
0.000000000000000000e+00
0.000000000000000000e+00
0.000000000000000000e+00
0.000000000000000000e+00
0.000000000000000000e+00
0.000000000000000000e+00
0.000000000000000000e+00
0.000000000000000000e+00
1.015016802294337595e+01
1.437240467635767338e+01
1.422619279714792917e+01
1.968162775462896263e+01
6.932381956070435614e+00
5.456307676005680563e+00
6.690274075200358439e+00
3.923158970386321442e+00
1.272255159682329495e+00
1.230715447488967884e+00
0.000000000000000000e+00
0.000000000000000000e+00
1.058888938575228922e+00
9.825870786883099672e-01
1.792110769142687854e+00
8.001600123562556677e-01
6.971348588680905678e-01
5.906318823794730610e-01
4.852825635592212805e-01
1.157490838042941617e+00
2.961984274725674715e-01
8.756321894589568222e-01
6.199869676957638909e-01
0.000000000000000000e+00
0.000000000000000000e+00
2.287709104696227791e-01
3.905753408282741646e-02
2.471867887953092119e-02
1.953121119503150108e-02
1.190185509926779822e-02
0.000000000000000000e+00
0.000000000000000000e+00
0.000000000000000000e+00
0.000000000000000000e+00
0.000000000000000000e+00
0.000000000000000000e+00
0.000000000000000000e+00
0.000000000000000000e+00
0.000000000000000000e+00
0.000000000000000000e+00
0.000000000000000000e+00
0.000000000000000000e+00
0.000000000000000000e+00
0.000000000000000000e+00
0.000000000000000000e+00
0.000000000000000000e+00
0.000000000000000000e+00
5.844975059442337972e+00
8.700144019665749795e+00
1.293516420872190587e+01
8.535715678288758212e+00
4.217491661706206152e+00
6.932381956070435614e+00
4.092230757004260866e+00
1.338054815040071732e+00
2.615439313590881110e+00
0.000000000000000000e+00
0.000000000000000000e+00
3.546124740737781611e+00
2.250233972914781333e+00
2.117777877150457844e+00
0.000000000000000000e+00
0.000000000000000000e+00
1.600320024712511335e+00
0.000000000000000000e+00
5.906318823794730610e-01
4.852825635592212805e-01
3.858302793476471870e-01
2.961984274725674715e-01
0.000000000000000000e+00
0.000000000000000000e+00
1.042954806385087280e-01
6.582274177809292748e-02
1.525139403130818527e-01
1.952876704141370823e-02
3.295823850604123056e-02
1.953121119503150108e-02
6.713866979074142698e-03
0.000000000000000000e+00
0.000000000000000000e+00
0.000000000000000000e+00
0.000000000000000000e+00
0.000000000000000000e+00
0.000000000000000000e+00
0.000000000000000000e+00
0.000000000000000000e+00
0.000000000000000000e+00
0.000000000000000000e+00
0.000000000000000000e+00
0.000000000000000000e+00
0.000000000000000000e+00
0.000000000000000000e+00
0.000000000000000000e+00
0.000000000000000000e+00
1.479865982045772466e+00
4.413383022911204101e+00
1.315119388374526110e+01
1.015016802294337595e+01
1.006068327345037083e+01
7.113096398573964585e+00
1.405830553902068791e+00
0.000000000000000000e+00
1.364076919001420141e+00
0.000000000000000000e+00
0.000000000000000000e+00
0.000000000000000000e+00
0.000000000000000000e+00
0.000000000000000000e+00
0.000000000000000000e+00
1.058888938575228922e+00
0.000000000000000000e+00
8.960553845713439269e-01
0.000000000000000000e+00
0.000000000000000000e+00
5.906318823794730610e-01
4.852825635592212805e-01
3.858302793476471870e-01
0.000000000000000000e+00
2.189080473647392056e-01
0.000000000000000000e+00
1.042954806385087280e-01
1.316454835561858550e-01
3.812848507827046318e-02
5.858630112424112468e-02
3.295823850604123056e-02
2.197261259441044001e-02
8.544921609730726439e-03
0.000000000000000000e+00
0.000000000000000000e+00
0.000000000000000000e+00
0.000000000000000000e+00
0.000000000000000000e+00
0.000000000000000000e+00
0.000000000000000000e+00
0.000000000000000000e+00
0.000000000000000000e+00
0.000000000000000000e+00
0.000000000000000000e+00
0.000000000000000000e+00
0.000000000000000000e+00
0.000000000000000000e+00
0.000000000000000000e+00
0.000000000000000000e+00
1.487618036407947875e+00
7.399329910228862772e+00
1.176902139442987760e+01
1.168995011888467594e+01
1.015016802294337595e+01
5.748961870543069175e+00
1.422619279714792961e+00
2.811661107804137583e+00
2.772952782428174334e+00
0.000000000000000000e+00
2.676109630080143464e+00
1.307719656795440555e+00
2.544510319364658990e+00
1.230715447488967884e+00
0.000000000000000000e+00
0.000000000000000000e+00
0.000000000000000000e+00
0.000000000000000000e+00
0.000000000000000000e+00
0.000000000000000000e+00
0.000000000000000000e+00
0.000000000000000000e+00
0.000000000000000000e+00
3.858302793476471870e-01
0.000000000000000000e+00
0.000000000000000000e+00
1.549967419239409727e-01
1.042954806385087280e-01
1.316454835561858550e-01
0.000000000000000000e+00
1.952876704141370823e-02
3.295823850604123056e-02
7.324204198136813337e-03
3.662109261313168350e-03
0.000000000000000000e+00
0.000000000000000000e+00
0.000000000000000000e+00
0.000000000000000000e+00
0.000000000000000000e+00
0.000000000000000000e+00
0.000000000000000000e+00
0.000000000000000000e+00
0.000000000000000000e+00
0.000000000000000000e+00
0.000000000000000000e+00
0.000000000000000000e+00
0.000000000000000000e+00
0.000000000000000000e+00
0.000000000000000000e+00
0.000000000000000000e+00
0.000000000000000000e+00
4.462854109223843402e+00
5.919463928183089863e+00
7.355638371518673502e+00
7.306218824302922243e+00
1.450024003277625040e+00
4.311721402907301659e+00
0.000000000000000000e+00
1.405830553902068791e+00
0.000000000000000000e+00
1.364076919001420141e+00
4.014164445120215419e+00
0.000000000000000000e+00
2.544510319364658990e+00
1.230715447488967884e+00
0.000000000000000000e+00
0.000000000000000000e+00
0.000000000000000000e+00
9.825870786883099672e-01
0.000000000000000000e+00
0.000000000000000000e+00
0.000000000000000000e+00
0.000000000000000000e+00
0.000000000000000000e+00
0.000000000000000000e+00
0.000000000000000000e+00
0.000000000000000000e+00
0.000000000000000000e+00
0.000000000000000000e+00
1.316454835561858550e-01
0.000000000000000000e+00
1.952876704141370823e-02
1.647911925302061528e-02
9.765605597515750538e-03
3.662109261313168350e-03
0.000000000000000000e+00
0.000000000000000000e+00
0.000000000000000000e+00
0.000000000000000000e+00
0.000000000000000000e+00
0.000000000000000000e+00
0.000000000000000000e+00
0.000000000000000000e+00
0.000000000000000000e+00
0.000000000000000000e+00
0.000000000000000000e+00
0.000000000000000000e+00
0.000000000000000000e+00
0.000000000000000000e+00
0.000000000000000000e+00
0.000000000000000000e+00
0.000000000000000000e+00
4.483553369481915851e+00
1.041332625485563490e+01
1.775839178454926781e+01
2.942255348607469401e+00
1.461243764860584493e+00
1.450024003277625040e+00
0.000000000000000000e+00
1.422619279714792961e+00
1.405830553902068791e+00
1.386476391214087167e+00
0.000000000000000000e+00
0.000000000000000000e+00
0.000000000000000000e+00
0.000000000000000000e+00
0.000000000000000000e+00
1.182041580245927204e+00
1.125116986457390666e+00
0.000000000000000000e+00
0.000000000000000000e+00
0.000000000000000000e+00
0.000000000000000000e+00
0.000000000000000000e+00
0.000000000000000000e+00
0.000000000000000000e+00
0.000000000000000000e+00
0.000000000000000000e+00
0.000000000000000000e+00
0.000000000000000000e+00
0.000000000000000000e+00
6.582274177809292748e-02
7.625697015654092636e-02
1.952876704141370823e-02
0.000000000000000000e+00
1.953121119503150108e-02
4.882812348417558089e-03
0.000000000000000000e+00
0.000000000000000000e+00
0.000000000000000000e+00
0.000000000000000000e+00
0.000000000000000000e+00
0.000000000000000000e+00
0.000000000000000000e+00
0.000000000000000000e+00
0.000000000000000000e+00
0.000000000000000000e+00
0.000000000000000000e+00
0.000000000000000000e+00
0.000000000000000000e+00
0.000000000000000000e+00
0.000000000000000000e+00
0.000000000000000000e+00
1.506195209978576255e+00
3.001356539728552875e+00
4.483553369481915851e+00
7.438090182039739595e+00
1.479865982045772466e+00
1.471127674303734700e+00
1.461243764860584493e+00
1.450024003277625040e+00
0.000000000000000000e+00
0.000000000000000000e+00
0.000000000000000000e+00
0.000000000000000000e+00
0.000000000000000000e+00
0.000000000000000000e+00
0.000000000000000000e+00
0.000000000000000000e+00
1.230715447488967884e+00
0.000000000000000000e+00
0.000000000000000000e+00
0.000000000000000000e+00
0.000000000000000000e+00
0.000000000000000000e+00
0.000000000000000000e+00
0.000000000000000000e+00
0.000000000000000000e+00
0.000000000000000000e+00
0.000000000000000000e+00
0.000000000000000000e+00
0.000000000000000000e+00
0.000000000000000000e+00
0.000000000000000000e+00
6.582274177809292748e-02
3.812848507827046318e-02
0.000000000000000000e+00
0.000000000000000000e+00
9.765605597515750538e-03
3.051757717760973914e-03
0.000000000000000000e+00
0.000000000000000000e+00
0.000000000000000000e+00
0.000000000000000000e+00
0.000000000000000000e+00
0.000000000000000000e+00
0.000000000000000000e+00
0.000000000000000000e+00
0.000000000000000000e+00
0.000000000000000000e+00
0.000000000000000000e+00
0.000000000000000000e+00
0.000000000000000000e+00
0.000000000000000000e+00
0.000000000000000000e+00
0.000000000000000000e+00
0.000000000000000000e+00
1.506195209978576255e+00
6.002713079457105749e+00
4.483553369481915851e+00
1.487618036407947875e+00
0.000000000000000000e+00
2.942255348607469401e+00
1.461243764860584493e+00
0.000000000000000000e+00
1.437240467635767294e+00
1.422619279714792961e+00
0.000000000000000000e+00
1.386476391214087167e+00
0.000000000000000000e+00
0.000000000000000000e+00
0.000000000000000000e+00
1.272255159682329495e+00
0.000000000000000000e+00
0.000000000000000000e+00
2.250233972914781333e+00
0.000000000000000000e+00
0.000000000000000000e+00
0.000000000000000000e+00
0.000000000000000000e+00
0.000000000000000000e+00
0.000000000000000000e+00
0.000000000000000000e+00
0.000000000000000000e+00
2.961984274725674715e-01
0.000000000000000000e+00
0.000000000000000000e+00
0.000000000000000000e+00
1.316454835561858550e-01
0.000000000000000000e+00
0.000000000000000000e+00
0.000000000000000000e+00
1.220700699689468774e-02
1.525878858880486957e-03
0.000000000000000000e+00
0.000000000000000000e+00
0.000000000000000000e+00
0.000000000000000000e+00
0.000000000000000000e+00
0.000000000000000000e+00
0.000000000000000000e+00
0.000000000000000000e+00
0.000000000000000000e+00
0.000000000000000000e+00
0.000000000000000000e+00
0.000000000000000000e+00
0.000000000000000000e+00
0.000000000000000000e+00
0.000000000000000000e+00
0.000000000000000000e+00
0.000000000000000000e+00
1.511150001924220776e+00
7.530976049892881719e+00
1.050474788904993417e+01
2.989035579654610419e+00
1.487618036407947875e+00
1.479865982045772466e+00
1.471127674303734700e+00
0.000000000000000000e+00
0.000000000000000000e+00
0.000000000000000000e+00
0.000000000000000000e+00
0.000000000000000000e+00
0.000000000000000000e+00
0.000000000000000000e+00
1.338054815040071732e+00
0.000000000000000000e+00
0.000000000000000000e+00
0.000000000000000000e+00
0.000000000000000000e+00
0.000000000000000000e+00
0.000000000000000000e+00
0.000000000000000000e+00
0.000000000000000000e+00
0.000000000000000000e+00
0.000000000000000000e+00
0.000000000000000000e+00
0.000000000000000000e+00
0.000000000000000000e+00
0.000000000000000000e+00
2.189080473647392056e-01
0.000000000000000000e+00
1.042954806385087280e-01
0.000000000000000000e+00
7.625697015654092636e-02
0.000000000000000000e+00
0.000000000000000000e+00
7.324204198136813337e-03
1.831054630656584175e-03
0.000000000000000000e+00
0.000000000000000000e+00
0.000000000000000000e+00
0.000000000000000000e+00
0.000000000000000000e+00
0.000000000000000000e+00
0.000000000000000000e+00
0.000000000000000000e+00
0.000000000000000000e+00
0.000000000000000000e+00
0.000000000000000000e+00
0.000000000000000000e+00
0.000000000000000000e+00
0.000000000000000000e+00
0.000000000000000000e+00
0.000000000000000000e+00
0.000000000000000000e+00
3.031224203472683065e+00
4.533450005772662550e+00
1.204956167982861004e+01
1.500678269864276437e+00
0.000000000000000000e+00
0.000000000000000000e+00
1.479865982045772466e+00
0.000000000000000000e+00
0.000000000000000000e+00
0.000000000000000000e+00
0.000000000000000000e+00
1.422619279714792961e+00
0.000000000000000000e+00
0.000000000000000000e+00
0.000000000000000000e+00
0.000000000000000000e+00
0.000000000000000000e+00
0.000000000000000000e+00
0.000000000000000000e+00
0.000000000000000000e+00
1.125116986457390666e+00
0.000000000000000000e+00
0.000000000000000000e+00
0.000000000000000000e+00
0.000000000000000000e+00
0.000000000000000000e+00
5.906318823794730610e-01
4.852825635592212805e-01
0.000000000000000000e+00
0.000000000000000000e+00
0.000000000000000000e+00
0.000000000000000000e+00
1.042954806385087280e-01
0.000000000000000000e+00
0.000000000000000000e+00
0.000000000000000000e+00
8.239559626510307641e-03
7.324204198136813337e-03
2.136230402432681610e-03
0.000000000000000000e+00
0.000000000000000000e+00
0.000000000000000000e+00
0.000000000000000000e+00
0.000000000000000000e+00
0.000000000000000000e+00
0.000000000000000000e+00
0.000000000000000000e+00
0.000000000000000000e+00
0.000000000000000000e+00
0.000000000000000000e+00
0.000000000000000000e+00
0.000000000000000000e+00
0.000000000000000000e+00
0.000000000000000000e+00
0.000000000000000000e+00
0.000000000000000000e+00
1.519640995800313421e+00
3.031224203472683065e+00
1.511150001924220776e+00
0.000000000000000000e+00
0.000000000000000000e+00
0.000000000000000000e+00
0.000000000000000000e+00
0.000000000000000000e+00
0.000000000000000000e+00
0.000000000000000000e+00
0.000000000000000000e+00
0.000000000000000000e+00
0.000000000000000000e+00
0.000000000000000000e+00
0.000000000000000000e+00
0.000000000000000000e+00
0.000000000000000000e+00
0.000000000000000000e+00
0.000000000000000000e+00
0.000000000000000000e+00
0.000000000000000000e+00
0.000000000000000000e+00
0.000000000000000000e+00
0.000000000000000000e+00
0.000000000000000000e+00
8.001600123562556677e-01
0.000000000000000000e+00
0.000000000000000000e+00
0.000000000000000000e+00
0.000000000000000000e+00
0.000000000000000000e+00
0.000000000000000000e+00
0.000000000000000000e+00
0.000000000000000000e+00
0.000000000000000000e+00
0.000000000000000000e+00
1.952876704141370823e-02
0.000000000000000000e+00
7.324204198136813337e-03
1.525878858880486957e-03
0.000000000000000000e+00
0.000000000000000000e+00
0.000000000000000000e+00
0.000000000000000000e+00
0.000000000000000000e+00
0.000000000000000000e+00
0.000000000000000000e+00
0.000000000000000000e+00
0.000000000000000000e+00
0.000000000000000000e+00
0.000000000000000000e+00
0.000000000000000000e+00
0.000000000000000000e+00
0.000000000000000000e+00
0.000000000000000000e+00
0.000000000000000000e+00
0.000000000000000000e+00
1.523287812427410515e+00
1.519640995800313421e+00
0.000000000000000000e+00
0.000000000000000000e+00
3.012390419957152510e+00
0.000000000000000000e+00
0.000000000000000000e+00
0.000000000000000000e+00
0.000000000000000000e+00
0.000000000000000000e+00
0.000000000000000000e+00
0.000000000000000000e+00
1.437240467635767294e+00
0.000000000000000000e+00
0.000000000000000000e+00
0.000000000000000000e+00
0.000000000000000000e+00
0.000000000000000000e+00
0.000000000000000000e+00
0.000000000000000000e+00
0.000000000000000000e+00
0.000000000000000000e+00
0.000000000000000000e+00
0.000000000000000000e+00
0.000000000000000000e+00
0.000000000000000000e+00
0.000000000000000000e+00
0.000000000000000000e+00
0.000000000000000000e+00
0.000000000000000000e+00
0.000000000000000000e+00
0.000000000000000000e+00
0.000000000000000000e+00
1.549967419239409727e-01
0.000000000000000000e+00
6.582274177809292748e-02
0.000000000000000000e+00
0.000000000000000000e+00
0.000000000000000000e+00
2.441401399378937635e-03
1.525878858880486957e-03
0.000000000000000000e+00
0.000000000000000000e+00
0.000000000000000000e+00
0.000000000000000000e+00
0.000000000000000000e+00
0.000000000000000000e+00
0.000000000000000000e+00
0.000000000000000000e+00
0.000000000000000000e+00
0.000000000000000000e+00
0.000000000000000000e+00
0.000000000000000000e+00
0.000000000000000000e+00
0.000000000000000000e+00
0.000000000000000000e+00
0.000000000000000000e+00
0.000000000000000000e+00
1.526596647263466888e+00
4.569863437282231544e+00
3.039281991600626842e+00
1.515612101736341533e+00
1.511150001924220776e+00
1.506195209978576255e+00
1.500678269864276437e+00
1.494517789827305210e+00
0.000000000000000000e+00
0.000000000000000000e+00
0.000000000000000000e+00
0.000000000000000000e+00
0.000000000000000000e+00
0.000000000000000000e+00
1.422619279714792961e+00
0.000000000000000000e+00
0.000000000000000000e+00
0.000000000000000000e+00
0.000000000000000000e+00
0.000000000000000000e+00
0.000000000000000000e+00
0.000000000000000000e+00
0.000000000000000000e+00
0.000000000000000000e+00
0.000000000000000000e+00
0.000000000000000000e+00
0.000000000000000000e+00
0.000000000000000000e+00
0.000000000000000000e+00
0.000000000000000000e+00
0.000000000000000000e+00
0.000000000000000000e+00
0.000000000000000000e+00
0.000000000000000000e+00
0.000000000000000000e+00
0.000000000000000000e+00
0.000000000000000000e+00
3.812848507827046318e-02
0.000000000000000000e+00
0.000000000000000000e+00
2.441401399378937635e-03
6.103515435521947611e-04
0.000000000000000000e+00
0.000000000000000000e+00
0.000000000000000000e+00
0.000000000000000000e+00
0.000000000000000000e+00
0.000000000000000000e+00
0.000000000000000000e+00
0.000000000000000000e+00
0.000000000000000000e+00
0.000000000000000000e+00
0.000000000000000000e+00
0.000000000000000000e+00
0.000000000000000000e+00
0.000000000000000000e+00
0.000000000000000000e+00
0.000000000000000000e+00
0.000000000000000000e+00
0.000000000000000000e+00
7.632983236317334885e+00
4.569863437282231544e+00
4.558922987400940485e+00
0.000000000000000000e+00
0.000000000000000000e+00
0.000000000000000000e+00
0.000000000000000000e+00
0.000000000000000000e+00
0.000000000000000000e+00
0.000000000000000000e+00
0.000000000000000000e+00
0.000000000000000000e+00
0.000000000000000000e+00
0.000000000000000000e+00
0.000000000000000000e+00
0.000000000000000000e+00
0.000000000000000000e+00
0.000000000000000000e+00
0.000000000000000000e+00
0.000000000000000000e+00
0.000000000000000000e+00
0.000000000000000000e+00
0.000000000000000000e+00
0.000000000000000000e+00
0.000000000000000000e+00
0.000000000000000000e+00
0.000000000000000000e+00
0.000000000000000000e+00
0.000000000000000000e+00
0.000000000000000000e+00
0.000000000000000000e+00
0.000000000000000000e+00
0.000000000000000000e+00
0.000000000000000000e+00
0.000000000000000000e+00
0.000000000000000000e+00
0.000000000000000000e+00
3.812848507827046318e-02
0.000000000000000000e+00
0.000000000000000000e+00
2.441401399378937635e-03
0.000000000000000000e+00
0.000000000000000000e+00
0.000000000000000000e+00
0.000000000000000000e+00
0.000000000000000000e+00
0.000000000000000000e+00
0.000000000000000000e+00
0.000000000000000000e+00
0.000000000000000000e+00
0.000000000000000000e+00
0.000000000000000000e+00
0.000000000000000000e+00
0.000000000000000000e+00
0.000000000000000000e+00
0.000000000000000000e+00
0.000000000000000000e+00
0.000000000000000000e+00
0.000000000000000000e+00
0.000000000000000000e+00
4.588816971396429523e+00
3.053193294526933776e+00
3.046575624854821029e+00
3.039281991600626842e+00
0.000000000000000000e+00
1.511150001924220776e+00
0.000000000000000000e+00
0.000000000000000000e+00
0.000000000000000000e+00
0.000000000000000000e+00
1.479865982045772466e+00
0.000000000000000000e+00
0.000000000000000000e+00
1.450024003277625040e+00
0.000000000000000000e+00
0.000000000000000000e+00
0.000000000000000000e+00
0.000000000000000000e+00
0.000000000000000000e+00
0.000000000000000000e+00
0.000000000000000000e+00
0.000000000000000000e+00
0.000000000000000000e+00
0.000000000000000000e+00
0.000000000000000000e+00
0.000000000000000000e+00
0.000000000000000000e+00
0.000000000000000000e+00
0.000000000000000000e+00
0.000000000000000000e+00
0.000000000000000000e+00
0.000000000000000000e+00
0.000000000000000000e+00
0.000000000000000000e+00
0.000000000000000000e+00
0.000000000000000000e+00
0.000000000000000000e+00
0.000000000000000000e+00
0.000000000000000000e+00
0.000000000000000000e+00
1.647911925302061528e-02
0.000000000000000000e+00
9.155273153282920875e-04
0.000000000000000000e+00
0.000000000000000000e+00
0.000000000000000000e+00
0.000000000000000000e+00
0.000000000000000000e+00
0.000000000000000000e+00
0.000000000000000000e+00
0.000000000000000000e+00
0.000000000000000000e+00
0.000000000000000000e+00
0.000000000000000000e+00
0.000000000000000000e+00
0.000000000000000000e+00
0.000000000000000000e+00
0.000000000000000000e+00
0.000000000000000000e+00
0.000000000000000000e+00
0.000000000000000000e+00
3.064695931934130702e+00
3.059211314264286496e+00
3.053193294526933776e+00
0.000000000000000000e+00
0.000000000000000000e+00
0.000000000000000000e+00
0.000000000000000000e+00
0.000000000000000000e+00
0.000000000000000000e+00
0.000000000000000000e+00
0.000000000000000000e+00
0.000000000000000000e+00
0.000000000000000000e+00
0.000000000000000000e+00
0.000000000000000000e+00
0.000000000000000000e+00
0.000000000000000000e+00
1.405830553902068791e+00
0.000000000000000000e+00
0.000000000000000000e+00
0.000000000000000000e+00
0.000000000000000000e+00
0.000000000000000000e+00
0.000000000000000000e+00
0.000000000000000000e+00
0.000000000000000000e+00
0.000000000000000000e+00
0.000000000000000000e+00
0.000000000000000000e+00
0.000000000000000000e+00
6.971348588680905678e-01
0.000000000000000000e+00
0.000000000000000000e+00
0.000000000000000000e+00
0.000000000000000000e+00
0.000000000000000000e+00
0.000000000000000000e+00
0.000000000000000000e+00
0.000000000000000000e+00
0.000000000000000000e+00
1.952876704141370823e-02
0.000000000000000000e+00
4.882802798757875269e-03
3.051757717760973806e-04
0.000000000000000000e+00
0.000000000000000000e+00
0.000000000000000000e+00
0.000000000000000000e+00
0.000000000000000000e+00
0.000000000000000000e+00
0.000000000000000000e+00
0.000000000000000000e+00
0.000000000000000000e+00
0.000000000000000000e+00
0.000000000000000000e+00
0.000000000000000000e+00
0.000000000000000000e+00
0.000000000000000000e+00
0.000000000000000000e+00
0.000000000000000000e+00
0.000000000000000000e+00
0.000000000000000000e+00
3.069704835568876078e+00
1.532347965967065351e+00
1.529605657132143248e+00
0.000000000000000000e+00
0.000000000000000000e+00
0.000000000000000000e+00
0.000000000000000000e+00
0.000000000000000000e+00
0.000000000000000000e+00
0.000000000000000000e+00
0.000000000000000000e+00
0.000000000000000000e+00
0.000000000000000000e+00
0.000000000000000000e+00
0.000000000000000000e+00
0.000000000000000000e+00
0.000000000000000000e+00
0.000000000000000000e+00
0.000000000000000000e+00
0.000000000000000000e+00
0.000000000000000000e+00
0.000000000000000000e+00
0.000000000000000000e+00
0.000000000000000000e+00
0.000000000000000000e+00
0.000000000000000000e+00
0.000000000000000000e+00
0.000000000000000000e+00
0.000000000000000000e+00
0.000000000000000000e+00
0.000000000000000000e+00
0.000000000000000000e+00
0.000000000000000000e+00
0.000000000000000000e+00
0.000000000000000000e+00
0.000000000000000000e+00
0.000000000000000000e+00
0.000000000000000000e+00
0.000000000000000000e+00
0.000000000000000000e+00
3.812848507827046318e-02
0.000000000000000000e+00
0.000000000000000000e+00
2.441401399378937635e-03
3.051757717760973806e-04
0.000000000000000000e+00
0.000000000000000000e+00
0.000000000000000000e+00
0.000000000000000000e+00
0.000000000000000000e+00
0.000000000000000000e+00
0.000000000000000000e+00
0.000000000000000000e+00
0.000000000000000000e+00
0.000000000000000000e+00
0.000000000000000000e+00
0.000000000000000000e+00
0.000000000000000000e+00
0.000000000000000000e+00
0.000000000000000000e+00
0.000000000000000000e+00
0.000000000000000000e+00
0.000000000000000000e+00
1.537144204738476017e+00
1.534852417784438039e+00
0.000000000000000000e+00
1.529605657132143248e+00
0.000000000000000000e+00
0.000000000000000000e+00
0.000000000000000000e+00
0.000000000000000000e+00
0.000000000000000000e+00
0.000000000000000000e+00
0.000000000000000000e+00
0.000000000000000000e+00
0.000000000000000000e+00
0.000000000000000000e+00
0.000000000000000000e+00
0.000000000000000000e+00
0.000000000000000000e+00
0.000000000000000000e+00
0.000000000000000000e+00
0.000000000000000000e+00
0.000000000000000000e+00
0.000000000000000000e+00
0.000000000000000000e+00
0.000000000000000000e+00
0.000000000000000000e+00
0.000000000000000000e+00
0.000000000000000000e+00
0.000000000000000000e+00
1.058888938575228922e+00
0.000000000000000000e+00
0.000000000000000000e+00
0.000000000000000000e+00
0.000000000000000000e+00
0.000000000000000000e+00
0.000000000000000000e+00
0.000000000000000000e+00
0.000000000000000000e+00
0.000000000000000000e+00
0.000000000000000000e+00
0.000000000000000000e+00
0.000000000000000000e+00
0.000000000000000000e+00
0.000000000000000000e+00
0.000000000000000000e+00
2.441401399378937635e-03
0.000000000000000000e+00
0.000000000000000000e+00
