# pd_vector
0.000000000000000000e+00
0.000000000000000000e+00
0.000000000000000000e+00
0.000000000000000000e+00
0.000000000000000000e+00
0.000000000000000000e+00
0.000000000000000000e+00
0.000000000000000000e+00
0.000000000000000000e+00
0.000000000000000000e+00
0.000000000000000000e+00
0.000000000000000000e+00
0.000000000000000000e+00
5.187988120193655524e-03
0.000000000000000000e+00
0.000000000000000000e+00
0.000000000000000000e+00
0.000000000000000000e+00
0.000000000000000000e+00
3.875732301556436554e-02
0.000000000000000000e+00
0.000000000000000000e+00
0.000000000000000000e+00
0.000000000000000000e+00
0.000000000000000000e+00
0.000000000000000000e+00
5.798339663745850636e-01
0.000000000000000000e+00
0.000000000000000000e+00
0.000000000000000000e+00
0.000000000000000000e+00
0.000000000000000000e+00
0.000000000000000000e+00
0.000000000000000000e+00
1.456909134459088984e+00
0.000000000000000000e+00
0.000000000000000000e+00
0.000000000000000000e+00
0.000000000000000000e+00
0.000000000000000000e+00
0.000000000000000000e+00
0.000000000000000000e+00
4.321280476900719592e-01
5.528564281495779831e+00
0.000000000000000000e+00
0.000000000000000000e+00
0.000000000000000000e+00
0.000000000000000000e+00
0.000000000000000000e+00
0.000000000000000000e+00
0.000000000000000000e+00
8.239559626510307641e-03
1.887203281719918690e+00
8.779601778226545861e+00
0.000000000000000000e+00
0.000000000000000000e+00
0.000000000000000000e+00
0.000000000000000000e+00
0.000000000000000000e+00
0.000000000000000000e+00
0.000000000000000000e+00
0.000000000000000000e+00
5.438109353496802800e-01
3.945304661396363155e+00
9.772033388042414614e+00
0.000000000000000000e+00
0.000000000000000000e+00
0.000000000000000000e+00
0.000000000000000000e+00
0.000000000000000000e+00
0.000000000000000000e+00
0.000000000000000000e+00
0.000000000000000000e+00
7.811506816565483291e-02
1.680870163808102724e+00
6.750474869282762747e+00
1.006835906243700407e+01
0.000000000000000000e+00
0.000000000000000000e+00
0.000000000000000000e+00
0.000000000000000000e+00
0.000000000000000000e+00
0.000000000000000000e+00
0.000000000000000000e+00
0.000000000000000000e+00
0.000000000000000000e+00
5.468054771595838304e-01
3.864353464833334417e+00
9.401836789008289230e+00
9.818114929580604056e+00
0.000000000000000000e+00
0.000000000000000000e+00
0.000000000000000000e+00
0.000000000000000000e+00
0.000000000000000000e+00
0.000000000000000000e+00
0.000000000000000000e+00
0.000000000000000000e+00
0.000000000000000000e+00
7.625697015654092636e-02
2.030991772307025656e+00
8.783370561859987546e+00
1.247556115082637085e+01
9.329833694738848493e+00
0.000000000000000000e+00
0.000000000000000000e+00
0.000000000000000000e+00
0.000000000000000000e+00
0.000000000000000000e+00
0.000000000000000000e+00
0.000000000000000000e+00
0.000000000000000000e+00
0.000000000000000000e+00
1.316454835561858550e-01
9.532121269567616073e-01
7.635747913192759917e+00
1.489712380473063646e+01
1.379880070928975577e+01
8.437499738065540100e+00
0.000000000000000000e+00
0.000000000000000000e+00
0.000000000000000000e+00
0.000000000000000000e+00
0.000000000000000000e+00
0.000000000000000000e+00
0.000000000000000000e+00
0.000000000000000000e+00
0.000000000000000000e+00
0.000000000000000000e+00
2.632909671123717099e-01
4.994831545253430427e+00
1.657992321816023917e+01
2.033523315822743882e+01
1.445065488292393141e+01
7.318420182962591447e+00
0.000000000000000000e+00
0.000000000000000000e+00
0.000000000000000000e+00
0.000000000000000000e+00
0.000000000000000000e+00
0.000000000000000000e+00
0.000000000000000000e+00
0.000000000000000000e+00
0.000000000000000000e+00
0.000000000000000000e+00
0.000000000000000000e+00
3.291137088904646291e+00
1.456508129989931710e+01
2.548504098904489013e+01
2.367225480696411211e+01
1.388180835686863901e+01
6.191100882021687291e+00
0.000000000000000000e+00
0.000000000000000000e+00
0.000000000000000000e+00
0.000000000000000000e+00
0.000000000000000000e+00
0.000000000000000000e+00
0.000000000000000000e+00
0.000000000000000000e+00
0.000000000000000000e+00
0.000000000000000000e+00
1.549967419239409727e-01
2.085909612770174615e+00
1.158480255294435501e+01
2.741438077127646267e+01
3.056252041981245426e+01
2.419134706343426444e+01
1.240964331304314072e+01
5.144347984829673592e+00
0.000000000000000000e+00
0.000000000000000000e+00
0.000000000000000000e+00
0.000000000000000000e+00
0.000000000000000000e+00
0.000000000000000000e+00
0.000000000000000000e+00
0.000000000000000000e+00
0.000000000000000000e+00
0.000000000000000000e+00
0.000000000000000000e+00
7.749837096197048636e-01
1.084672998640490782e+01
2.599998300234670623e+01
3.953923902616647013e+01
3.263256972620230556e+01
2.172771873510768259e+01
1.046872920053688460e+01
4.190063346485817242e+00
0.000000000000000000e+00
0.000000000000000000e+00
0.000000000000000000e+00
0.000000000000000000e+00
0.000000000000000000e+00
0.000000000000000000e+00
0.000000000000000000e+00
0.000000000000000000e+00
0.000000000000000000e+00
0.000000000000000000e+00
0.000000000000000000e+00
0.000000000000000000e+00
9.764794741208280726e+00
2.398796054685700696e+01
4.232402296331375169e+01
4.178881964578442876e+01
3.208576424904272528e+01
1.879443550807001273e+01
8.581525918816966580e+00
3.414306534630977552e+00
0.000000000000000000e+00
0.000000000000000000e+00
0.000000000000000000e+00
0.000000000000000000e+00
0.000000000000000000e+00
0.000000000000000000e+00
0.000000000000000000e+00
0.000000000000000000e+00
0.000000000000000000e+00
0.000000000000000000e+00
0.000000000000000000e+00
5.923968549451349430e-01
4.597068994659522900e+00
2.324951128859114746e+01
4.578571600030532807e+01
5.088097939446583240e+01
4.236074692195848712e+01
2.706687111939940138e+01
1.568812152887562661e+01
7.309555789740539211e+00
2.761230383030129243e+00
0.000000000000000000e+00
0.000000000000000000e+00
0.000000000000000000e+00
0.000000000000000000e+00
0.000000000000000000e+00
0.000000000000000000e+00
0.000000000000000000e+00
0.000000000000000000e+00
0.000000000000000000e+00
0.000000000000000000e+00
0.000000000000000000e+00
3.858302793476471870e-01
3.554381129670809436e+00
2.035844840492074681e+01
4.386407796447529250e+01
6.382883415076734224e+01
5.410629374159238836e+01
3.831912750366181797e+01
2.271195606916414178e+01
1.263124490744030126e+01
5.666492647958514262e+00
2.130432062768935708e+00
0.000000000000000000e+00
0.000000000000000000e+00
0.000000000000000000e+00
0.000000000000000000e+00
0.000000000000000000e+00
0.000000000000000000e+00
0.000000000000000000e+00
0.000000000000000000e+00
0.000000000000000000e+00
0.000000000000000000e+00
0.000000000000000000e+00
4.852825635592212805e-01
1.543321117390588748e+00
1.599471508351864379e+01
4.662741408868944859e+01
7.083351105924101887e+01
6.581044828289900295e+01
4.587845101933076819e+01
3.305739656286048955e+01
1.913819170058543406e+01
9.805075955547266631e+00
4.443350546869666573e+00
1.699523873021086207e+00
0.000000000000000000e+00
0.000000000000000000e+00
0.000000000000000000e+00
0.000000000000000000e+00
0.000000000000000000e+00
0.000000000000000000e+00
0.000000000000000000e+00
0.000000000000000000e+00
0.000000000000000000e+00
0.000000000000000000e+00
0.000000000000000000e+00
0.000000000000000000e+00
1.455847690677663842e+00
1.003158726303882631e+01
3.909819242637890824e+01
7.267747172509341169e+01
8.059830580044931025e+01
5.767540079309532786e+01
3.909870861618719573e+01
2.600362682338045417e+01
1.392401090052797485e+01
7.687509131534117301e+00
3.540032029099459354e+00
1.371154742590005471e+00
0.000000000000000000e+00
0.000000000000000000e+00
0.000000000000000000e+00
0.000000000000000000e+00
0.000000000000000000e+00
0.000000000000000000e+00
0.000000000000000000e+00
0.000000000000000000e+00
0.000000000000000000e+00
0.000000000000000000e+00
0.000000000000000000e+00
0.000000000000000000e+00
5.906318823794730610e-01
7.279238453388319208e+00
4.051217933150295636e+01
7.108762259341619938e+01
7.902580509867085823e+01
7.548341331695925760e+01
5.371217252883199222e+01
3.389871201571785519e+01
1.879734314358733727e+01
1.218595063384215393e+01
6.220867518015282371e+00
2.792963200889504449e+00
1.080322232087384648e+00
0.000000000000000000e+00
0.000000000000000000e+00
0.000000000000000000e+00
0.000000000000000000e+00
0.000000000000000000e+00
0.000000000000000000e+00
0.000000000000000000e+00
0.000000000000000000e+00
0.000000000000000000e+00
0.000000000000000000e+00
0.000000000000000000e+00
0.000000000000000000e+00
1.394269717736181136e+00
4.725055059035784488e+00
2.571997586863872698e+01
6.443365665105707762e+01
9.122911566155077878e+01
7.661781657765871500e+01
5.858876844724968436e+01
4.025805552646436780e+01
2.461770542500675418e+01
1.532765100146472648e+01
8.944175304967478368e+00
4.737746785243427183e+00
2.167964442648496526e+00
8.593749733214902653e-01
0.000000000000000000e+00
0.000000000000000000e+00
0.000000000000000000e+00
0.000000000000000000e+00
0.000000000000000000e+00
0.000000000000000000e+00
0.000000000000000000e+00
0.000000000000000000e+00
0.000000000000000000e+00
0.000000000000000000e+00
0.000000000000000000e+00
0.000000000000000000e+00
0.000000000000000000e+00
2.091404576604271703e+00
2.421590717755839606e+01
6.454258095337642942e+01
7.639439531083414181e+01
8.826713138682511328e+01
6.720477054097493408e+01
4.959895741566111127e+01
2.784689333048183002e+01
2.033922720943071383e+01
1.235362916535962974e+01
7.088942436033176087e+00
4.029144657363540105e+00
1.743160599156561519e+00
6.576537881774898731e-01
0.000000000000000000e+00
0.000000000000000000e+00
0.000000000000000000e+00
0.000000000000000000e+00
0.000000000000000000e+00
0.000000000000000000e+00
0.000000000000000000e+00
0.000000000000000000e+00
0.000000000000000000e+00
0.000000000000000000e+00
0.000000000000000000e+00
0.000000000000000000e+00
8.960553845713439269e-01
3.200640049425022671e+00
1.673123661283417363e+01
5.197560564939362848e+01
8.880670913133749877e+01
9.298509732278297690e+01
7.079142416594362430e+01
5.822954059902063051e+01
3.301430602979942819e+01
2.492661987260358458e+01
1.461264867473662932e+01
9.188964903863181988e+00
5.253238334140287513e+00
3.048637061808813886e+00
1.354977776655310384e+00
5.337524248363942903e-01
0.000000000000000000e+00
0.000000000000000000e+00
0.000000000000000000e+00
0.000000000000000000e+00
0.000000000000000000e+00
0.000000000000000000e+00
0.000000000000000000e+00
0.000000000000000000e+00
0.000000000000000000e+00
0.000000000000000000e+00
0.000000000000000000e+00
0.000000000000000000e+00
0.000000000000000000e+00
2.688166153714031559e+00
1.200240018534383424e+01
5.925646300378770093e+01
9.509173306309516249e+01
8.589501374998216932e+01
7.678022559018178583e+01
5.775869335715065489e+01
3.502528757835827378e+01
2.712442983668967145e+01
2.044191420514771096e+01
1.125568884405389092e+01
6.977512769323494624e+00
3.944810942365569062e+00
2.513065686085643957e+00
1.123044643714311341e+00
4.116821161259553441e-01
0.000000000000000000e+00
0.000000000000000000e+00
0.000000000000000000e+00
0.000000000000000000e+00
0.000000000000000000e+00
0.000000000000000000e+00
0.000000000000000000e+00
0.000000000000000000e+00
0.000000000000000000e+00
0.000000000000000000e+00
0.000000000000000000e+00
0.000000000000000000e+00
0.000000000000000000e+00
2.947761236064930124e+00
1.344083076857015868e+01
3.600720055603150627e+01
9.202180137058795140e+01
8.682288670978253720e+01
9.705651271184424900e+01
5.864620246084237465e+01
3.435901758681782781e+01
2.714459787322766005e+01
1.952958948241656145e+01
1.199398027342850348e+01
8.162019980483522730e+00
4.842317604940348907e+00
3.612821902661536022e+00
1.573755888663468827e+00
8.520490883832492202e-01
3.253173727133197857e-01
0.000000000000000000e+00
0.000000000000000000e+00
0.000000000000000000e+00
0.000000000000000000e+00
0.000000000000000000e+00
0.000000000000000000e+00
0.000000000000000000e+00
0.000000000000000000e+00
0.000000000000000000e+00
0.000000000000000000e+00
0.000000000000000000e+00
0.000000000000000000e+00
0.000000000000000000e+00
0.000000000000000000e+00
7.860696629506479738e+00
3.136193845999703811e+01
8.801760135918812011e+01
9.550747566492840690e+01
9.095730988643884984e+01
5.580749480931044815e+01
4.514214268367472016e+01
2.843504903736647549e+01
2.320425302066235673e+01
1.410470351507862929e+01
9.908070660658328421e+00
4.475946440910319346e+00
4.804189119862078527e+00
2.109106840472680489e+00
1.359527338374200811e+00
6.860337932254815252e-01
2.685546791629657148e-01
0.000000000000000000e+00
0.000000000000000000e+00
0.000000000000000000e+00
0.000000000000000000e+00
0.000000000000000000e+00
0.000000000000000000e+00
0.000000000000000000e+00
0.000000000000000000e+00
0.000000000000000000e+00
0.000000000000000000e+00
0.000000000000000000e+00
0.000000000000000000e+00
0.000000000000000000e+00
1.125116986457390666e+00
2.117777877150457844e+00
3.733830899015578098e+01
7.437259691942153950e+01
8.481696130976310144e+01
6.971348588680905323e+01
6.496950706174203560e+01
5.289579942795511869e+01
3.125225262715942165e+01
2.191868363296999433e+01
1.160212651033117837e+01
7.904833838120989498e+00
7.404979125334119949e+00
4.475946440910319346e+00
2.859636380870284711e+00
1.699002732602992616e+00
9.228306781691544280e-01
4.956044840739243229e-01
1.995849547415676772e-01
0.000000000000000000e+00
0.000000000000000000e+00
0.000000000000000000e+00
0.000000000000000000e+00
0.000000000000000000e+00
0.000000000000000000e+00
0.000000000000000000e+00
0.000000000000000000e+00
0.000000000000000000e+00
0.000000000000000000e+00
0.000000000000000000e+00
0.000000000000000000e+00
0.000000000000000000e+00
0.000000000000000000e+00
4.500467945829562666e+00
2.223666771007980714e+01
7.664179213768817078e+01
7.795681845770691609e+01
8.641728133447561788e+01
6.204500243926005965e+01
3.957233611942469764e+01
3.057280150423094156e+01
1.813402312933941829e+01
1.362512766373810358e+01
7.661781657765872389e+00
7.749837096197048858e+00
4.693296628732892550e+00
3.027846121792274747e+00
2.325837589774498060e+00
1.542772596271682950e+00
7.415603663859277050e-01
4.101554350956615469e-01
1.632690379002121051e-01
0.000000000000000000e+00
0.000000000000000000e+00
0.000000000000000000e+00
0.000000000000000000e+00
0.000000000000000000e+00
0.000000000000000000e+00
0.000000000000000000e+00
0.000000000000000000e+00
0.000000000000000000e+00
0.000000000000000000e+00
0.000000000000000000e+00
0.000000000000000000e+00
0.000000000000000000e+00
0.000000000000000000e+00
3.546124740737781611e+00
9.000935891659125332e+00
6.035666949878805099e+01
8.155472753112972839e+01
7.437259691942153950e+01
6.001200092671917474e+01
4.670803554416206538e+01
2.894096223659418143e+01
2.038186766948729201e+01
1.659070201194882799e+01
1.155173867143013133e+01
9.850862131413263612e+00
3.874918548098524429e+00
3.858932783624823060e+00
2.435441445789438220e+00
1.601396373287359509e+00
8.787945168636168702e-01
8.239559626510307710e-01
3.271477875167776439e-01
1.358032184403633325e-01
0.000000000000000000e+00
0.000000000000000000e+00
0.000000000000000000e+00
0.000000000000000000e+00
0.000000000000000000e+00
0.000000000000000000e+00
0.000000000000000000e+00
0.000000000000000000e+00
0.000000000000000000e+00
0.000000000000000000e+00
0.000000000000000000e+00
0.000000000000000000e+00
0.000000000000000000e+00
0.000000000000000000e+00
1.230715447488967884e+00
1.182041580245927292e+01
3.825397753955128621e+01
6.776889206881465100e+01
7.664179213768817078e+01
7.168443076570751771e+01
3.520704054367524805e+01
2.927966407245980207e+01
1.949085211852261068e+01
1.795545485169118649e+01
1.350405977716765094e+01
8.885952824177024922e+00
6.129425326212698089e+00
5.114892483490051767e+00
2.920273457878244550e+00
3.027846121792274747e+00
1.601396373287359509e+00
9.373808179878579949e-01
6.344460912412936970e-01
2.685541539316831372e-01
1.126098597853799343e-01
0.000000000000000000e+00
0.000000000000000000e+00
0.000000000000000000e+00
0.000000000000000000e+00
0.000000000000000000e+00
0.000000000000000000e+00
0.000000000000000000e+00
0.000000000000000000e+00
0.000000000000000000e+00
0.000000000000000000e+00
0.000000000000000000e+00
0.000000000000000000e+00
0.000000000000000000e+00
0.000000000000000000e+00
2.544510319364658990e+00
1.107643902740071162e+01
4.018941372836152226e+01
7.088237014681561732e+01
5.612111374448713264e+01
5.109452809179212096e+01
3.494615999828241115e+01
2.240448034597515914e+01
2.300545034264698785e+01
1.653769270662524704e+01
1.116149896186209034e+01
9.645756983691180508e+00
3.850579557143376963e+00
3.064712663106349044e+00
3.254931580402760538e+00
1.877318651493157020e+00
1.843036769786601914e+00
1.296368492661195804e+00
6.444493123666523715e-01
3.707801831929638525e-01
2.050777175478307734e-01
8.422851301020287118e-02
0.000000000000000000e+00
0.000000000000000000e+00
0.000000000000000000e+00
0.000000000000000000e+00
0.000000000000000000e+00
0.000000000000000000e+00
0.000000000000000000e+00
0.000000000000000000e+00
0.000000000000000000e+00
0.000000000000000000e+00
0.000000000000000000e+00
0.000000000000000000e+00
0.000000000000000000e+00
0.000000000000000000e+00
0.000000000000000000e+00
6.361275798411647031e+00
2.338359350229038824e+01
6.619432849377191985e+01
5.288049836349735955e+01
5.082666905161099180e+01
3.340796067540254199e+01
2.508955076799762907e+01
2.080416032126264625e+01
2.230831548377889817e+01
1.063137388283051443e+01
9.220368707625205218e+00
6.559114748910002568e+00
5.627770121978781681e+00
4.378160947294784222e+00
1.859960903087291673e+00
2.190205093408683190e+00
1.777214028008509139e+00
5.337987910957864290e-01
4.296328749111015810e-01
3.543010639399432060e-01
1.879879077521781905e-01
7.446288831336776715e-02
0.000000000000000000e+00
0.000000000000000000e+00
0.000000000000000000e+00
0.000000000000000000e+00
0.000000000000000000e+00
0.000000000000000000e+00
0.000000000000000000e+00
0.000000000000000000e+00
0.000000000000000000e+00
0.000000000000000000e+00
0.000000000000000000e+00
0.000000000000000000e+00
0.000000000000000000e+00
0.000000000000000000e+00
2.676109630080143464e+00
2.615439313590881110e+00
3.307863415174056598e+01
4.184432521462490939e+01
4.846370479008301402e+01
5.063026439058258177e+01
2.541333452580549590e+01
1.572139325901295948e+01
1.881716307599822358e+01
1.040208016063132312e+01
1.045702288302135941e+01
4.725055059035784488e+00
4.367543072032991525e+00
5.015793631519413154e+00
3.850579557143376963e+00
1.970172426282652767e+00
1.394970677315468865e+00
1.251545767662104680e+00
1.053163868449486840e+00
8.006981866436797546e-01
3.905753408282741646e-01
2.307076695422886070e-01
1.123044643714311286e-01
5.645751777857801329e-02
0.000000000000000000e+00
0.000000000000000000e+00
0.000000000000000000e+00
0.000000000000000000e+00
0.000000000000000000e+00
0.000000000000000000e+00
0.000000000000000000e+00
0.000000000000000000e+00
0.000000000000000000e+00
0.000000000000000000e+00
0.000000000000000000e+00
0.000000000000000000e+00
0.000000000000000000e+00
0.000000000000000000e+00
0.000000000000000000e+00
2.676109630080143464e+00
2.353895382231792865e+01
6.234050282443414659e+01
6.645863416440425908e+01
4.018941372836152226e+01
2.925304164789215733e+01
2.011888983292934796e+01
2.161691573114281795e+01
8.960553845713439713e+00
8.001600123562557343e+00
4.182809153208543407e+00
4.134423176656311760e+00
3.882260508473770244e+00
2.700811955433530365e+00
2.665785847253107299e+00
1.970172426282652767e+00
2.014957645011232756e+00
1.564432209577630850e+00
5.265819342247434198e-01
4.956703060175160491e-01
3.905753408282741646e-01
1.812703117832267785e-01
9.521465457577857339e-02
4.272460804865363393e-02
0.000000000000000000e+00
0.000000000000000000e+00
0.000000000000000000e+00
0.000000000000000000e+00
0.000000000000000000e+00
0.000000000000000000e+00
0.000000000000000000e+00
0.000000000000000000e+00
0.000000000000000000e+00
0.000000000000000000e+00
0.000000000000000000e+00
0.000000000000000000e+00
0.000000000000000000e+00
0.000000000000000000e+00
1.386476391214087167e+00
4.092230757004260866e+00
2.274693185568121834e+01
4.315474867424953942e+01
5.470697186634016873e+01
4.184432521462490939e+01
2.009470686418076113e+01
1.237628685103129733e+01
1.376555620147797576e+01
1.768656741638957897e+01
3.584221538285375708e+00
4.800960074137534228e+00
5.577078870944724542e+00
5.315686941415257216e+00
4.852825635592212805e+00
3.086642234781177496e+00
1.184793709890269886e+00
1.313448284188435178e+00
1.084977193467586698e+00
1.147250287023596105e+00
1.316454835561858550e-01
3.431563657044341964e-01
3.124602726626193316e-01
1.071142751446339941e-01
7.812484478012600431e-02
2.990722563405754167e-02
0.000000000000000000e+00
0.000000000000000000e+00
0.000000000000000000e+00
0.000000000000000000e+00
0.000000000000000000e+00
0.000000000000000000e+00
0.000000000000000000e+00
0.000000000000000000e+00
0.000000000000000000e+00
0.000000000000000000e+00
0.000000000000000000e+00
0.000000000000000000e+00
0.000000000000000000e+00
0.000000000000000000e+00
0.000000000000000000e+00
1.386476391214087167e+00
1.364076919001420052e+01
3.211331556096172335e+01
2.876983244949969176e+01
2.671735835332891895e+01
1.969144715982348615e+01
1.063837422221334528e+01
1.012605287811651600e+01
7.412222570026602675e+00
6.878109550818169993e+00
4.480276922856719857e+00
3.200640049425022671e+00
4.182809153208543407e+00
5.906318823794730610e-01
3.882260508473770244e+00
1.543321117390588748e+00
8.885952824177023590e-01
1.532356331553174522e+00
6.199869676957638909e-01
4.171819225540349119e-01
3.949364506685575371e-01
4.575418209392455582e-01
2.148164374555507905e-01
1.235933943976546129e-01
5.371083078633662883e-02
2.563476482919218105e-02
0.000000000000000000e+00
0.000000000000000000e+00
0.000000000000000000e+00
0.000000000000000000e+00
0.000000000000000000e+00
0.000000000000000000e+00
0.000000000000000000e+00
0.000000000000000000e+00
0.000000000000000000e+00
0.000000000000000000e+00
0.000000000000000000e+00
0.000000000000000000e+00
0.000000000000000000e+00
0.000000000000000000e+00
0.000000000000000000e+00
2.811661107804137583e+00
9.705334738498610392e+00
4.501453832704686420e+01
4.147969926624222126e+01
3.007755210629513343e+01
1.399480675650562489e+01
8.615008132422774523e+00
8.274291061721489982e+00
3.375350959372171999e+00
2.117777877150457844e+00
3.930348314753239869e+00
1.792110769142687854e+00
1.600320024712511335e+00
1.394269717736181136e+00
1.771895647138419072e+00
1.455847690677663842e+00
1.929151396738235880e+00
1.184793709890269886e+00
8.756321894589568222e-01
1.084977193467586698e+00
3.128864419155261700e-01
3.949364506685575371e-01
2.668993955478932145e-01
1.171726022484822494e-01
1.318329540241649223e-01
4.882802798757875096e-02
2.471923751386388701e-02
0.000000000000000000e+00
0.000000000000000000e+00
0.000000000000000000e+00
0.000000000000000000e+00
0.000000000000000000e+00
0.000000000000000000e+00
0.000000000000000000e+00
0.000000000000000000e+00
0.000000000000000000e+00
0.000000000000000000e+00
0.000000000000000000e+00
0.000000000000000000e+00
0.000000000000000000e+00
0.000000000000000000e+00
0.000000000000000000e+00
2.845238559429585923e+00
2.811661107804137583e+00
3.604838617156626412e+01
3.000969221803124398e+01
2.140887704064114772e+01
1.700035553834072743e+01
3.816765479046988485e+00
7.384292684933807749e+00
7.092249481475563222e+00
7.875818905201734665e+00
3.176666815725686988e+00
3.930348314753239869e+00
2.688166153714031559e+00
3.200640049425022671e+00
1.394269717736181136e+00
2.953159411897365416e+00
2.911695381355327683e+00
3.858302793476471870e-01
8.885952824177023590e-01
8.756321894589568222e-01
6.199869676957638909e-01
6.257728838310523400e-01
1.974682253342787686e-01
1.525139403130818527e-01
1.367013692898959576e-01
9.887471551812368475e-02
5.371083078633662883e-02
1.739501899123755205e-02
0.000000000000000000e+00
0.000000000000000000e+00
0.000000000000000000e+00
0.000000000000000000e+00
0.000000000000000000e+00
0.000000000000000000e+00
0.000000000000000000e+00
0.000000000000000000e+00
0.000000000000000000e+00
0.000000000000000000e+00
0.000000000000000000e+00
0.000000000000000000e+00
0.000000000000000000e+00
0.000000000000000000e+00
1.450024003277625040e+00
0.000000000000000000e+00
1.991666991600710190e+01
2.952244163194344395e+01
2.634305143306765729e+01
1.500484610901562199e+01
2.007082222560107709e+01
1.176947691115896433e+01
7.633530958093976970e+00
2.461430894977935768e+00
7.092249481475563222e+00
3.375350959372171999e+00
6.353333631451373975e+00
9.825870786883099672e-01
8.960553845713439269e-01
5.601120086493789785e+00
2.091404576604271703e+00
1.181263764758946122e+00
9.705651271184425610e-01
7.716605586952943741e-01
2.961984274725674715e-01
4.378160947294784111e-01
3.099934838478819454e-01
5.214774031925436537e-01
6.582274177809292748e-02
3.812848507827046318e-02
1.562301363313096658e-01
4.943735775906184238e-02
6.103503498447344217e-02
1.800537053478974692e-02
0.000000000000000000e+00
0.000000000000000000e+00
0.000000000000000000e+00
0.000000000000000000e+00
0.000000000000000000e+00
0.000000000000000000e+00
0.000000000000000000e+00
0.000000000000000000e+00
0.000000000000000000e+00
0.000000000000000000e+00
0.000000000000000000e+00
0.000000000000000000e+00
0.000000000000000000e+00
0.000000000000000000e+00
0.000000000000000000e+00
0.000000000000000000e+00
7.186202338178836690e+00
2.702976631458106738e+01
3.092827218584551474e+01
1.247828752092678428e+01
1.091261535201136113e+01
9.366383705280501459e+00
1.046175725436352444e+01
1.272255159682329495e+00
3.692146342466903874e+00
3.546124740737781611e+00
1.125116986457390666e+00
2.117777877150457844e+00
2.947761236064930124e+00
8.960553845713439269e-01
1.600320024712511335e+00
1.394269717736181136e+00
5.906318823794730610e-01
1.941130254236885122e+00
7.716605586952943741e-01
8.885952824177023590e-01
4.378160947294784111e-01
3.099934838478819454e-01
2.085909612770174559e-01
6.582274177809292748e-02
1.143854552348113895e-01
7.811506816565483291e-02
1.647911925302061528e-02
9.765605597515750538e-03
1.434326127347657770e-02
0.000000000000000000e+00
0.000000000000000000e+00
0.000000000000000000e+00
0.000000000000000000e+00
0.000000000000000000e+00
0.000000000000000000e+00
0.000000000000000000e+00
0.000000000000000000e+00
0.000000000000000000e+00
0.000000000000000000e+00
0.000000000000000000e+00
0.000000000000000000e+00
0.000000000000000000e+00
0.000000000000000000e+00
0.000000000000000000e+00
0.000000000000000000e+00
2.900048006555250080e+00
2.587032841744381173e+01
2.560714703486627286e+01
1.405830553902068836e+01
2.772952782428174334e+00
8.184461514008521732e+00
5.352219260160286929e+00
5.230878627181762219e+00
5.089020638729317980e+00
3.692146342466903874e+00
0.000000000000000000e+00
2.250233972914781333e+00
1.058888938575228922e+00
1.965174157376619934e+00
0.000000000000000000e+00
0.000000000000000000e+00
0.000000000000000000e+00
2.362527529517892244e+00
9.705651271184425610e-01
0.000000000000000000e+00
0.000000000000000000e+00
2.189080473647392056e-01
1.549967419239409727e-01
3.128864419155261700e-01
0.000000000000000000e+00
1.143854552348113895e-01
1.952876704141370823e-02
4.119779813255153994e-02
2.197261259441044001e-02
7.629394294402434135e-03
0.000000000000000000e+00
0.000000000000000000e+00
0.000000000000000000e+00
0.000000000000000000e+00
0.000000000000000000e+00
0.000000000000000000e+00
0.000000000000000000e+00
0.000000000000000000e+00
0.000000000000000000e+00
0.000000000000000000e+00
0.000000000000000000e+00
0.000000000000000000e+00
0.000000000000000000e+00
0.000000000000000000e+00
0.000000000000000000e+00
0.000000000000000000e+00
2.922487529721168986e+00
2.610043205899724938e+01
1.580964514399344090e+01
8.535715678288758212e+00
7.029152769510344179e+00
5.545905564856348668e+00
4.092230757004260866e+00
2.676109630080143464e+00
1.307719656795440555e+00
0.000000000000000000e+00
0.000000000000000000e+00
2.364083160491854407e+00
1.125116986457390666e+00
1.058888938575228922e+00
1.965174157376619934e+00
0.000000000000000000e+00
0.000000000000000000e+00
0.000000000000000000e+00
1.181263764758946122e+00
4.852825635592212805e-01
1.157490838042941617e+00
5.923968549451349430e-01
0.000000000000000000e+00
3.099934838478819454e-01
2.085909612770174559e-01
0.000000000000000000e+00
1.525139403130818527e-01
7.811506816565483291e-02
6.591647701208246113e-02
3.417961959130512428e-02
7.324218522626336700e-03
0.000000000000000000e+00
0.000000000000000000e+00
0.000000000000000000e+00
0.000000000000000000e+00
0.000000000000000000e+00
0.000000000000000000e+00
0.000000000000000000e+00
0.000000000000000000e+00
0.000000000000000000e+00
0.000000000000000000e+00
0.000000000000000000e+00
0.000000000000000000e+00
0.000000000000000000e+00
0.000000000000000000e+00
0.000000000000000000e+00
0.000000000000000000e+00
4.413383022911204101e+00
1.461243764860584449e+01
1.305021602949862469e+01
8.623442805814603318e+00
1.422619279714792961e+00
5.623322215608275165e+00
1.386476391214087167e+00
4.092230757004260866e+00
1.338054815040071732e+00
1.307719656795440555e+00
1.272255159682329495e+00
1.230715447488967884e+00
1.182041580245927204e+00
0.000000000000000000e+00
0.000000000000000000e+00
0.000000000000000000e+00
8.960553845713439269e-01
1.600320024712511335e+00
0.000000000000000000e+00
5.906318823794730610e-01
4.852825635592212805e-01
0.000000000000000000e+00
2.961984274725674715e-01
2.189080473647392056e-01
0.000000000000000000e+00
0.000000000000000000e+00
1.974682253342787686e-01
1.143854552348113895e-01
3.905753408282741646e-02
2.471867887953092119e-02
1.220700699689468774e-02
7.019042750850240132e-03
0.000000000000000000e+00
0.000000000000000000e+00
0.000000000000000000e+00
0.000000000000000000e+00
0.000000000000000000e+00
0.000000000000000000e+00
0.000000000000000000e+00
0.000000000000000000e+00
0.000000000000000000e+00
0.000000000000000000e+00
0.000000000000000000e+00
0.000000000000000000e+00
0.000000000000000000e+00
0.000000000000000000e+00
0.000000000000000000e+00
0.000000000000000000e+00
2.959731964091544931e+00
2.648029813746722283e+01
1.022870635402409079e+01
1.450024003277625084e+01
2.874480935271534587e+00
1.422619279714792961e+00
0.000000000000000000e+00
2.772952782428174334e+00
0.000000000000000000e+00
1.338054815040071732e+00
1.307719656795440555e+00
1.272255159682329495e+00
0.000000000000000000e+00
1.182041580245927204e+00
0.000000000000000000e+00
0.000000000000000000e+00
9.825870786883099672e-01
0.000000000000000000e+00
0.000000000000000000e+00
1.394269717736181136e+00
0.000000000000000000e+00
4.852825635592212805e-01
3.858302793476471870e-01
0.000000000000000000e+00
6.567241420942175889e-01
1.549967419239409727e-01
0.000000000000000000e+00
6.582274177809292748e-02
3.812848507827046318e-02
0.000000000000000000e+00
1.647911925302061528e-02
9.765605597515750538e-03
7.324218522626336700e-03
0.000000000000000000e+00
0.000000000000000000e+00
0.000000000000000000e+00
0.000000000000000000e+00
0.000000000000000000e+00
0.000000000000000000e+00
0.000000000000000000e+00
0.000000000000000000e+00
0.000000000000000000e+00
0.000000000000000000e+00
0.000000000000000000e+00
0.000000000000000000e+00
0.000000000000000000e+00
0.000000000000000000e+00
0.000000000000000000e+00
0.000000000000000000e+00
0.000000000000000000e+00
1.775839178454926781e+01
1.471127674303734700e+01
4.383731294581753701e+00
5.800096013110500159e+00
2.874480935271534587e+00
2.845238559429585923e+00
0.000000000000000000e+00
1.386476391214087167e+00
1.364076919001420141e+00
0.000000000000000000e+00
0.000000000000000000e+00
0.000000000000000000e+00
1.230715447488967884e+00
0.000000000000000000e+00
0.000000000000000000e+00
0.000000000000000000e+00
0.000000000000000000e+00
0.000000000000000000e+00
0.000000000000000000e+00
1.394269717736181136e+00
0.000000000000000000e+00
4.852825635592212805e-01
0.000000000000000000e+00
2.961984274725674715e-01
2.189080473647392056e-01
0.000000000000000000e+00
3.128864419155261700e-01
1.316454835561858550e-01
3.812848507827046318e-02
1.952876704141370823e-02
2.471867887953092119e-02
9.765605597515750538e-03
2.746581945984876479e-03
0.000000000000000000e+00
0.000000000000000000e+00
0.000000000000000000e+00
0.000000000000000000e+00
0.000000000000000000e+00
0.000000000000000000e+00
0.000000000000000000e+00
0.000000000000000000e+00
0.000000000000000000e+00
0.000000000000000000e+00
0.000000000000000000e+00
0.000000000000000000e+00
0.000000000000000000e+00
0.000000000000000000e+00
0.000000000000000000e+00
0.000000000000000000e+00
0.000000000000000000e+00
8.925708218447686804e+00
1.479865982045772554e+01
1.176902139442987760e+01
4.383731294581753701e+00
0.000000000000000000e+00
2.874480935271534587e+00
2.845238559429585923e+00
0.000000000000000000e+00
0.000000000000000000e+00
0.000000000000000000e+00
0.000000000000000000e+00
2.615439313590881110e+00
1.272255159682329495e+00
1.230715447488967884e+00
0.000000000000000000e+00
0.000000000000000000e+00
0.000000000000000000e+00
1.965174157376619934e+00
1.792110769142687854e+00
0.000000000000000000e+00
6.971348588680905678e-01
0.000000000000000000e+00
0.000000000000000000e+00
0.000000000000000000e+00
0.000000000000000000e+00
2.189080473647392056e-01
0.000000000000000000e+00
0.000000000000000000e+00
0.000000000000000000e+00
1.143854552348113895e-01
5.858630112424112468e-02
0.000000000000000000e+00
2.441401399378937635e-03
3.967285033089265785e-03
0.000000000000000000e+00
0.000000000000000000e+00
0.000000000000000000e+00
0.000000000000000000e+00
0.000000000000000000e+00
0.000000000000000000e+00
0.000000000000000000e+00
0.000000000000000000e+00
0.000000000000000000e+00
0.000000000000000000e+00
0.000000000000000000e+00
0.000000000000000000e+00
0.000000000000000000e+00
0.000000000000000000e+00
0.000000000000000000e+00
0.000000000000000000e+00
1.500678269864276437e+00
1.345066010844574755e+01
8.925708218447686804e+00
1.479865982045772466e+00
4.413383022911204101e+00
1.461243764860584493e+00
1.450024003277625040e+00
0.000000000000000000e+00
0.000000000000000000e+00
0.000000000000000000e+00
0.000000000000000000e+00
0.000000000000000000e+00
1.338054815040071732e+00
1.307719656795440555e+00
0.000000000000000000e+00
1.230715447488967884e+00
0.000000000000000000e+00
1.125116986457390666e+00
1.058888938575228922e+00
0.000000000000000000e+00
8.960553845713439269e-01
0.000000000000000000e+00
0.000000000000000000e+00
0.000000000000000000e+00
4.852825635592212805e-01
0.000000000000000000e+00
0.000000000000000000e+00
0.000000000000000000e+00
1.549967419239409727e-01
0.000000000000000000e+00
0.000000000000000000e+00
0.000000000000000000e+00
1.952876704141370823e-02
4.119779813255153994e-02
9.765605597515750538e-03
4.272460804865363219e-03
0.000000000000000000e+00
0.000000000000000000e+00
0.000000000000000000e+00
0.000000000000000000e+00
0.000000000000000000e+00
0.000000000000000000e+00
0.000000000000000000e+00
0.000000000000000000e+00
0.000000000000000000e+00
0.000000000000000000e+00
0.000000000000000000e+00
0.000000000000000000e+00
0.000000000000000000e+00
0.000000000000000000e+00
0.000000000000000000e+00
0.000000000000000000e+00
3.012390419957152510e+00
1.050474788904993417e+01
1.195614231861844168e+01
5.950472145631791498e+00
2.959731964091544931e+00
2.942255348607469401e+00
2.922487529721168986e+00
0.000000000000000000e+00
2.874480935271534587e+00
1.422619279714792961e+00
0.000000000000000000e+00
1.386476391214087167e+00
0.000000000000000000e+00
0.000000000000000000e+00
2.615439313590881110e+00
0.000000000000000000e+00
0.000000000000000000e+00
0.000000000000000000e+00
0.000000000000000000e+00
0.000000000000000000e+00
9.825870786883099672e-01
0.000000000000000000e+00
8.001600123562556677e-01
0.000000000000000000e+00
0.000000000000000000e+00
0.000000000000000000e+00
0.000000000000000000e+00
5.923968549451349430e-01
0.000000000000000000e+00
1.549967419239409727e-01
0.000000000000000000e+00
6.582274177809292748e-02
0.000000000000000000e+00
0.000000000000000000e+00
0.000000000000000000e+00
1.220700699689468774e-02
4.272460804865363219e-03
0.000000000000000000e+00
0.000000000000000000e+00
0.000000000000000000e+00
0.000000000000000000e+00
0.000000000000000000e+00
0.000000000000000000e+00
0.000000000000000000e+00
0.000000000000000000e+00
0.000000000000000000e+00
0.000000000000000000e+00
0.000000000000000000e+00
0.000000000000000000e+00
0.000000000000000000e+00
0.000000000000000000e+00
0.000000000000000000e+00
0.000000000000000000e+00
4.533450005772662550e+00
6.024780839914305020e+00
6.002713079457105749e+00
0.000000000000000000e+00
1.487618036407947875e+00
0.000000000000000000e+00
0.000000000000000000e+00
0.000000000000000000e+00
2.900048006555250080e+00
0.000000000000000000e+00
0.000000000000000000e+00
0.000000000000000000e+00
0.000000000000000000e+00
0.000000000000000000e+00
0.000000000000000000e+00
0.000000000000000000e+00
0.000000000000000000e+00
0.000000000000000000e+00
0.000000000000000000e+00
0.000000000000000000e+00
0.000000000000000000e+00
0.000000000000000000e+00
0.000000000000000000e+00
0.000000000000000000e+00
6.971348588680905678e-01
0.000000000000000000e+00
0.000000000000000000e+00
3.858302793476471870e-01
0.000000000000000000e+00
0.000000000000000000e+00
0.000000000000000000e+00
1.042954806385087280e-01
6.582274177809292748e-02
1.143854552348113895e-01
5.858630112424112468e-02
1.647911925302061528e-02
7.324204198136813337e-03
2.441406174208779045e-03
0.000000000000000000e+00
0.000000000000000000e+00
0.000000000000000000e+00
0.000000000000000000e+00
0.000000000000000000e+00
0.000000000000000000e+00
0.000000000000000000e+00
0.000000000000000000e+00
0.000000000000000000e+00
0.000000000000000000e+00
0.000000000000000000e+00
0.000000000000000000e+00
0.000000000000000000e+00
0.000000000000000000e+00
0.000000000000000000e+00
0.000000000000000000e+00
0.000000000000000000e+00
4.533450005772662550e+00
6.024780839914305020e+00
3.001356539728552875e+00
1.494517789827305210e+00
0.000000000000000000e+00
0.000000000000000000e+00
1.471127674303734700e+00
1.461243764860584493e+00
0.000000000000000000e+00
0.000000000000000000e+00
0.000000000000000000e+00
0.000000000000000000e+00
0.000000000000000000e+00
0.000000000000000000e+00
0.000000000000000000e+00
0.000000000000000000e+00
0.000000000000000000e+00
0.000000000000000000e+00
0.000000000000000000e+00
0.000000000000000000e+00
0.000000000000000000e+00
0.000000000000000000e+00
0.000000000000000000e+00
0.000000000000000000e+00
0.000000000000000000e+00
0.000000000000000000e+00
4.852825635592212805e-01
0.000000000000000000e+00
0.000000000000000000e+00
0.000000000000000000e+00
0.000000000000000000e+00
1.042954806385087280e-01
6.582274177809292748e-02
0.000000000000000000e+00
0.000000000000000000e+00
2.471867887953092119e-02
1.220700699689468774e-02
1.831054630656584175e-03
0.000000000000000000e+00
0.000000000000000000e+00
0.000000000000000000e+00
0.000000000000000000e+00
0.000000000000000000e+00
0.000000000000000000e+00
0.000000000000000000e+00
0.000000000000000000e+00
0.000000000000000000e+00
0.000000000000000000e+00
0.000000000000000000e+00
0.000000000000000000e+00
0.000000000000000000e+00
0.000000000000000000e+00
0.000000000000000000e+00
0.000000000000000000e+00
0.000000000000000000e+00
6.062448406945366131e+00
6.044600007696883104e+00
3.012390419957152510e+00
0.000000000000000000e+00
0.000000000000000000e+00
1.487618036407947875e+00
1.479865982045772466e+00
0.000000000000000000e+00
0.000000000000000000e+00
0.000000000000000000e+00
0.000000000000000000e+00
0.000000000000000000e+00
0.000000000000000000e+00
0.000000000000000000e+00
0.000000000000000000e+00
0.000000000000000000e+00
0.000000000000000000e+00
0.000000000000000000e+00
0.000000000000000000e+00
0.000000000000000000e+00
0.000000000000000000e+00
0.000000000000000000e+00
9.825870786883099672e-01
0.000000000000000000e+00
0.000000000000000000e+00
0.000000000000000000e+00
0.000000000000000000e+00
0.000000000000000000e+00
0.000000000000000000e+00
0.000000000000000000e+00
0.000000000000000000e+00
0.000000000000000000e+00
1.042954806385087280e-01
0.000000000000000000e+00
3.812848507827046318e-02
0.000000000000000000e+00
8.239559626510307641e-03
4.882802798757875269e-03
3.051757717760973914e-03
0.000000000000000000e+00
0.000000000000000000e+00
0.000000000000000000e+00
0.000000000000000000e+00
0.000000000000000000e+00
0.000000000000000000e+00
0.000000000000000000e+00
0.000000000000000000e+00
0.000000000000000000e+00
0.000000000000000000e+00
0.000000000000000000e+00
0.000000000000000000e+00
0.000000000000000000e+00
0.000000000000000000e+00
0.000000000000000000e+00
0.000000000000000000e+00
0.000000000000000000e+00
1.519640995800313421e+00
1.212489681389073226e+01
6.044600007696883104e+00
0.000000000000000000e+00
0.000000000000000000e+00
0.000000000000000000e+00
0.000000000000000000e+00
1.479865982045772466e+00
0.000000000000000000e+00
0.000000000000000000e+00
0.000000000000000000e+00
0.000000000000000000e+00
0.000000000000000000e+00
0.000000000000000000e+00
0.000000000000000000e+00
0.000000000000000000e+00
0.000000000000000000e+00
0.000000000000000000e+00
0.000000000000000000e+00
0.000000000000000000e+00
0.000000000000000000e+00
0.000000000000000000e+00
0.000000000000000000e+00
0.000000000000000000e+00
0.000000000000000000e+00
0.000000000000000000e+00
0.000000000000000000e+00
0.000000000000000000e+00
4.852825635592212805e-01
0.000000000000000000e+00
0.000000000000000000e+00
0.000000000000000000e+00
0.000000000000000000e+00
1.042954806385087280e-01
0.000000000000000000e+00
3.812848507827046318e-02
5.858630112424112468e-02
0.000000000000000000e+00
7.324204198136813337e-03
1.525878858880486957e-03
0.000000000000000000e+00
0.000000000000000000e+00
0.000000000000000000e+00
0.000000000000000000e+00
0.000000000000000000e+00
0.000000000000000000e+00
0.000000000000000000e+00
0.000000000000000000e+00
0.000000000000000000e+00
0.000000000000000000e+00
0.000000000000000000e+00
0.000000000000000000e+00
0.000000000000000000e+00
0.000000000000000000e+00
0.000000000000000000e+00
0.000000000000000000e+00
0.000000000000000000e+00
0.000000000000000000e+00
7.598204979001566883e+00
3.031224203472683065e+00
3.022300003848441552e+00
1.506195209978576255e+00
0.000000000000000000e+00
1.494517789827305210e+00
0.000000000000000000e+00
0.000000000000000000e+00
0.000000000000000000e+00
0.000000000000000000e+00
0.000000000000000000e+00
0.000000000000000000e+00
0.000000000000000000e+00
0.000000000000000000e+00
0.000000000000000000e+00
0.000000000000000000e+00
0.000000000000000000e+00
0.000000000000000000e+00
0.000000000000000000e+00
0.000000000000000000e+00
1.182041580245927204e+00
0.000000000000000000e+00
1.058888938575228922e+00
0.000000000000000000e+00
0.000000000000000000e+00
0.000000000000000000e+00
0.000000000000000000e+00
0.000000000000000000e+00
0.000000000000000000e+00
3.858302793476471870e-01
0.000000000000000000e+00
0.000000000000000000e+00
0.000000000000000000e+00
0.000000000000000000e+00
0.000000000000000000e+00
0.000000000000000000e+00
1.952876704141370823e-02
8.239559626510307641e-03
2.441401399378937635e-03
9.155273153282920875e-04
0.000000000000000000e+00
0.000000000000000000e+00
0.000000000000000000e+00
0.000000000000000000e+00
0.000000000000000000e+00
0.000000000000000000e+00
0.000000000000000000e+00
0.000000000000000000e+00
0.000000000000000000e+00
0.000000000000000000e+00
0.000000000000000000e+00
0.000000000000000000e+00
0.000000000000000000e+00
0.000000000000000000e+00
0.000000000000000000e+00
0.000000000000000000e+00
1.529605657132143248e+00
4.579789941790400221e+00
7.616439062137052574e+00
0.000000000000000000e+00
0.000000000000000000e+00
0.000000000000000000e+00
0.000000000000000000e+00
0.000000000000000000e+00
0.000000000000000000e+00
0.000000000000000000e+00
0.000000000000000000e+00
0.000000000000000000e+00
1.461243764860584493e+00
0.000000000000000000e+00
0.000000000000000000e+00
0.000000000000000000e+00
0.000000000000000000e+00
0.000000000000000000e+00
0.000000000000000000e+00
0.000000000000000000e+00
0.000000000000000000e+00
1.272255159682329495e+00
0.000000000000000000e+00
0.000000000000000000e+00
0.000000000000000000e+00
0.000000000000000000e+00
0.000000000000000000e+00
0.000000000000000000e+00
0.000000000000000000e+00
0.000000000000000000e+00
5.906318823794730610e-01
0.000000000000000000e+00
0.000000000000000000e+00
0.000000000000000000e+00
2.189080473647392056e-01
0.000000000000000000e+00
0.000000000000000000e+00
0.000000000000000000e+00
0.000000000000000000e+00
0.000000000000000000e+00
0.000000000000000000e+00
4.882802798757875269e-03
1.525878858880486957e-03
0.000000000000000000e+00
0.000000000000000000e+00
0.000000000000000000e+00
0.000000000000000000e+00
0.000000000000000000e+00
0.000000000000000000e+00
0.000000000000000000e+00
0.000000000000000000e+00
0.000000000000000000e+00
0.000000000000000000e+00
0.000000000000000000e+00
0.000000000000000000e+00
0.000000000000000000e+00
0.000000000000000000e+00
0.000000000000000000e+00
0.000000000000000000e+00
1.532347965967065351e+00
3.059211314264286496e+00
1.526596647263466888e+00
0.000000000000000000e+00
0.000000000000000000e+00
0.000000000000000000e+00
0.000000000000000000e+00
0.000000000000000000e+00
0.000000000000000000e+00
0.000000000000000000e+00
0.000000000000000000e+00
0.000000000000000000e+00
0.000000000000000000e+00
0.000000000000000000e+00
0.000000000000000000e+00
0.000000000000000000e+00
0.000000000000000000e+00
0.000000000000000000e+00
0.000000000000000000e+00
0.000000000000000000e+00
1.338054815040071732e+00
0.000000000000000000e+00
0.000000000000000000e+00
0.000000000000000000e+00
0.000000000000000000e+00
0.000000000000000000e+00
0.000000000000000000e+00
0.000000000000000000e+00
0.000000000000000000e+00
0.000000000000000000e+00
0.000000000000000000e+00
0.000000000000000000e+00
0.000000000000000000e+00
3.858302793476471870e-01
0.000000000000000000e+00
2.189080473647392056e-01
0.000000000000000000e+00
0.000000000000000000e+00
6.582274177809292748e-02
3.812848507827046318e-02
0.000000000000000000e+00
1.647911925302061528e-02
2.441401399378937635e-03
9.155273153282920875e-04
0.000000000000000000e+00
0.000000000000000000e+00
0.000000000000000000e+00
0.000000000000000000e+00
0.000000000000000000e+00
0.000000000000000000e+00
0.000000000000000000e+00
0.000000000000000000e+00
0.000000000000000000e+00
0.000000000000000000e+00
0.000000000000000000e+00
0.000000000000000000e+00
0.000000000000000000e+00
0.000000000000000000e+00
0.000000000000000000e+00
1.537144204738476017e+00
0.000000000000000000e+00
3.064695931934130702e+00
0.000000000000000000e+00
0.000000000000000000e+00
0.000000000000000000e+00
0.000000000000000000e+00
0.000000000000000000e+00
0.000000000000000000e+00
0.000000000000000000e+00
0.000000000000000000e+00
0.000000000000000000e+00
0.000000000000000000e+00
0.000000000000000000e+00
0.000000000000000000e+00
0.000000000000000000e+00
0.000000000000000000e+00
0.000000000000000000e+00
0.000000000000000000e+00
0.000000000000000000e+00
0.000000000000000000e+00
0.000000000000000000e+00
0.000000000000000000e+00
0.000000000000000000e+00
1.272255159682329495e+00
0.000000000000000000e+00
0.000000000000000000e+00
0.000000000000000000e+00
0.000000000000000000e+00
0.000000000000000000e+00
0.000000000000000000e+00
0.000000000000000000e+00
0.000000000000000000e+00
0.000000000000000000e+00
0.000000000000000000e+00
0.000000000000000000e+00
0.000000000000000000e+00
2.189080473647392056e-01
0.000000000000000000e+00
0.000000000000000000e+00
0.000000000000000000e+00
0.000000000000000000e+00
0.000000000000000000e+00
1.647911925302061528e-02
2.441401399378937635e-03
2.136230402432681610e-03
0.000000000000000000e+00
0.000000000000000000e+00
0.000000000000000000e+00
0.000000000000000000e+00
0.000000000000000000e+00
0.000000000000000000e+00
0.000000000000000000e+00
0.000000000000000000e+00
0.000000000000000000e+00
0.000000000000000000e+00
0.000000000000000000e+00
0.000000000000000000e+00
0.000000000000000000e+00
0.000000000000000000e+00
0.000000000000000000e+00
0.000000000000000000e+00
3.074288409476952033e+00
1.534852417784438039e+00
3.064695931934130702e+00
1.529605657132143248e+00
0.000000000000000000e+00
0.000000000000000000e+00
1.519640995800313421e+00
0.000000000000000000e+00
0.000000000000000000e+00
0.000000000000000000e+00
0.000000000000000000e+00
0.000000000000000000e+00
0.000000000000000000e+00
0.000000000000000000e+00
0.000000000000000000e+00
0.000000000000000000e+00
0.000000000000000000e+00
0.000000000000000000e+00
0.000000000000000000e+00
0.000000000000000000e+00
0.000000000000000000e+00
0.000000000000000000e+00
0.000000000000000000e+00
0.000000000000000000e+00
0.000000000000000000e+00
0.000000000000000000e+00
0.000000000000000000e+00
0.000000000000000000e+00
0.000000000000000000e+00
0.000000000000000000e+00
0.000000000000000000e+00
0.000000000000000000e+00
0.000000000000000000e+00
0.000000000000000000e+00
0.000000000000000000e+00
7.716605586952943741e-01
0.000000000000000000e+00
0.000000000000000000e+00
0.000000000000000000e+00
0.000000000000000000e+00
0.000000000000000000e+00
0.000000000000000000e+00
0.000000000000000000e+00
0.000000000000000000e+00
0.000000000000000000e+00
6.103515435521947611e-04
0.000000000000000000e+00
0.000000000000000000e+00
0.000000000000000000e+00
0.000000000000000000e+00
0.000000000000000000e+00
0.000000000000000000e+00
0.000000000000000000e+00
0.000000000000000000e+00
0.000000000000000000e+00
0.000000000000000000e+00
0.000000000000000000e+00
0.000000000000000000e+00
0.000000000000000000e+00
0.000000000000000000e+00
0.000000000000000000e+00
0.000000000000000000e+00
0.000000000000000000e+00
1.537144204738476017e+00
3.069704835568876078e+00
0.000000000000000000e+00
0.000000000000000000e+00
0.000000000000000000e+00
0.000000000000000000e+00
0.000000000000000000e+00
3.031224203472683065e+00
0.000000000000000000e+00
0.000000000000000000e+00
0.000000000000000000e+00
0.000000000000000000e+00
0.000000000000000000e+00
0.000000000000000000e+00
0.000000000000000000e+00
1.461243764860584493e+00
0.000000000000000000e+00
0.000000000000000000e+00
0.000000000000000000e+00
0.000000000000000000e+00
0.000000000000000000e+00
0.000000000000000000e+00
0.000000000000000000e+00
0.000000000000000000e+00
0.000000000000000000e+00
0.000000000000000000e+00
0.000000000000000000e+00
0.000000000000000000e+00
0.000000000000000000e+00
0.000000000000000000e+00
0.000000000000000000e+00
0.000000000000000000e+00
0.000000000000000000e+00
0.000000000000000000e+00
0.000000000000000000e+00
0.000000000000000000e+00
0.000000000000000000e+00
2.189080473647392056e-01
0.000000000000000000e+00
0.000000000000000000e+00
0.000000000000000000e+00
0.000000000000000000e+00
0.000000000000000000e+00
0.000000000000000000e+00
0.000000000000000000e+00
9.155273153282920875e-04
0.000000000000000000e+00
0.000000000000000000e+00
0.000000000000000000e+00
0.000000000000000000e+00
0.000000000000000000e+00
0.000000000000000000e+00
0.000000000000000000e+00
0.000000000000000000e+00
0.000000000000000000e+00
0.000000000000000000e+00
0.000000000000000000e+00
0.000000000000000000e+00
0.000000000000000000e+00
0.000000000000000000e+00
0.000000000000000000e+00
0.000000000000000000e+00
0.000000000000000000e+00
1.539245392815994817e+00
3.074288409476952033e+00
0.000000000000000000e+00
0.000000000000000000e+00
0.000000000000000000e+00
0.000000000000000000e+00
0.000000000000000000e+00
0.000000000000000000e+00
0.000000000000000000e+00
0.000000000000000000e+00
0.000000000000000000e+00
0.000000000000000000e+00
0.000000000000000000e+00
0.000000000000000000e+00
0.000000000000000000e+00
0.000000000000000000e+00
0.000000000000000000e+00
0.000000000000000000e+00
0.000000000000000000e+00
0.000000000000000000e+00
0.000000000000000000e+00
0.000000000000000000e+00
0.000000000000000000e+00
0.000000000000000000e+00
0.000000000000000000e+00
0.000000000000000000e+00
0.000000000000000000e+00
0.000000000000000000e+00
0.000000000000000000e+00
0.000000000000000000e+00
0.000000000000000000e+00
0.000000000000000000e+00
0.000000000000000000e+00
0.000000000000000000e+00
0.000000000000000000e+00
0.000000000000000000e+00
0.000000000000000000e+00
0.000000000000000000e+00
0.000000000000000000e+00
0.000000000000000000e+00
0.000000000000000000e+00
0.000000000000000000e+00
0.000000000000000000e+00
0.000000000000000000e+00
0.000000000000000000e+00
0.000000000000000000e+00
0.000000000000000000e+00
0.000000000000000000e+00
