# pd_vector
0.000000000000000000e+00
0.000000000000000000e+00
0.000000000000000000e+00
0.000000000000000000e+00
0.000000000000000000e+00
0.000000000000000000e+00
0.000000000000000000e+00
0.000000000000000000e+00
0.000000000000000000e+00
0.000000000000000000e+00
0.000000000000000000e+00
0.000000000000000000e+00
0.000000000000000000e+00
6.103515435521947611e-04
0.000000000000000000e+00
0.000000000000000000e+00
0.000000000000000000e+00
0.000000000000000000e+00
0.000000000000000000e+00
9.460448925059018743e-03
0.000000000000000000e+00
0.000000000000000000e+00
0.000000000000000000e+00
0.000000000000000000e+00
0.000000000000000000e+00
0.000000000000000000e+00
1.007080046861121292e-01
0.000000000000000000e+00
0.000000000000000000e+00
0.000000000000000000e+00
0.000000000000000000e+00
0.000000000000000000e+00
0.000000000000000000e+00
0.000000000000000000e+00
1.630859324371464414e+00
0.000000000000000000e+00
0.000000000000000000e+00
0.000000000000000000e+00
0.000000000000000000e+00
0.000000000000000000e+00
0.000000000000000000e+00
0.000000000000000000e+00
7.324204198136813337e-03
4.300842151640540401e+00
0.000000000000000000e+00
0.000000000000000000e+00
0.000000000000000000e+00
0.000000000000000000e+00
0.000000000000000000e+00
0.000000000000000000e+00
0.000000000000000000e+00
0.000000000000000000e+00
3.344719917149144628e+00
8.443298077729286533e+00
0.000000000000000000e+00
0.000000000000000000e+00
0.000000000000000000e+00
0.000000000000000000e+00
0.000000000000000000e+00
0.000000000000000000e+00
0.000000000000000000e+00
0.000000000000000000e+00
2.307076695422886070e-01
7.600082556266633205e+00
4.900512543180571612e+00
0.000000000000000000e+00
0.000000000000000000e+00
0.000000000000000000e+00
0.000000000000000000e+00
0.000000000000000000e+00
0.000000000000000000e+00
0.000000000000000000e+00
0.000000000000000000e+00
1.952876704141370823e-02
1.796223998579246972e+00
2.265620498623654111e+00
4.253234731243469291e+00
0.000000000000000000e+00
0.000000000000000000e+00
0.000000000000000000e+00
0.000000000000000000e+00
0.000000000000000000e+00
0.000000000000000000e+00
0.000000000000000000e+00
0.000000000000000000e+00
0.000000000000000000e+00
3.124602726626193316e-01
8.157164030245204200e-01
2.490229427366516202e+00
4.476928571955348879e+00
0.000000000000000000e+00
0.000000000000000000e+00
0.000000000000000000e+00
0.000000000000000000e+00
0.000000000000000000e+00
0.000000000000000000e+00
0.000000000000000000e+00
0.000000000000000000e+00
0.000000000000000000e+00
0.000000000000000000e+00
2.343452044969644987e-01
1.878619594844350038e+00
3.881828225012510902e+00
4.460449080279439649e+00
0.000000000000000000e+00
0.000000000000000000e+00
0.000000000000000000e+00
0.000000000000000000e+00
0.000000000000000000e+00
0.000000000000000000e+00
0.000000000000000000e+00
0.000000000000000000e+00
0.000000000000000000e+00
0.000000000000000000e+00
7.625697015654092636e-02
7.811506816565483291e-01
3.205188694712509889e+00
5.019521277123096148e+00
4.101257196898973056e+00
0.000000000000000000e+00
0.000000000000000000e+00
0.000000000000000000e+00
0.000000000000000000e+00
0.000000000000000000e+00
0.000000000000000000e+00
0.000000000000000000e+00
0.000000000000000000e+00
0.000000000000000000e+00
0.000000000000000000e+00
0.000000000000000000e+00
2.287709104696227791e-01
1.718531499644406324e+00
4.589434711966241309e+00
5.178212368082726336e+00
3.577270396759413273e+00
0.000000000000000000e+00
0.000000000000000000e+00
0.000000000000000000e+00
0.000000000000000000e+00
0.000000000000000000e+00
0.000000000000000000e+00
0.000000000000000000e+00
0.000000000000000000e+00
0.000000000000000000e+00
0.000000000000000000e+00
0.000000000000000000e+00
0.000000000000000000e+00
8.769551568002206254e-01
2.890257522129228818e+00
5.611140105653519505e+00
5.075673509308811227e+00
3.116149805605730183e+00
0.000000000000000000e+00
0.000000000000000000e+00
0.000000000000000000e+00
0.000000000000000000e+00
0.000000000000000000e+00
0.000000000000000000e+00
0.000000000000000000e+00
0.000000000000000000e+00
0.000000000000000000e+00
0.000000000000000000e+00
0.000000000000000000e+00
0.000000000000000000e+00
7.898729013371150742e-01
3.393435171966071362e+00
5.546169839761493137e+00
6.089034563991117643e+00
4.816884960974643803e+00
2.648620523244749059e+00
0.000000000000000000e+00
0.000000000000000000e+00
0.000000000000000000e+00
0.000000000000000000e+00
0.000000000000000000e+00
0.000000000000000000e+00
0.000000000000000000e+00
0.000000000000000000e+00
0.000000000000000000e+00
0.000000000000000000e+00
0.000000000000000000e+00
0.000000000000000000e+00
1.042954806385087280e-01
1.250632093783765608e+00
4.766060634783808148e+00
6.268734220293800341e+00
6.830594930377045237e+00
4.482412969259729429e+00
2.303771901137759315e+00
0.000000000000000000e+00
0.000000000000000000e+00
0.000000000000000000e+00
0.000000000000000000e+00
0.000000000000000000e+00
0.000000000000000000e+00
0.000000000000000000e+00
0.000000000000000000e+00
0.000000000000000000e+00
0.000000000000000000e+00
0.000000000000000000e+00
0.000000000000000000e+00
0.000000000000000000e+00
1.147250287023596105e+00
4.278478215576040355e+00
8.845808538158747680e+00
8.885589003843236355e+00
7.053063040292823160e+00
4.223624420925562006e+00
2.000427183992318447e+00
0.000000000000000000e+00
0.000000000000000000e+00
0.000000000000000000e+00
0.000000000000000000e+00
0.000000000000000000e+00
0.000000000000000000e+00
0.000000000000000000e+00
0.000000000000000000e+00
0.000000000000000000e+00
0.000000000000000000e+00
0.000000000000000000e+00
0.000000000000000000e+00
0.000000000000000000e+00
6.199869676957638909e-01
4.484705667455875400e+00
6.779742403143571572e+00
9.760892180037238575e+00
9.647210918458371864e+00
6.492772985690122844e+00
3.686516113062195732e+00
1.684570260204057535e+00
0.000000000000000000e+00
0.000000000000000000e+00
0.000000000000000000e+00
0.000000000000000000e+00
0.000000000000000000e+00
0.000000000000000000e+00
0.000000000000000000e+00
0.000000000000000000e+00
0.000000000000000000e+00
0.000000000000000000e+00
0.000000000000000000e+00
0.000000000000000000e+00
0.000000000000000000e+00
0.000000000000000000e+00
4.649902257718228960e+00
7.300683644695610930e+00
1.132151158583198303e+01
1.281117098629887607e+01
1.013543009449371368e+01
6.327981793159915824e+00
3.300774691960323803e+00
1.395568804332093293e+00
0.000000000000000000e+00
0.000000000000000000e+00
0.000000000000000000e+00
0.000000000000000000e+00
0.000000000000000000e+00
0.000000000000000000e+00
0.000000000000000000e+00
0.000000000000000000e+00
0.000000000000000000e+00
0.000000000000000000e+00
0.000000000000000000e+00
0.000000000000000000e+00
0.000000000000000000e+00
2.961984274725674715e-01
2.845804615741609478e+00
8.524820805816753833e+00
1.293263959917508288e+01
1.421771222406807311e+01
1.197234431457692594e+01
9.549567083251304211e+00
5.973680729219973173e+00
2.944330087650998795e+00
1.230773887573000769e+00
0.000000000000000000e+00
0.000000000000000000e+00
0.000000000000000000e+00
0.000000000000000000e+00
0.000000000000000000e+00
0.000000000000000000e+00
0.000000000000000000e+00
0.000000000000000000e+00
0.000000000000000000e+00
0.000000000000000000e+00
0.000000000000000000e+00
0.000000000000000000e+00
0.000000000000000000e+00
0.000000000000000000e+00
5.923968549451349430e-01
5.691609231483218956e+00
1.425970025700256905e+01
1.668727690216139692e+01
1.704809012052606931e+01
1.319245583708157987e+01
8.592657498222031620e+00
4.927256656653163702e+00
2.607416694536705215e+00
1.020507780819269739e+00
0.000000000000000000e+00
0.000000000000000000e+00
0.000000000000000000e+00
0.000000000000000000e+00
0.000000000000000000e+00
0.000000000000000000e+00
0.000000000000000000e+00
0.000000000000000000e+00
0.000000000000000000e+00
0.000000000000000000e+00
0.000000000000000000e+00
0.000000000000000000e+00
0.000000000000000000e+00
0.000000000000000000e+00
1.543321117390588748e+00
4.146777984615944490e+00
1.182103455769591704e+01
1.983958296626444451e+01
1.752164074726946552e+01
1.481011690007090920e+01
1.216298673996827695e+01
7.655276680234173625e+00
4.605913831219261567e+00
2.145991830054086336e+00
8.581542702343858409e-01
0.000000000000000000e+00
0.000000000000000000e+00
0.000000000000000000e+00
0.000000000000000000e+00
0.000000000000000000e+00
0.000000000000000000e+00
0.000000000000000000e+00
0.000000000000000000e+00
0.000000000000000000e+00
0.000000000000000000e+00
0.000000000000000000e+00
0.000000000000000000e+00
0.000000000000000000e+00
0.000000000000000000e+00
2.911695381355327683e+00
4.629963352171766466e+00
1.125554024395756336e+01
1.663701159972017862e+01
2.386949825628691002e+01
2.085909612770174704e+01
1.671897641163560522e+01
1.094287521746362302e+01
6.678838328163488214e+00
3.707801831929638414e+00
1.682125564172088028e+00
7.125854270971874183e-01
0.000000000000000000e+00
0.000000000000000000e+00
0.000000000000000000e+00
0.000000000000000000e+00
0.000000000000000000e+00
0.000000000000000000e+00
0.000000000000000000e+00
0.000000000000000000e+00
0.000000000000000000e+00
0.000000000000000000e+00
0.000000000000000000e+00
0.000000000000000000e+00
0.000000000000000000e+00
6.971348588680905678e-01
5.906318823794730610e-01
3.882260508473770244e+00
1.543321117390588704e+01
1.717950879340891390e+01
2.232862083120339847e+01
2.247452757897143982e+01
2.002473228259367488e+01
1.448100319118044332e+01
1.052346188160264795e+01
5.624284907927147970e+00
3.131032658073916952e+00
1.528317276011214920e+00
6.195068167054776920e-01
0.000000000000000000e+00
0.000000000000000000e+00
0.000000000000000000e+00
0.000000000000000000e+00
0.000000000000000000e+00
0.000000000000000000e+00
0.000000000000000000e+00
0.000000000000000000e+00
0.000000000000000000e+00
0.000000000000000000e+00
0.000000000000000000e+00
0.000000000000000000e+00
0.000000000000000000e+00
0.000000000000000000e+00
0.000000000000000000e+00
2.362527529517892244e+00
7.279238453388319208e+00
2.122066536412059534e+01
2.073388992307972245e+01
2.889586225214557658e+01
2.448948522398267258e+01
1.919036843748560628e+01
1.257214367961574908e+01
8.006981866436797546e+00
4.960306828519081890e+00
2.537784364965174788e+00
1.228024903887605657e+00
5.102538904096348693e-01
0.000000000000000000e+00
0.000000000000000000e+00
0.000000000000000000e+00
0.000000000000000000e+00
0.000000000000000000e+00
0.000000000000000000e+00
0.000000000000000000e+00
0.000000000000000000e+00
0.000000000000000000e+00
0.000000000000000000e+00
0.000000000000000000e+00
0.000000000000000000e+00
0.000000000000000000e+00
0.000000000000000000e+00
0.000000000000000000e+00
1.394269717736181136e+00
9.450110118071568976e+00
1.892601997880963083e+01
2.430730759890177239e+01
2.606546161758593882e+01
2.451770130485079235e+01
2.154454712742779421e+01
1.480995825066823990e+01
1.000505675027012487e+01
7.396926105184469691e+00
4.003397243489810187e+00
2.224681099157783226e+00
1.088865024123006231e+00
4.296874866607451326e-01
0.000000000000000000e+00
0.000000000000000000e+00
0.000000000000000000e+00
0.000000000000000000e+00
0.000000000000000000e+00
0.000000000000000000e+00
0.000000000000000000e+00
0.000000000000000000e+00
0.000000000000000000e+00
0.000000000000000000e+00
0.000000000000000000e+00
0.000000000000000000e+00
0.000000000000000000e+00
0.000000000000000000e+00
0.000000000000000000e+00
8.001600123562556677e-01
5.577078870944724542e+00
1.830958835376366522e+01
3.154336663134938235e+01
3.549638569998354143e+01
2.547306476264080288e+01
2.232862083120339847e+01
1.658465138586168308e+01
1.480995825066823990e+01
7.569615304480686646e+00
5.490501851270947142e+00
3.300361629998916690e+00
1.738547081193674959e+00
9.326153345627541391e-01
3.436279190198856526e-01
0.000000000000000000e+00
0.000000000000000000e+00
0.000000000000000000e+00
0.000000000000000000e+00
0.000000000000000000e+00
0.000000000000000000e+00
0.000000000000000000e+00
0.000000000000000000e+00
0.000000000000000000e+00
0.000000000000000000e+00
0.000000000000000000e+00
0.000000000000000000e+00
0.000000000000000000e+00
0.000000000000000000e+00
0.000000000000000000e+00
8.960553845713439269e-01
6.401280098850045341e+00
1.463983203622990104e+01
3.012222600135312689e+01
3.154336663134938235e+01
3.279557374455001195e+01
2.813885060989391107e+01
2.189080473647392111e+01
1.518968070854621466e+01
9.699479699381312159e+00
8.227842722261616615e+00
4.613546694470725740e+00
2.382509579052472404e+00
1.417204255759772824e+00
7.568344338074706190e-01
2.990722563405754375e-01
0.000000000000000000e+00
0.000000000000000000e+00
0.000000000000000000e+00
0.000000000000000000e+00
0.000000000000000000e+00
0.000000000000000000e+00
0.000000000000000000e+00
0.000000000000000000e+00
0.000000000000000000e+00
0.000000000000000000e+00
0.000000000000000000e+00
0.000000000000000000e+00
0.000000000000000000e+00
0.000000000000000000e+00
0.000000000000000000e+00
1.965174157376619934e+00
2.688166153714031559e+00
1.760352027183762402e+01
3.067393379019598498e+01
3.661917670752733045e+01
3.251393175846782668e+01
3.086642234781177407e+01
2.517686633516823491e+01
1.488574722080226564e+01
1.317472306353498190e+01
8.447933931719207479e+00
5.660755792915991513e+00
4.766060634783808148e+00
2.187221908638335321e+00
1.417204255759772824e+00
6.054675470459764952e-01
2.545165936612652224e-01
0.000000000000000000e+00
0.000000000000000000e+00
0.000000000000000000e+00
0.000000000000000000e+00
0.000000000000000000e+00
0.000000000000000000e+00
0.000000000000000000e+00
0.000000000000000000e+00
0.000000000000000000e+00
0.000000000000000000e+00
0.000000000000000000e+00
0.000000000000000000e+00
0.000000000000000000e+00
0.000000000000000000e+00
0.000000000000000000e+00
1.058888938575228922e+00
5.895522472129860247e+00
1.164871999942747038e+01
2.160432033361890447e+01
4.391949610868970666e+01
3.366601729562996326e+01
3.105808406779016195e+01
2.739394983368294945e+01
1.717950879340891390e+01
1.269666674715487353e+01
1.115976541852375092e+01
6.674910760864558590e+00
5.265819342247434420e+00
3.698463052592234845e+00
2.109106840472680489e+00
1.145298788084932795e+00
5.126942938695768781e-01
2.136230402432681696e-01
0.000000000000000000e+00
0.000000000000000000e+00
0.000000000000000000e+00
0.000000000000000000e+00
0.000000000000000000e+00
0.000000000000000000e+00
0.000000000000000000e+00
0.000000000000000000e+00
0.000000000000000000e+00
0.000000000000000000e+00
0.000000000000000000e+00
0.000000000000000000e+00
0.000000000000000000e+00
0.000000000000000000e+00
0.000000000000000000e+00
1.125116986457390666e+00
1.058888938575228922e+00
6.878109550818169993e+00
2.419349538342628492e+01
3.840768059310027382e+01
4.391949610868970666e+01
3.189412164849154507e+01
2.766110612287561210e+01
2.392147731955412482e+01
1.392132609121067155e+01
1.182103455769591704e+01
8.679817547740693584e+00
6.362024318949032420e+00
3.686073539573203828e+00
2.859636380870284711e+00
1.933347937099957115e+00
9.475493570486853701e-01
4.467764560863455858e-01
1.718139595099428263e-01
0.000000000000000000e+00
0.000000000000000000e+00
0.000000000000000000e+00
0.000000000000000000e+00
0.000000000000000000e+00
0.000000000000000000e+00
0.000000000000000000e+00
0.000000000000000000e+00
0.000000000000000000e+00
0.000000000000000000e+00
0.000000000000000000e+00
0.000000000000000000e+00
0.000000000000000000e+00
0.000000000000000000e+00
0.000000000000000000e+00
0.000000000000000000e+00
0.000000000000000000e+00
8.471111508601831375e+00
1.375621910163633999e+01
3.315404922913972285e+01
3.680736056838775738e+01
3.694814752000880276e+01
1.949085211852261068e+01
1.795545485169118649e+01
1.890568368803471344e+01
1.392132609121067155e+01
1.182103455769591704e+01
6.664859902729461716e+00
5.631955954479471060e+00
2.896200638236088754e+00
2.440223045009309644e+00
1.230312323609063618e+00
7.662790452654586471e-01
3.540032029099459687e-01
1.437377885065418692e-01
0.000000000000000000e+00
0.000000000000000000e+00
0.000000000000000000e+00
0.000000000000000000e+00
0.000000000000000000e+00
0.000000000000000000e+00
0.000000000000000000e+00
0.000000000000000000e+00
0.000000000000000000e+00
0.000000000000000000e+00
0.000000000000000000e+00
0.000000000000000000e+00
0.000000000000000000e+00
0.000000000000000000e+00
0.000000000000000000e+00
0.000000000000000000e+00
3.546124740737781611e+00
1.350140383748868800e+01
2.117777877150457755e+01
2.849502528196098794e+01
3.584221538285375885e+01
3.440688053131899693e+01
2.927966407245980207e+01
1.890022023614313795e+01
1.795545485169118649e+01
1.080324782173412146e+01
7.997357541759321897e+00
6.348333373577436767e+00
4.494905515794288320e+00
3.546046341709296890e+00
2.698732412901810207e+00
1.715781828522170871e+00
1.093610954319167661e+00
5.850087334822318130e-01
2.856439637273356924e-01
1.165771448184692027e-01
0.000000000000000000e+00
0.000000000000000000e+00
0.000000000000000000e+00
0.000000000000000000e+00
0.000000000000000000e+00
0.000000000000000000e+00
0.000000000000000000e+00
0.000000000000000000e+00
0.000000000000000000e+00
0.000000000000000000e+00
0.000000000000000000e+00
0.000000000000000000e+00
0.000000000000000000e+00
0.000000000000000000e+00
0.000000000000000000e+00
0.000000000000000000e+00
0.000000000000000000e+00
2.364083160491854407e+00
2.137722274269042089e+01
2.647222346438072194e+01
4.814676685572718640e+01
3.673827076742509945e+01
3.280656050660648049e+01
3.206820350793216789e+01
1.712832458900471977e+01
1.504375947033586058e+01
1.234656893912470998e+01
8.589754396704456951e+00
3.721436805200566411e+00
3.719921806174583345e+00
3.128864419155261700e+00
2.435441445789438220e+00
1.410753947896007165e+00
8.787945168636168702e-01
3.954988620724947390e-01
2.490229427366516257e-01
9.765624696835116525e-02
0.000000000000000000e+00
0.000000000000000000e+00
0.000000000000000000e+00
0.000000000000000000e+00
0.000000000000000000e+00
0.000000000000000000e+00
0.000000000000000000e+00
0.000000000000000000e+00
0.000000000000000000e+00
0.000000000000000000e+00
0.000000000000000000e+00
0.000000000000000000e+00
0.000000000000000000e+00
0.000000000000000000e+00
0.000000000000000000e+00
0.000000000000000000e+00
0.000000000000000000e+00
6.153577237444839199e+00
1.063837422221334528e+01
3.150327562080693866e+01
4.765000223588530304e+01
3.832089606884408539e+01
2.867377230628300566e+01
2.880576044482520359e+01
1.742837147170226331e+01
1.653769270662524704e+01
1.261734665253975329e+01
7.330775307605296831e+00
4.739174839561079544e+00
4.159252899930044656e+00
3.564925064250642261e+00
2.398796054685700785e+00
1.843036769786601914e+00
1.334496977739466184e+00
6.639780794080660797e-01
4.861340179641081560e-01
2.514643441360305820e-01
1.000976531425599447e-01
0.000000000000000000e+00
0.000000000000000000e+00
0.000000000000000000e+00
0.000000000000000000e+00
0.000000000000000000e+00
0.000000000000000000e+00
0.000000000000000000e+00
0.000000000000000000e+00
0.000000000000000000e+00
0.000000000000000000e+00
0.000000000000000000e+00
0.000000000000000000e+00
0.000000000000000000e+00
0.000000000000000000e+00
0.000000000000000000e+00
0.000000000000000000e+00
1.307719656795440555e+00
5.089020638729317980e+00
1.353786992237864695e+01
2.009470686418076113e+01
2.587769068851998355e+01
3.070777921868164029e+01
2.849502528196098794e+01
2.150532922971225247e+01
1.920384029655013691e+01
1.673123661283417363e+01
1.181263764758946166e+01
8.249803580506760881e+00
8.488266145648237782e+00
5.331571694506214598e+00
3.721436805200566411e+00
1.859960903087291673e+00
1.564432209577630850e+00
1.250632093783765608e+00
1.029469097113302478e+00
7.030356134908934962e-01
3.295823850604123195e-01
1.635738937583888220e-01
6.591796670363703203e-02
0.000000000000000000e+00
0.000000000000000000e+00
0.000000000000000000e+00
0.000000000000000000e+00
0.000000000000000000e+00
0.000000000000000000e+00
0.000000000000000000e+00
0.000000000000000000e+00
0.000000000000000000e+00
0.000000000000000000e+00
0.000000000000000000e+00
0.000000000000000000e+00
0.000000000000000000e+00
0.000000000000000000e+00
0.000000000000000000e+00
0.000000000000000000e+00
1.338054815040071732e+00
3.923158970386321442e+00
8.905786117776306909e+00
2.584502439726832534e+01
2.482287318516447172e+01
3.937909452600867155e+01
3.176666815725686632e+01
2.751243820327267997e+01
1.612899692228419113e+01
1.520304023476885824e+01
1.254842745962563022e+01
1.063137388283051443e+01
9.220368707625205218e+00
5.401623910867060729e+00
4.146777984615944490e+00
3.283620710471088167e+00
2.634944612706996647e+00
1.147250287023596105e+00
1.382277577339951380e+00
7.625697015654092636e-01
5.468054771595838304e-01
2.471867887953092258e-01
1.489254853621151953e-01
4.760742039707119289e-02
0.000000000000000000e+00
0.000000000000000000e+00
0.000000000000000000e+00
0.000000000000000000e+00
0.000000000000000000e+00
0.000000000000000000e+00
0.000000000000000000e+00
0.000000000000000000e+00
0.000000000000000000e+00
0.000000000000000000e+00
0.000000000000000000e+00
0.000000000000000000e+00
0.000000000000000000e+00
0.000000000000000000e+00
0.000000000000000000e+00
0.000000000000000000e+00
0.000000000000000000e+00
2.676109630080143464e+00
9.154037597568084550e+00
1.653931707587028299e+01
2.830645529224626245e+01
3.191512266664003405e+01
3.937909452600867155e+01
2.011888983292934796e+01
1.866915449507789049e+01
1.164871999942747038e+01
1.280256019770009068e+01
1.742837147170226331e+01
7.087582588553676288e+00
5.338108199151434086e+00
3.086642234781177496e+00
2.961984274725674826e+00
2.189080473647392111e+00
1.859960903087291673e+00
1.355841248300613477e+00
1.053163868449486840e+00
6.100557612523274109e-01
4.296328749111015810e-01
2.142285502892679883e-01
1.171872671701890134e-01
4.791259616884729206e-02
0.000000000000000000e+00
0.000000000000000000e+00
0.000000000000000000e+00
0.000000000000000000e+00
0.000000000000000000e+00
0.000000000000000000e+00
0.000000000000000000e+00
0.000000000000000000e+00
0.000000000000000000e+00
0.000000000000000000e+00
0.000000000000000000e+00
0.000000000000000000e+00
0.000000000000000000e+00
0.000000000000000000e+00
0.000000000000000000e+00
0.000000000000000000e+00
1.386476391214087167e+00
0.000000000000000000e+00
4.014164445120215419e+00
1.307719656795440599e+01
3.562314447110522764e+01
2.092216260731245470e+01
3.073308108639410818e+01
2.475257370206259466e+01
1.906000089435412193e+01
1.572139325901295948e+01
6.272387691999407267e+00
7.201440111206300898e+00
2.788539435472362271e+00
5.906318823794730832e+00
5.338108199151434086e+00
1.929151396738235880e+00
4.146777984615944490e+00
2.189080473647392111e+00
2.014957645011232756e+00
7.300683644695611374e-01
7.240501595590221884e-01
8.769551568002206254e-01
3.319890397040330399e-01
1.730307521567164553e-01
8.056624617950494671e-02
3.906249878734046471e-02
0.000000000000000000e+00
0.000000000000000000e+00
0.000000000000000000e+00
0.000000000000000000e+00
0.000000000000000000e+00
0.000000000000000000e+00
0.000000000000000000e+00
0.000000000000000000e+00
0.000000000000000000e+00
0.000000000000000000e+00
0.000000000000000000e+00
0.000000000000000000e+00
0.000000000000000000e+00
0.000000000000000000e+00
0.000000000000000000e+00
0.000000000000000000e+00
0.000000000000000000e+00
1.386476391214087167e+00
4.092230757004260866e+00
1.739471259552093230e+01
2.746211279270425010e+01
3.562314447110522764e+01
3.322931708220212954e+01
2.245879002467261643e+01
1.350140383748868800e+01
1.694222301720366275e+01
1.473880618032464973e+01
2.688166153714031559e+00
4.000800061781278671e+00
3.485674294340452839e+00
8.859478235692096248e+00
3.396977944914548964e+00
3.086642234781177496e+00
1.184793709890269886e+00
1.970172426282652767e+00
1.084977193467586698e+00
1.355841248300613477e+00
5.924046760028363057e-01
3.431563657044341964e-01
1.952876704141370823e-01
1.895098714097370740e-01
7.568344338074706190e-02
3.448486221069900493e-02
0.000000000000000000e+00
0.000000000000000000e+00
0.000000000000000000e+00
0.000000000000000000e+00
0.000000000000000000e+00
0.000000000000000000e+00
0.000000000000000000e+00
0.000000000000000000e+00
0.000000000000000000e+00
0.000000000000000000e+00
0.000000000000000000e+00
0.000000000000000000e+00
0.000000000000000000e+00
0.000000000000000000e+00
0.000000000000000000e+00
0.000000000000000000e+00
0.000000000000000000e+00
2.811661107804137583e+00
4.159429173642261723e+00
6.820384595007100259e+00
2.140887704064114772e+01
3.138527176309057154e+01
7.633530958093976970e+00
1.476858536986761550e+01
9.456332641967417629e+00
9.000935891659125332e+00
9.530000447177060963e+00
1.080845786557140897e+01
4.480276922856719857e+00
4.800960074137534228e+00
2.091404576604271703e+00
2.362527529517892244e+00
5.338108199151434086e+00
3.086642234781177496e+00
2.961984274725674826e+00
6.567241420942175889e-01
1.239973935391527782e+00
9.386593257465785101e-01
3.949364506685575371e-01
3.050278806261637055e-01
2.538739715383782070e-01
1.400725136506752178e-01
6.591783778323132004e-02
2.777099523162486136e-02
0.000000000000000000e+00
0.000000000000000000e+00
0.000000000000000000e+00
0.000000000000000000e+00
0.000000000000000000e+00
0.000000000000000000e+00
0.000000000000000000e+00
0.000000000000000000e+00
0.000000000000000000e+00
0.000000000000000000e+00
0.000000000000000000e+00
0.000000000000000000e+00
0.000000000000000000e+00
0.000000000000000000e+00
0.000000000000000000e+00
0.000000000000000000e+00
0.000000000000000000e+00
0.000000000000000000e+00
2.811661107804137583e+00
8.318858347284523447e+00
9.548538433009941429e+00
2.140887704064114772e+01
1.830807519513616910e+01
1.526706191618795394e+01
8.615008132422774523e+00
4.728166320983708815e+00
1.237628685103129733e+01
9.530000447177060963e+00
3.930348314753239869e+00
4.480276922856719857e+00
8.001600123562556677e-01
4.182809153208543407e+00
3.543791294276838144e+00
1.941130254236885122e+00
7.716605586952943741e-01
5.923968549451349430e-01
6.567241420942175889e-01
6.199869676957638909e-01
5.214774031925436537e-01
3.291137088904646513e-01
2.668993955478932145e-01
1.757589033727233740e-01
5.767691738557215175e-02
7.324204198136813337e-02
2.532958905741608188e-02
0.000000000000000000e+00
0.000000000000000000e+00
0.000000000000000000e+00
0.000000000000000000e+00
0.000000000000000000e+00
0.000000000000000000e+00
0.000000000000000000e+00
0.000000000000000000e+00
0.000000000000000000e+00
0.000000000000000000e+00
0.000000000000000000e+00
0.000000000000000000e+00
0.000000000000000000e+00
0.000000000000000000e+00
0.000000000000000000e+00
0.000000000000000000e+00
0.000000000000000000e+00
1.437240467635767294e+00
0.000000000000000000e+00
4.217491661706206152e+00
1.941066947699722078e+01
2.318930762302414195e+01
2.140887704064114772e+01
6.538598283977202996e+00
1.017804127745863596e+01
9.845723579911743073e+00
9.456332641967417629e+00
6.750701918744343999e+00
7.412222570026602675e+00
2.947761236064930124e+00
6.272387691999407267e+00
3.200640049425022671e+00
1.394269717736181136e+00
3.543791294276838144e+00
3.396977944914548964e+00
1.543321117390588748e+00
8.885952824177023590e-01
4.378160947294784111e-01
1.084977193467586698e+00
2.085909612770174559e-01
3.291137088904646513e-01
2.668993955478932145e-01
1.367013692898959576e-01
1.153538347711443035e-01
5.126942938695769336e-02
1.800537053478974692e-02
0.000000000000000000e+00
0.000000000000000000e+00
0.000000000000000000e+00
0.000000000000000000e+00
0.000000000000000000e+00
0.000000000000000000e+00
0.000000000000000000e+00
0.000000000000000000e+00
0.000000000000000000e+00
0.000000000000000000e+00
0.000000000000000000e+00
0.000000000000000000e+00
0.000000000000000000e+00
0.000000000000000000e+00
0.000000000000000000e+00
0.000000000000000000e+00
0.000000000000000000e+00
0.000000000000000000e+00
2.874480935271534587e+00
1.138095423771834369e+01
1.265247498511861934e+01
3.050248060670991634e+01
1.500484610901562199e+01
1.338054815040071688e+01
1.176947691115896433e+01
5.089020638729317980e+00
1.107643902740071162e+01
3.546124740737781611e+00
3.375350959372171999e+00
3.176666815725686988e+00
2.947761236064930124e+00
4.480276922856719857e+00
1.600320024712511335e+00
6.971348588680905678e-01
1.181263764758946122e+00
1.455847690677663842e+00
1.157490838042941617e+00
2.961984274725674715e-01
4.378160947294784111e-01
6.199869676957638909e-01
3.128864419155261700e-01
1.316454835561858550e-01
1.143854552348113895e-01
1.952876704141370823e-01
1.071142751446339941e-01
3.417961959130512428e-02
1.434326127347657770e-02
0.000000000000000000e+00
0.000000000000000000e+00
0.000000000000000000e+00
0.000000000000000000e+00
0.000000000000000000e+00
0.000000000000000000e+00
0.000000000000000000e+00
0.000000000000000000e+00
0.000000000000000000e+00
0.000000000000000000e+00
0.000000000000000000e+00
0.000000000000000000e+00
0.000000000000000000e+00
0.000000000000000000e+00
0.000000000000000000e+00
0.000000000000000000e+00
0.000000000000000000e+00
0.000000000000000000e+00
2.900048006555250080e+00
1.293516420872190587e+01
1.280357351743313643e+01
1.968162775462896263e+01
1.525124030335495817e+01
1.636892302801704346e+01
1.204249333536064626e+01
5.230878627181762219e+00
5.089020638729317980e+00
6.153577237444839199e+00
0.000000000000000000e+00
3.375350959372171999e+00
4.235555754300915687e+00
1.965174157376619934e+00
8.960553845713439269e-01
3.200640049425022671e+00
6.971348588680905678e-01
1.181263764758946122e+00
1.941130254236885122e+00
1.929151396738235880e+00
5.923968549451349430e-01
0.000000000000000000e+00
1.549967419239409727e-01
4.171819225540349119e-01
2.632909671123717099e-01
2.287709104696227791e-01
9.764383520706854114e-02
5.767691738557215175e-02
2.441401399378937548e-02
1.617431590413316231e-02
0.000000000000000000e+00
0.000000000000000000e+00
0.000000000000000000e+00
0.000000000000000000e+00
0.000000000000000000e+00
0.000000000000000000e+00
0.000000000000000000e+00
0.000000000000000000e+00
0.000000000000000000e+00
0.000000000000000000e+00
0.000000000000000000e+00
0.000000000000000000e+00
0.000000000000000000e+00
0.000000000000000000e+00
0.000000000000000000e+00
0.000000000000000000e+00
0.000000000000000000e+00
0.000000000000000000e+00
0.000000000000000000e+00
4.350072009832874897e+00
1.437240467635767338e+01
2.133928919572189287e+01
1.546413609292275737e+01
1.109181112971269734e+01
1.227669227101278082e+01
5.352219260160286929e+00
7.846317940772642885e+00
1.272255159682329495e+00
1.230715447488967884e+00
2.364083160491854407e+00
1.125116986457390666e+00
1.058888938575228922e+00
0.000000000000000000e+00
8.960553845713439269e-01
1.600320024712511335e+00
2.091404576604271703e+00
1.181263764758946122e+00
4.852825635592212805e-01
7.716605586952943741e-01
8.885952824177023590e-01
0.000000000000000000e+00
0.000000000000000000e+00
2.085909612770174559e-01
4.607591924466504785e-01
3.812848507827046318e-02
7.811506816565483291e-02
4.943735775906184238e-02
2.441401399378937548e-02
1.068115201216340848e-02
0.000000000000000000e+00
0.000000000000000000e+00
0.000000000000000000e+00
0.000000000000000000e+00
0.000000000000000000e+00
0.000000000000000000e+00
0.000000000000000000e+00
0.000000000000000000e+00
0.000000000000000000e+00
0.000000000000000000e+00
0.000000000000000000e+00
0.000000000000000000e+00
0.000000000000000000e+00
0.000000000000000000e+00
0.000000000000000000e+00
0.000000000000000000e+00
0.000000000000000000e+00
1.479865982045772466e+00
0.000000000000000000e+00
0.000000000000000000e+00
7.250120016388125421e+00
2.443308794980804421e+01
1.422619279714792917e+01
8.434983323412412304e+00
1.525124030335495817e+01
1.091261535201136113e+01
6.690274075200358439e+00
3.923158970386321442e+00
1.272255159682329495e+00
2.461430894977935768e+00
2.364083160491854407e+00
0.000000000000000000e+00
0.000000000000000000e+00
0.000000000000000000e+00
1.792110769142687854e+00
8.001600123562556677e-01
0.000000000000000000e+00
0.000000000000000000e+00
9.705651271184425610e-01
0.000000000000000000e+00
2.961984274725674715e-01
6.567241420942175889e-01
1.549967419239409727e-01
1.042954806385087280e-01
1.316454835561858550e-01
1.906424253913523159e-01
1.952876704141370823e-02
5.767691738557215175e-02
1.953121119503150108e-02
8.544921609730726439e-03
0.000000000000000000e+00
0.000000000000000000e+00
0.000000000000000000e+00
0.000000000000000000e+00
0.000000000000000000e+00
0.000000000000000000e+00
0.000000000000000000e+00
0.000000000000000000e+00
0.000000000000000000e+00
0.000000000000000000e+00
0.000000000000000000e+00
0.000000000000000000e+00
0.000000000000000000e+00
0.000000000000000000e+00
0.000000000000000000e+00
0.000000000000000000e+00
0.000000000000000000e+00
1.487618036407947875e+00
0.000000000000000000e+00
7.355638371518673502e+00
1.022870635402409079e+01
7.250120016388125421e+00
5.748961870543069175e+00
1.422619279714792961e+00
8.434983323412412304e+00
6.932381956070435614e+00
2.728153838002840281e+00
0.000000000000000000e+00
0.000000000000000000e+00
1.272255159682329495e+00
2.461430894977935768e+00
1.182041580245927204e+00
2.250233972914781333e+00
1.058888938575228922e+00
1.965174157376619934e+00
8.960553845713439269e-01
8.001600123562556677e-01
6.971348588680905678e-01
1.181263764758946122e+00
0.000000000000000000e+00
0.000000000000000000e+00
0.000000000000000000e+00
4.378160947294784111e-01
3.099934838478819454e-01
1.042954806385087280e-01
1.316454835561858550e-01
1.143854552348113895e-01
9.764383520706854114e-02
4.119779813255153994e-02
1.708980979565256214e-02
8.850097381506823874e-03
0.000000000000000000e+00
0.000000000000000000e+00
0.000000000000000000e+00
0.000000000000000000e+00
0.000000000000000000e+00
0.000000000000000000e+00
0.000000000000000000e+00
0.000000000000000000e+00
0.000000000000000000e+00
0.000000000000000000e+00
0.000000000000000000e+00
0.000000000000000000e+00
0.000000000000000000e+00
0.000000000000000000e+00
0.000000000000000000e+00
0.000000000000000000e+00
0.000000000000000000e+00
0.000000000000000000e+00
0.000000000000000000e+00
2.959731964091544931e+00
2.942255348607469401e+00
2.045741270804818157e+01
1.015016802294337595e+01
8.623442805814603318e+00
2.845238559429585923e+00
2.811661107804137583e+00
5.545905564856348668e+00
2.728153838002840281e+00
5.352219260160286929e+00
1.307719656795440555e+00
2.544510319364658990e+00
0.000000000000000000e+00
0.000000000000000000e+00
1.125116986457390666e+00
2.117777877150457844e+00
0.000000000000000000e+00
0.000000000000000000e+00
8.001600123562556677e-01
0.000000000000000000e+00
1.771895647138419072e+00
0.000000000000000000e+00
3.858302793476471870e-01
0.000000000000000000e+00
4.378160947294784111e-01
0.000000000000000000e+00
0.000000000000000000e+00
6.582274177809292748e-02
3.812848507827046318e-02
3.905753408282741646e-02
4.119779813255153994e-02
1.464840839627362667e-02
7.629394294402434135e-03
0.000000000000000000e+00
0.000000000000000000e+00
0.000000000000000000e+00
0.000000000000000000e+00
0.000000000000000000e+00
0.000000000000000000e+00
0.000000000000000000e+00
0.000000000000000000e+00
0.000000000000000000e+00
0.000000000000000000e+00
0.000000000000000000e+00
0.000000000000000000e+00
0.000000000000000000e+00
0.000000000000000000e+00
0.000000000000000000e+00
0.000000000000000000e+00
0.000000000000000000e+00
0.000000000000000000e+00
0.000000000000000000e+00
0.000000000000000000e+00
8.879195892274633906e+00
1.618240441734108259e+01
4.383731294581753701e+00
1.160019202622100032e+01
7.186202338178836690e+00
5.690477118859171846e+00
2.811661107804137583e+00
2.772952782428174334e+00
2.728153838002840281e+00
1.338054815040071732e+00
0.000000000000000000e+00
0.000000000000000000e+00
2.461430894977935768e+00
0.000000000000000000e+00
1.125116986457390666e+00
0.000000000000000000e+00
0.000000000000000000e+00
0.000000000000000000e+00
0.000000000000000000e+00
1.394269717736181136e+00
0.000000000000000000e+00
4.852825635592212805e-01
0.000000000000000000e+00
0.000000000000000000e+00
6.567241420942175889e-01
1.549967419239409727e-01
0.000000000000000000e+00
0.000000000000000000e+00
7.625697015654092636e-02
5.858630112424112468e-02
2.471867887953092119e-02
1.220700699689468774e-02
6.713866979074142698e-03
0.000000000000000000e+00
0.000000000000000000e+00
0.000000000000000000e+00
0.000000000000000000e+00
0.000000000000000000e+00
0.000000000000000000e+00
0.000000000000000000e+00
0.000000000000000000e+00
0.000000000000000000e+00
0.000000000000000000e+00
0.000000000000000000e+00
0.000000000000000000e+00
0.000000000000000000e+00
0.000000000000000000e+00
0.000000000000000000e+00
0.000000000000000000e+00
0.000000000000000000e+00
0.000000000000000000e+00
0.000000000000000000e+00
2.989035579654610419e+00
1.487618036407947875e+00
1.183892785636617973e+01
4.413383022911204101e+00
1.461243764860584493e+00
4.350072009832874897e+00
5.748961870543069175e+00
1.422619279714792961e+00
1.405830553902068791e+00
1.386476391214087167e+00
0.000000000000000000e+00
1.338054815040071732e+00
1.307719656795440555e+00
0.000000000000000000e+00
0.000000000000000000e+00
0.000000000000000000e+00
2.250233972914781333e+00
1.058888938575228922e+00
9.825870786883099672e-01
1.792110769142687854e+00
0.000000000000000000e+00
1.394269717736181136e+00
5.906318823794730610e-01
0.000000000000000000e+00
3.858302793476471870e-01
0.000000000000000000e+00
0.000000000000000000e+00
3.099934838478819454e-01
0.000000000000000000e+00
0.000000000000000000e+00
7.625697015654092636e-02
1.952876704141370823e-02
4.119779813255153994e-02
9.765605597515750538e-03
6.103515435521947828e-03
0.000000000000000000e+00
0.000000000000000000e+00
0.000000000000000000e+00
0.000000000000000000e+00
0.000000000000000000e+00
0.000000000000000000e+00
0.000000000000000000e+00
0.000000000000000000e+00
0.000000000000000000e+00
0.000000000000000000e+00
0.000000000000000000e+00
0.000000000000000000e+00
0.000000000000000000e+00
0.000000000000000000e+00
0.000000000000000000e+00
0.000000000000000000e+00
0.000000000000000000e+00
0.000000000000000000e+00
0.000000000000000000e+00
0.000000000000000000e+00
8.967106738963831702e+00
1.338856232767153109e+01
7.399329910228862772e+00
1.471127674303734700e+00
1.461243764860584493e+00
2.900048006555250080e+00
1.437240467635767294e+00
1.422619279714792961e+00
1.405830553902068791e+00
0.000000000000000000e+00
1.364076919001420141e+00
1.338054815040071732e+00
0.000000000000000000e+00
0.000000000000000000e+00
2.461430894977935768e+00
0.000000000000000000e+00
0.000000000000000000e+00
0.000000000000000000e+00
1.965174157376619934e+00
0.000000000000000000e+00
8.001600123562556677e-01
0.000000000000000000e+00
5.906318823794730610e-01
0.000000000000000000e+00
7.716605586952943741e-01
0.000000000000000000e+00
0.000000000000000000e+00
0.000000000000000000e+00
1.042954806385087280e-01
0.000000000000000000e+00
3.812848507827046318e-02
1.952876704141370823e-02
0.000000000000000000e+00
1.953121119503150108e-02
3.967285033089265785e-03
0.000000000000000000e+00
0.000000000000000000e+00
0.000000000000000000e+00
0.000000000000000000e+00
0.000000000000000000e+00
0.000000000000000000e+00
0.000000000000000000e+00
0.000000000000000000e+00
0.000000000000000000e+00
0.000000000000000000e+00
0.000000000000000000e+00
0.000000000000000000e+00
0.000000000000000000e+00
0.000000000000000000e+00
0.000000000000000000e+00
0.000000000000000000e+00
0.000000000000000000e+00
0.000000000000000000e+00
0.000000000000000000e+00
0.000000000000000000e+00
7.503391349321382187e+00
1.046162452879113580e+01
2.975236072815895749e+00
1.479865982045772466e+00
5.884510697214938801e+00
2.922487529721168986e+00
4.350072009832874897e+00
2.874480935271534587e+00
0.000000000000000000e+00
0.000000000000000000e+00
0.000000000000000000e+00
0.000000000000000000e+00
0.000000000000000000e+00
0.000000000000000000e+00
0.000000000000000000e+00
0.000000000000000000e+00
0.000000000000000000e+00
0.000000000000000000e+00
0.000000000000000000e+00
0.000000000000000000e+00
0.000000000000000000e+00
0.000000000000000000e+00
6.971348588680905678e-01
0.000000000000000000e+00
0.000000000000000000e+00
0.000000000000000000e+00
0.000000000000000000e+00
2.189080473647392056e-01
0.000000000000000000e+00
0.000000000000000000e+00
6.582274177809292748e-02
1.525139403130818527e-01
3.905753408282741646e-02
2.471867887953092119e-02
2.441401399378937635e-03
6.103515435521947828e-03
0.000000000000000000e+00
0.000000000000000000e+00
0.000000000000000000e+00
0.000000000000000000e+00
0.000000000000000000e+00
0.000000000000000000e+00
0.000000000000000000e+00
0.000000000000000000e+00
0.000000000000000000e+00
0.000000000000000000e+00
0.000000000000000000e+00
0.000000000000000000e+00
0.000000000000000000e+00
0.000000000000000000e+00
0.000000000000000000e+00
0.000000000000000000e+00
0.000000000000000000e+00
0.000000000000000000e+00
0.000000000000000000e+00
1.511150001924220776e+00
7.530976049892881719e+00
7.503391349321382187e+00
2.989035579654610419e+00
4.462854109223843402e+00
5.919463928183089863e+00
1.471127674303734700e+00
2.922487529721168986e+00
1.450024003277625040e+00
0.000000000000000000e+00
0.000000000000000000e+00
1.405830553902068791e+00
0.000000000000000000e+00
0.000000000000000000e+00
0.000000000000000000e+00
1.307719656795440555e+00
0.000000000000000000e+00
0.000000000000000000e+00
0.000000000000000000e+00
0.000000000000000000e+00
0.000000000000000000e+00
0.000000000000000000e+00
0.000000000000000000e+00
0.000000000000000000e+00
0.000000000000000000e+00
0.000000000000000000e+00
0.000000000000000000e+00
0.000000000000000000e+00
0.000000000000000000e+00
2.189080473647392056e-01
0.000000000000000000e+00
0.000000000000000000e+00
6.582274177809292748e-02
3.812848507827046318e-02
1.952876704141370823e-02
8.239559626510307641e-03
7.324204198136813337e-03
3.662109261313168350e-03
0.000000000000000000e+00
0.000000000000000000e+00
0.000000000000000000e+00
0.000000000000000000e+00
0.000000000000000000e+00
0.000000000000000000e+00
0.000000000000000000e+00
0.000000000000000000e+00
0.000000000000000000e+00
0.000000000000000000e+00
0.000000000000000000e+00
0.000000000000000000e+00
0.000000000000000000e+00
0.000000000000000000e+00
0.000000000000000000e+00
0.000000000000000000e+00
0.000000000000000000e+00
0.000000000000000000e+00
3.039281991600626842e+00
1.515612101736341533e+00
4.533450005772662550e+00
3.012390419957152510e+00
7.503391349321382187e+00
4.483553369481915851e+00
2.975236072815895749e+00
2.959731964091544931e+00
0.000000000000000000e+00
0.000000000000000000e+00
1.450024003277625040e+00
0.000000000000000000e+00
0.000000000000000000e+00
0.000000000000000000e+00
0.000000000000000000e+00
0.000000000000000000e+00
1.338054815040071732e+00
1.307719656795440555e+00
0.000000000000000000e+00
0.000000000000000000e+00
1.182041580245927204e+00
0.000000000000000000e+00
0.000000000000000000e+00
0.000000000000000000e+00
0.000000000000000000e+00
0.000000000000000000e+00
0.000000000000000000e+00
0.000000000000000000e+00
0.000000000000000000e+00
0.000000000000000000e+00
2.961984274725674715e-01
0.000000000000000000e+00
0.000000000000000000e+00
0.000000000000000000e+00
6.582274177809292748e-02
3.812848507827046318e-02
1.952876704141370823e-02
5.767691738557215175e-02
4.882802798757875269e-03
3.051757717760973914e-03
0.000000000000000000e+00
0.000000000000000000e+00
0.000000000000000000e+00
0.000000000000000000e+00
0.000000000000000000e+00
0.000000000000000000e+00
0.000000000000000000e+00
0.000000000000000000e+00
0.000000000000000000e+00
0.000000000000000000e+00
0.000000000000000000e+00
0.000000000000000000e+00
0.000000000000000000e+00
0.000000000000000000e+00
0.000000000000000000e+00
0.000000000000000000e+00
0.000000000000000000e+00
0.000000000000000000e+00
0.000000000000000000e+00
3.039281991600626842e+00
3.031224203472683065e+00
1.360035001731798765e+01
4.518585629935728321e+00
3.001356539728552875e+00
0.000000000000000000e+00
2.975236072815895749e+00
0.000000000000000000e+00
0.000000000000000000e+00
1.461243764860584493e+00
1.450024003277625040e+00
2.874480935271534587e+00
0.000000000000000000e+00
1.405830553902068791e+00
0.000000000000000000e+00
0.000000000000000000e+00
0.000000000000000000e+00
0.000000000000000000e+00
0.000000000000000000e+00
0.000000000000000000e+00
0.000000000000000000e+00
0.000000000000000000e+00
1.058888938575228922e+00
0.000000000000000000e+00
0.000000000000000000e+00
0.000000000000000000e+00
6.971348588680905678e-01
0.000000000000000000e+00
0.000000000000000000e+00
0.000000000000000000e+00
0.000000000000000000e+00
0.000000000000000000e+00
0.000000000000000000e+00
0.000000000000000000e+00
0.000000000000000000e+00
3.812848507827046318e-02
0.000000000000000000e+00
0.000000000000000000e+00
2.441401399378937635e-03
2.441406174208779045e-03
0.000000000000000000e+00
0.000000000000000000e+00
0.000000000000000000e+00
0.000000000000000000e+00
0.000000000000000000e+00
0.000000000000000000e+00
0.000000000000000000e+00
0.000000000000000000e+00
0.000000000000000000e+00
0.000000000000000000e+00
0.000000000000000000e+00
0.000000000000000000e+00
0.000000000000000000e+00
0.000000000000000000e+00
0.000000000000000000e+00
0.000000000000000000e+00
0.000000000000000000e+00
0.000000000000000000e+00
0.000000000000000000e+00
0.000000000000000000e+00
0.000000000000000000e+00
7.578060508681707219e+00
6.044600007696883104e+00
0.000000000000000000e+00
0.000000000000000000e+00
0.000000000000000000e+00
2.975236072815895749e+00
2.959731964091544931e+00
0.000000000000000000e+00
0.000000000000000000e+00
0.000000000000000000e+00
5.748961870543069175e+00
0.000000000000000000e+00
0.000000000000000000e+00
0.000000000000000000e+00
1.364076919001420141e+00
0.000000000000000000e+00
0.000000000000000000e+00
0.000000000000000000e+00
0.000000000000000000e+00
0.000000000000000000e+00
0.000000000000000000e+00
0.000000000000000000e+00
0.000000000000000000e+00
0.000000000000000000e+00
0.000000000000000000e+00
0.000000000000000000e+00
0.000000000000000000e+00
0.000000000000000000e+00
0.000000000000000000e+00
2.961984274725674715e-01
2.189080473647392056e-01
1.549967419239409727e-01
0.000000000000000000e+00
0.000000000000000000e+00
0.000000000000000000e+00
0.000000000000000000e+00
1.647911925302061528e-02
7.324204198136813337e-03
9.155273153282920875e-04
0.000000000000000000e+00
0.000000000000000000e+00
0.000000000000000000e+00
0.000000000000000000e+00
0.000000000000000000e+00
0.000000000000000000e+00
0.000000000000000000e+00
0.000000000000000000e+00
0.000000000000000000e+00
0.000000000000000000e+00
0.000000000000000000e+00
0.000000000000000000e+00
0.000000000000000000e+00
0.000000000000000000e+00
0.000000000000000000e+00
0.000000000000000000e+00
0.000000000000000000e+00
0.000000000000000000e+00
0.000000000000000000e+00
1.526596647263466888e+00
4.569863437282231544e+00
4.558922987400940485e+00
1.515612101736341533e+00
0.000000000000000000e+00
0.000000000000000000e+00
1.500678269864276437e+00
0.000000000000000000e+00
0.000000000000000000e+00
0.000000000000000000e+00
0.000000000000000000e+00
0.000000000000000000e+00
1.450024003277625040e+00
0.000000000000000000e+00
0.000000000000000000e+00
0.000000000000000000e+00
0.000000000000000000e+00
0.000000000000000000e+00
0.000000000000000000e+00
0.000000000000000000e+00
0.000000000000000000e+00
0.000000000000000000e+00
0.000000000000000000e+00
0.000000000000000000e+00
0.000000000000000000e+00
9.825870786883099672e-01
0.000000000000000000e+00
0.000000000000000000e+00
0.000000000000000000e+00
0.000000000000000000e+00
0.000000000000000000e+00
0.000000000000000000e+00
0.000000000000000000e+00
0.000000000000000000e+00
0.000000000000000000e+00
0.000000000000000000e+00
0.000000000000000000e+00
0.000000000000000000e+00
0.000000000000000000e+00
1.647911925302061528e-02
4.882802798757875269e-03
1.220703087104389522e-03
0.000000000000000000e+00
0.000000000000000000e+00
0.000000000000000000e+00
0.000000000000000000e+00
0.000000000000000000e+00
0.000000000000000000e+00
0.000000000000000000e+00
0.000000000000000000e+00
0.000000000000000000e+00
0.000000000000000000e+00
0.000000000000000000e+00
0.000000000000000000e+00
0.000000000000000000e+00
0.000000000000000000e+00
0.000000000000000000e+00
0.000000000000000000e+00
0.000000000000000000e+00
0.000000000000000000e+00
0.000000000000000000e+00
0.000000000000000000e+00
1.526596647263466888e+00
1.523287812427410515e+00
1.519640995800313421e+00
1.515612101736341533e+00
0.000000000000000000e+00
0.000000000000000000e+00
0.000000000000000000e+00
0.000000000000000000e+00
0.000000000000000000e+00
1.479865982045772466e+00
0.000000000000000000e+00
0.000000000000000000e+00
1.450024003277625040e+00
0.000000000000000000e+00
0.000000000000000000e+00
0.000000000000000000e+00
0.000000000000000000e+00
0.000000000000000000e+00
0.000000000000000000e+00
0.000000000000000000e+00
0.000000000000000000e+00
0.000000000000000000e+00
0.000000000000000000e+00
0.000000000000000000e+00
0.000000000000000000e+00
0.000000000000000000e+00
0.000000000000000000e+00
0.000000000000000000e+00
0.000000000000000000e+00
0.000000000000000000e+00
0.000000000000000000e+00
0.000000000000000000e+00
0.000000000000000000e+00
0.000000000000000000e+00
0.000000000000000000e+00
0.000000000000000000e+00
6.582274177809292748e-02
0.000000000000000000e+00
3.905753408282741646e-02
8.239559626510307641e-03
0.000000000000000000e+00
9.155273153282920875e-04
0.000000000000000000e+00
0.000000000000000000e+00
0.000000000000000000e+00
0.000000000000000000e+00
0.000000000000000000e+00
0.000000000000000000e+00
0.000000000000000000e+00
0.000000000000000000e+00
0.000000000000000000e+00
0.000000000000000000e+00
0.000000000000000000e+00
0.000000000000000000e+00
0.000000000000000000e+00
0.000000000000000000e+00
0.000000000000000000e+00
0.000000000000000000e+00
0.000000000000000000e+00
0.000000000000000000e+00
0.000000000000000000e+00
0.000000000000000000e+00
0.000000000000000000e+00
4.579789941790400221e+00
4.569863437282231544e+00
0.000000000000000000e+00
1.515612101736341533e+00
0.000000000000000000e+00
0.000000000000000000e+00
1.500678269864276437e+00
0.000000000000000000e+00
0.000000000000000000e+00
0.000000000000000000e+00
0.000000000000000000e+00
0.000000000000000000e+00
0.000000000000000000e+00
0.000000000000000000e+00
0.000000000000000000e+00
0.000000000000000000e+00
1.386476391214087167e+00
1.364076919001420141e+00
0.000000000000000000e+00
0.000000000000000000e+00
0.000000000000000000e+00
1.230715447488967884e+00
0.000000000000000000e+00
0.000000000000000000e+00
0.000000000000000000e+00
0.000000000000000000e+00
0.000000000000000000e+00
0.000000000000000000e+00
0.000000000000000000e+00
0.000000000000000000e+00
0.000000000000000000e+00
0.000000000000000000e+00
2.961984274725674715e-01
0.000000000000000000e+00
0.000000000000000000e+00
0.000000000000000000e+00
6.582274177809292748e-02
0.000000000000000000e+00
1.952876704141370823e-02
0.000000000000000000e+00
0.000000000000000000e+00
1.831054630656584175e-03
0.000000000000000000e+00
0.000000000000000000e+00
0.000000000000000000e+00
0.000000000000000000e+00
0.000000000000000000e+00
0.000000000000000000e+00
0.000000000000000000e+00
0.000000000000000000e+00
0.000000000000000000e+00
0.000000000000000000e+00
0.000000000000000000e+00
0.000000000000000000e+00
0.000000000000000000e+00
0.000000000000000000e+00
0.000000000000000000e+00
0.000000000000000000e+00
0.000000000000000000e+00
0.000000000000000000e+00
0.000000000000000000e+00
0.000000000000000000e+00
1.532347965967065351e+00
0.000000000000000000e+00
3.053193294526933776e+00
0.000000000000000000e+00
3.039281991600626842e+00
0.000000000000000000e+00
0.000000000000000000e+00
0.000000000000000000e+00
1.500678269864276437e+00
0.000000000000000000e+00
0.000000000000000000e+00
0.000000000000000000e+00
0.000000000000000000e+00
0.000000000000000000e+00
0.000000000000000000e+00
0.000000000000000000e+00
0.000000000000000000e+00
0.000000000000000000e+00
0.000000000000000000e+00
0.000000000000000000e+00
0.000000000000000000e+00
1.307719656795440555e+00
0.000000000000000000e+00
0.000000000000000000e+00
0.000000000000000000e+00
0.000000000000000000e+00
0.000000000000000000e+00
0.000000000000000000e+00
0.000000000000000000e+00
0.000000000000000000e+00
0.000000000000000000e+00
0.000000000000000000e+00
0.000000000000000000e+00
0.000000000000000000e+00
0.000000000000000000e+00
0.000000000000000000e+00
0.000000000000000000e+00
1.042954806385087280e-01
0.000000000000000000e+00
0.000000000000000000e+00
0.000000000000000000e+00
0.000000000000000000e+00
4.882802798757875269e-03
9.155273153282920875e-04
0.000000000000000000e+00
