# pd_vector
0.000000000000000000e+00
0.000000000000000000e+00
0.000000000000000000e+00
0.000000000000000000e+00
0.000000000000000000e+00
0.000000000000000000e+00
0.000000000000000000e+00
0.000000000000000000e+00
0.000000000000000000e+00
0.000000000000000000e+00
0.000000000000000000e+00
0.000000000000000000e+00
0.000000000000000000e+00
3.051757717760973806e-04
0.000000000000000000e+00
0.000000000000000000e+00
0.000000000000000000e+00
0.000000000000000000e+00
0.000000000000000000e+00
1.495361281702877083e-02
0.000000000000000000e+00
0.000000000000000000e+00
0.000000000000000000e+00
0.000000000000000000e+00
0.000000000000000000e+00
0.000000000000000000e+00
1.428222611912135787e-01
0.000000000000000000e+00
0.000000000000000000e+00
0.000000000000000000e+00
0.000000000000000000e+00
0.000000000000000000e+00
0.000000000000000000e+00
0.000000000000000000e+00
1.090698208327772090e+00
0.000000000000000000e+00
0.000000000000000000e+00
0.000000000000000000e+00
0.000000000000000000e+00
0.000000000000000000e+00
0.000000000000000000e+00
0.000000000000000000e+00
9.765605597515750538e-03
3.855590700619214495e+00
0.000000000000000000e+00
0.000000000000000000e+00
0.000000000000000000e+00
0.000000000000000000e+00
0.000000000000000000e+00
0.000000000000000000e+00
0.000000000000000000e+00
0.000000000000000000e+00
2.951654291849135525e+00
7.853698486657866518e+00
0.000000000000000000e+00
0.000000000000000000e+00
0.000000000000000000e+00
0.000000000000000000e+00
0.000000000000000000e+00
0.000000000000000000e+00
0.000000000000000000e+00
0.000000000000000000e+00
1.400725136506752178e-01
6.325671025790827073e+00
4.690856787970393071e+00
0.000000000000000000e+00
0.000000000000000000e+00
0.000000000000000000e+00
0.000000000000000000e+00
0.000000000000000000e+00
0.000000000000000000e+00
0.000000000000000000e+00
0.000000000000000000e+00
7.811506816565483291e-02
4.943735775906184515e-01
1.618649127788235553e+00
4.252624379699916801e+00
0.000000000000000000e+00
0.000000000000000000e+00
0.000000000000000000e+00
0.000000000000000000e+00
0.000000000000000000e+00
0.000000000000000000e+00
0.000000000000000000e+00
0.000000000000000000e+00
0.000000000000000000e+00
3.124602726626193316e-01
7.003625682533761720e-01
2.565912870747263597e+00
4.543151714430761601e+00
0.000000000000000000e+00
0.000000000000000000e+00
0.000000000000000000e+00
0.000000000000000000e+00
0.000000000000000000e+00
0.000000000000000000e+00
0.000000000000000000e+00
0.000000000000000000e+00
0.000000000000000000e+00
0.000000000000000000e+00
1.757589033727233740e-01
1.903338273723881091e+00
4.162589385941088516e+00
4.526367046983076570e+00
0.000000000000000000e+00
0.000000000000000000e+00
0.000000000000000000e+00
0.000000000000000000e+00
0.000000000000000000e+00
0.000000000000000000e+00
0.000000000000000000e+00
0.000000000000000000e+00
0.000000000000000000e+00
0.000000000000000000e+00
3.812848507827046318e-02
7.616219146151346209e-01
3.584208437531983815e+00
5.305165240850431729e+00
4.343261583917417568e+00
0.000000000000000000e+00
0.000000000000000000e+00
0.000000000000000000e+00
0.000000000000000000e+00
0.000000000000000000e+00
0.000000000000000000e+00
0.000000000000000000e+00
0.000000000000000000e+00
0.000000000000000000e+00
0.000000000000000000e+00
0.000000000000000000e+00
5.337987910957864290e-01
2.421567113135299820e+00
5.726493940424663975e+00
5.703113668949198356e+00
3.866882204174929782e+00
0.000000000000000000e+00
0.000000000000000000e+00
0.000000000000000000e+00
0.000000000000000000e+00
0.000000000000000000e+00
0.000000000000000000e+00
0.000000000000000000e+00
0.000000000000000000e+00
0.000000000000000000e+00
0.000000000000000000e+00
0.000000000000000000e+00
2.632909671123717099e-01
1.372625462817736786e+00
4.999364362601909306e+00
7.456801461991828361e+00
6.115710505444238443e+00
3.465576064289361824e+00
0.000000000000000000e+00
0.000000000000000000e+00
0.000000000000000000e+00
0.000000000000000000e+00
0.000000000000000000e+00
0.000000000000000000e+00
0.000000000000000000e+00
0.000000000000000000e+00
0.000000000000000000e+00
0.000000000000000000e+00
0.000000000000000000e+00
2.085909612770174559e-01
1.513923060896137374e+00
4.384775784001103460e+00
8.084909555145275206e+00
8.972880433269725842e+00
5.705555070348577118e+00
2.962036040858801123e+00
0.000000000000000000e+00
0.000000000000000000e+00
0.000000000000000000e+00
0.000000000000000000e+00
0.000000000000000000e+00
0.000000000000000000e+00
0.000000000000000000e+00
0.000000000000000000e+00
0.000000000000000000e+00
0.000000000000000000e+00
0.000000000000000000e+00
0.000000000000000000e+00
1.355841248300613477e+00
3.027846121792274747e+00
9.417735814332804267e+00
1.077987940686036694e+01
9.285983699077116071e+00
5.407704099624346838e+00
2.543029706210219398e+00
0.000000000000000000e+00
0.000000000000000000e+00
0.000000000000000000e+00
0.000000000000000000e+00
0.000000000000000000e+00
0.000000000000000000e+00
0.000000000000000000e+00
0.000000000000000000e+00
0.000000000000000000e+00
0.000000000000000000e+00
0.000000000000000000e+00
0.000000000000000000e+00
4.649902257718229182e-01
4.484705667455875400e+00
8.820247398264452698e+00
1.277304250122060481e+01
1.347484925857545868e+01
9.178869423932482619e+00
4.870595791760981008e+00
2.180175713568439644e+00
0.000000000000000000e+00
0.000000000000000000e+00
0.000000000000000000e+00
0.000000000000000000e+00
0.000000000000000000e+00
0.000000000000000000e+00
0.000000000000000000e+00
0.000000000000000000e+00
0.000000000000000000e+00
0.000000000000000000e+00
0.000000000000000000e+00
0.000000000000000000e+00
2.189080473647392056e-01
2.014957645011232756e+00
5.527660473840962929e+00
1.428353496584616522e+01
1.574706433732570154e+01
1.277181364508456518e+01
8.264278305389838764e+00
3.950187464195121123e+00
1.839599552266315108e+00
0.000000000000000000e+00
0.000000000000000000e+00
0.000000000000000000e+00
0.000000000000000000e+00
0.000000000000000000e+00
0.000000000000000000e+00
0.000000000000000000e+00
0.000000000000000000e+00
0.000000000000000000e+00
0.000000000000000000e+00
0.000000000000000000e+00
0.000000000000000000e+00
2.961984274725674715e-01
8.756321894589568222e-01
7.749837096197048858e+00
1.637439046024586986e+01
1.981264527520596985e+01
1.830167283756982144e+01
1.189301912822094920e+01
7.745186048919689092e+00
3.681633310263437764e+00
1.520080519216741033e+00
0.000000000000000000e+00
0.000000000000000000e+00
0.000000000000000000e+00
0.000000000000000000e+00
0.000000000000000000e+00
0.000000000000000000e+00
0.000000000000000000e+00
0.000000000000000000e+00
0.000000000000000000e+00
0.000000000000000000e+00
0.000000000000000000e+00
0.000000000000000000e+00
3.858302793476471870e-01
5.923968549451349430e-01
5.691609231483218956e+00
1.549967419239409772e+01
2.075480064706323802e+01
2.020758172587452961e+01
1.837792980772636398e+01
1.177584652597246517e+01
6.896511407389127157e+00
3.046868946424914348e+00
1.273193319849878380e+00
0.000000000000000000e+00
0.000000000000000000e+00
0.000000000000000000e+00
0.000000000000000000e+00
0.000000000000000000e+00
0.000000000000000000e+00
0.000000000000000000e+00
0.000000000000000000e+00
0.000000000000000000e+00
0.000000000000000000e+00
0.000000000000000000e+00
0.000000000000000000e+00
0.000000000000000000e+00
7.716605586952943741e-01
4.442976412088512461e+00
1.401011503134330916e+01
2.247452757897143982e+01
2.377936958557998892e+01
2.172150478677066587e+01
1.662401949412592117e+01
1.046741913419774761e+01
5.668817023039091296e+00
2.724603961706894228e+00
1.034851042092746143e+00
0.000000000000000000e+00
0.000000000000000000e+00
0.000000000000000000e+00
0.000000000000000000e+00
0.000000000000000000e+00
0.000000000000000000e+00
0.000000000000000000e+00
0.000000000000000000e+00
0.000000000000000000e+00
0.000000000000000000e+00
0.000000000000000000e+00
0.000000000000000000e+00
0.000000000000000000e+00
4.852825635592212805e-01
4.244133072824118891e+00
1.036694496153986123e+01
2.298534497329761805e+01
3.332429951364731124e+01
2.742971140792779394e+01
2.119492285254592190e+01
1.372625462817736697e+01
8.436427361890721954e+00
4.259852326905829045e+00
2.177730048246012462e+00
8.523559305706399636e-01
0.000000000000000000e+00
0.000000000000000000e+00
0.000000000000000000e+00
0.000000000000000000e+00
0.000000000000000000e+00
0.000000000000000000e+00
0.000000000000000000e+00
0.000000000000000000e+00
0.000000000000000000e+00
0.000000000000000000e+00
0.000000000000000000e+00
0.000000000000000000e+00
0.000000000000000000e+00
0.000000000000000000e+00
0.000000000000000000e+00
1.157490838042941483e+01
2.073388992307972245e+01
3.217948296261666030e+01
2.913938748170090420e+01
2.576098371771165674e+01
1.783796302186318172e+01
1.174357340410730188e+01
6.893654765619039004e+00
3.798436987821251609e+00
1.799312831342277041e+00
6.790160922018166900e-01
0.000000000000000000e+00
0.000000000000000000e+00
0.000000000000000000e+00
0.000000000000000000e+00
0.000000000000000000e+00
0.000000000000000000e+00
0.000000000000000000e+00
0.000000000000000000e+00
0.000000000000000000e+00
0.000000000000000000e+00
0.000000000000000000e+00
0.000000000000000000e+00
0.000000000000000000e+00
6.971348588680905678e-01
1.771895647138419072e+00
1.407319434321741625e+01
1.774819284999177071e+01
3.702480343407093244e+01
3.305511515207562212e+01
2.402449499821085155e+01
2.294500574047192032e+01
1.487593964184900130e+01
9.951534605428591362e+00
5.624284907927147970e+00
3.172230456206468485e+00
1.455075234029846731e+00
5.932617003327332883e-01
0.000000000000000000e+00
0.000000000000000000e+00
0.000000000000000000e+00
0.000000000000000000e+00
0.000000000000000000e+00
0.000000000000000000e+00
0.000000000000000000e+00
0.000000000000000000e+00
0.000000000000000000e+00
0.000000000000000000e+00
0.000000000000000000e+00
0.000000000000000000e+00
0.000000000000000000e+00
0.000000000000000000e+00
0.000000000000000000e+00
8.268846353312623521e+00
2.183771536016495673e+01
3.588221597933118545e+01
4.087538299121430896e+01
3.042821858369875088e+01
2.464448196590661411e+01
2.065050516642472900e+01
1.197973900361291300e+01
7.663825500732363238e+00
4.608789021773635142e+00
2.504826126459133384e+00
1.225583502488226673e+00
4.635619973278919392e-01
0.000000000000000000e+00
0.000000000000000000e+00
0.000000000000000000e+00
0.000000000000000000e+00
0.000000000000000000e+00
0.000000000000000000e+00
0.000000000000000000e+00
0.000000000000000000e+00
0.000000000000000000e+00
0.000000000000000000e+00
0.000000000000000000e+00
0.000000000000000000e+00
0.000000000000000000e+00
0.000000000000000000e+00
0.000000000000000000e+00
5.577078870944724542e+00
1.712832458900471977e+01
3.154336663134938235e+01
4.089800961085060038e+01
4.117158141868687693e+01
2.911477029951031525e+01
1.952958948241656145e+01
1.668727690216139692e+01
9.807588524935846763e+00
7.206283679793117791e+00
3.729994504910018271e+00
2.257639337663824186e+00
9.594707499559225194e-01
3.890991090145241582e-01
0.000000000000000000e+00
0.000000000000000000e+00
0.000000000000000000e+00
0.000000000000000000e+00
0.000000000000000000e+00
0.000000000000000000e+00
0.000000000000000000e+00
0.000000000000000000e+00
0.000000000000000000e+00
0.000000000000000000e+00
0.000000000000000000e+00
0.000000000000000000e+00
0.000000000000000000e+00
0.000000000000000000e+00
1.792110769142687854e+00
1.600320024712511335e+00
1.742837147170226331e+01
2.835033035421470515e+01
4.513127841100757820e+01
4.707129408041295449e+01
3.761720028901606838e+01
3.042821858369875088e+01
1.875460577279685737e+01
1.241116219598253778e+01
8.096197238705430621e+00
4.994831545253430427e+00
3.183189027750434441e+00
1.623193246422530711e+00
8.300764757888388079e-01
3.207397361366783328e-01
0.000000000000000000e+00
0.000000000000000000e+00
0.000000000000000000e+00
0.000000000000000000e+00
0.000000000000000000e+00
0.000000000000000000e+00
0.000000000000000000e+00
0.000000000000000000e+00
0.000000000000000000e+00
0.000000000000000000e+00
0.000000000000000000e+00
0.000000000000000000e+00
0.000000000000000000e+00
0.000000000000000000e+00
0.000000000000000000e+00
2.688166153714031559e+00
9.601920148275068456e+00
2.788539435472362271e+01
4.193486364894258855e+01
4.561656097456680214e+01
3.356723430324530710e+01
3.258182702198241998e+01
2.386097716275657277e+01
1.549967419239409772e+01
8.865115854273241780e+00
7.503792562702593649e+00
4.117876388453209913e+00
2.362980812011058696e+00
1.301850420988628576e+00
6.201159554422501774e-01
2.465820235950866857e-01
0.000000000000000000e+00
0.000000000000000000e+00
0.000000000000000000e+00
0.000000000000000000e+00
0.000000000000000000e+00
0.000000000000000000e+00
0.000000000000000000e+00
0.000000000000000000e+00
0.000000000000000000e+00
0.000000000000000000e+00
0.000000000000000000e+00
0.000000000000000000e+00
0.000000000000000000e+00
0.000000000000000000e+00
0.000000000000000000e+00
2.947761236064930124e+00
7.168443076570751415e+00
3.040608046953771648e+01
4.810230526189825184e+01
4.961307811987573757e+01
3.833732252117847850e+01
3.279557374455001195e+01
2.310347734286026267e+01
1.466683917343752697e+01
1.239973935391527782e+01
7.926456528526663270e+00
4.870882891578876439e+00
3.126535776418177814e+00
1.679473965561578908e+00
1.244173503603056563e+00
5.786121316528082259e-01
1.904296815882847715e-01
0.000000000000000000e+00
0.000000000000000000e+00
0.000000000000000000e+00
0.000000000000000000e+00
0.000000000000000000e+00
0.000000000000000000e+00
0.000000000000000000e+00
0.000000000000000000e+00
0.000000000000000000e+00
0.000000000000000000e+00
0.000000000000000000e+00
0.000000000000000000e+00
0.000000000000000000e+00
0.000000000000000000e+00
1.125116986457390666e+00
3.176666815725686988e+00
9.825870786883099228e+00
2.060927384514091187e+01
4.480896069195031828e+01
5.019370983850252088e+01
3.543791294276838499e+01
3.445506201270470825e+01
2.739394983368294945e+01
1.954909621318945412e+01
1.379120698397857048e+01
1.007478822505616378e+01
5.319069512563944890e+00
3.225314347126553294e+00
2.707122440557202747e+00
1.679473965561578908e+00
8.157164030245204200e-01
3.515618015105670402e-01
1.608276317260033117e-01
0.000000000000000000e+00
0.000000000000000000e+00
0.000000000000000000e+00
0.000000000000000000e+00
0.000000000000000000e+00
0.000000000000000000e+00
0.000000000000000000e+00
0.000000000000000000e+00
0.000000000000000000e+00
0.000000000000000000e+00
0.000000000000000000e+00
0.000000000000000000e+00
0.000000000000000000e+00
0.000000000000000000e+00
0.000000000000000000e+00
0.000000000000000000e+00
2.117777877150457844e+00
2.652985112458436845e+01
3.673827076742509945e+01
4.800960074137533695e+01
5.089084469737061056e+01
3.012222600135312689e+01
2.377884561440184186e+01
2.623645899564001027e+01
1.155173867143013133e+01
8.975229941954307122e+00
6.044872935033698269e+00
5.110478551286927740e+00
3.751896281351296825e+00
1.906424253913523215e+00
1.191254789526236202e+00
6.674043297473348790e-01
3.417961959130512706e-01
1.336669880379306452e-01
0.000000000000000000e+00
0.000000000000000000e+00
0.000000000000000000e+00
0.000000000000000000e+00
0.000000000000000000e+00
0.000000000000000000e+00
0.000000000000000000e+00
0.000000000000000000e+00
0.000000000000000000e+00
0.000000000000000000e+00
0.000000000000000000e+00
0.000000000000000000e+00
0.000000000000000000e+00
0.000000000000000000e+00
0.000000000000000000e+00
0.000000000000000000e+00
3.375350959372171999e+00
1.376555620147797576e+01
3.832089606884408539e+01
5.376332307428063473e+01
4.320864066723780894e+01
4.740517040303015506e+01
2.657843470707628697e+01
2.135243279660573634e+01
1.504738089455823946e+01
1.214413552637526550e+01
7.223965563036394144e+00
4.029915290022465513e+00
3.441750861070787870e+00
2.303795962233252670e+00
1.372625462817736786e+00
1.249841090650477327e+00
4.861340179641081560e-01
2.563471469347884391e-01
1.049804654909775037e-01
0.000000000000000000e+00
0.000000000000000000e+00
0.000000000000000000e+00
0.000000000000000000e+00
0.000000000000000000e+00
0.000000000000000000e+00
0.000000000000000000e+00
0.000000000000000000e+00
0.000000000000000000e+00
0.000000000000000000e+00
0.000000000000000000e+00
0.000000000000000000e+00
0.000000000000000000e+00
0.000000000000000000e+00
1.272255159682329495e+00
0.000000000000000000e+00
3.546124740737781611e+00
1.350140383748868800e+01
2.859000134153118111e+01
5.993781179998691044e+01
4.928304615142391754e+01
2.960592045718145826e+01
2.649112463698744335e+01
1.830958835376366522e+01
1.407319434321741625e+01
8.102435866300590206e+00
7.404960686814186843e+00
4.597068994659522900e+00
4.184912031946406152e+00
2.294500574047192210e+00
1.843036769786601914e+00
9.150836418784911164e-01
8.787945168636168702e-01
4.366966602050463275e-01
2.148433231453465153e-01
8.361816146665068672e-02
0.000000000000000000e+00
0.000000000000000000e+00
0.000000000000000000e+00
0.000000000000000000e+00
0.000000000000000000e+00
0.000000000000000000e+00
0.000000000000000000e+00
0.000000000000000000e+00
0.000000000000000000e+00
0.000000000000000000e+00
0.000000000000000000e+00
0.000000000000000000e+00
0.000000000000000000e+00
0.000000000000000000e+00
0.000000000000000000e+00
0.000000000000000000e+00
1.230715447488967884e+00
1.418449896295112644e+01
2.925304164789215733e+01
4.765000223588530304e+01
4.323383146228563589e+01
3.136193845999703811e+01
2.480496038304392670e+01
1.882264118943844622e+01
1.771895647138419250e+01
9.705651271184425610e+00
1.003158726303882631e+01
6.812563831869051789e+00
3.283620710471088167e+00
2.944938096554878371e+00
2.607387015962718380e+00
1.448100319118044377e+00
9.913406120350320982e-01
8.787945168636168702e-01
3.543010639399432060e-01
1.538082881608730801e-01
6.896972442139800985e-02
0.000000000000000000e+00
0.000000000000000000e+00
0.000000000000000000e+00
0.000000000000000000e+00
0.000000000000000000e+00
0.000000000000000000e+00
0.000000000000000000e+00
0.000000000000000000e+00
0.000000000000000000e+00
0.000000000000000000e+00
0.000000000000000000e+00
0.000000000000000000e+00
0.000000000000000000e+00
0.000000000000000000e+00
0.000000000000000000e+00
0.000000000000000000e+00
1.272255159682329495e+00
1.230715447488967840e+01
3.191512266664003405e+01
4.838003041766779688e+01
5.400333586733667346e+01
2.849502528196098794e+01
1.702505230685553528e+01
1.600320024712511469e+01
1.185129260075753876e+01
1.122200576520998894e+01
7.764521016947540488e+00
4.629963352171766466e+00
5.035373267033646627e+00
3.502528757835827289e+00
1.704964161163350589e+00
8.343638451080698237e-01
1.053163868449486840e+00
6.100557612523274109e-01
3.124602726626193316e-01
2.883845869278607865e-01
1.562496895602520086e-01
5.920409972456289194e-02
0.000000000000000000e+00
0.000000000000000000e+00
0.000000000000000000e+00
0.000000000000000000e+00
0.000000000000000000e+00
0.000000000000000000e+00
0.000000000000000000e+00
0.000000000000000000e+00
0.000000000000000000e+00
0.000000000000000000e+00
0.000000000000000000e+00
0.000000000000000000e+00
0.000000000000000000e+00
0.000000000000000000e+00
0.000000000000000000e+00
0.000000000000000000e+00
3.923158970386321442e+00
7.633530958093976970e+00
2.584502439726832534e+01
4.491758004934523285e+01
4.950514740412518933e+01
3.706111285013301426e+01
2.751243820327267997e+01
1.971321846056956772e+01
1.280256019770009068e+01
7.668483447548996246e+00
7.087582588553676288e+00
5.823390762710655366e+00
2.700811955433530365e+00
2.073388992307972245e+00
1.532356331553174522e+00
1.704964161163350589e+00
1.877318651493157020e+00
7.240501595590221884e-01
5.337987910957864290e-01
1.757589033727233740e-01
2.554263484218195490e-01
9.765605597515750191e-02
4.211425650510143559e-02
0.000000000000000000e+00
0.000000000000000000e+00
0.000000000000000000e+00
0.000000000000000000e+00
0.000000000000000000e+00
0.000000000000000000e+00
0.000000000000000000e+00
0.000000000000000000e+00
0.000000000000000000e+00
0.000000000000000000e+00
0.000000000000000000e+00
0.000000000000000000e+00
0.000000000000000000e+00
0.000000000000000000e+00
0.000000000000000000e+00
0.000000000000000000e+00
4.014164445120215419e+00
6.538598283977202996e+00
1.908382739523494109e+01
2.707573984475729389e+01
3.309716424688595993e+01
3.712886055309389377e+01
2.329555664865503672e+01
1.670398033770127100e+01
1.971321846056956772e+01
8.001600123562557343e+00
7.668483447548996246e+00
5.315686941415257216e+00
3.396977944914548964e+00
2.700811955433530365e+00
2.073388992307972245e+00
6.567241420942175889e-01
2.324951128859114480e+00
7.300683644695611374e-01
3.949364506685575371e-01
3.431563657044341964e-01
2.343452044969644987e-01
1.977494310362473695e-01
9.277325317639963098e-02
4.028320187444485445e-02
0.000000000000000000e+00
0.000000000000000000e+00
0.000000000000000000e+00
0.000000000000000000e+00
0.000000000000000000e+00
0.000000000000000000e+00
0.000000000000000000e+00
0.000000000000000000e+00
0.000000000000000000e+00
0.000000000000000000e+00
0.000000000000000000e+00
0.000000000000000000e+00
0.000000000000000000e+00
0.000000000000000000e+00
0.000000000000000000e+00
0.000000000000000000e+00
0.000000000000000000e+00
2.676109630080143464e+00
2.092351450872704888e+01
2.544510319364658812e+01
3.569074797718006664e+01
3.191512266664003405e+01
2.700280767497737600e+01
9.530000447177060963e+00
1.375621910163633999e+01
8.960553845713439713e+00
7.201440111206300898e+00
7.668483447548996246e+00
3.543791294276838144e+00
2.426412817796106403e+00
1.157490838042941617e+00
1.480992137362837413e+00
6.567241420942175889e-01
7.749837096197048636e-01
6.257728838310523400e-01
5.924046760028363057e-01
4.575418209392455582e-01
2.734027385797919152e-01
1.483120732771855410e-01
7.080064058198919097e-02
3.204345603649022545e-02
0.000000000000000000e+00
0.000000000000000000e+00
0.000000000000000000e+00
0.000000000000000000e+00
0.000000000000000000e+00
0.000000000000000000e+00
0.000000000000000000e+00
0.000000000000000000e+00
0.000000000000000000e+00
0.000000000000000000e+00
0.000000000000000000e+00
0.000000000000000000e+00
0.000000000000000000e+00
0.000000000000000000e+00
0.000000000000000000e+00
0.000000000000000000e+00
0.000000000000000000e+00
8.184461514008521732e+00
1.605665778048086167e+01
3.530843073347689653e+01
4.452893058888152922e+01
1.846073171233451760e+01
1.418449896295112644e+01
7.875818905201734665e+00
1.164777832432751836e+01
5.895522472129860247e+00
3.584221538285375708e+00
8.001600123562556677e-01
1.394269717736181136e+00
2.362527529517892244e+00
2.426412817796106403e+00
2.700811955433530365e+00
1.480992137362837413e+00
4.378160947294784111e-01
1.084977193467586698e+00
6.257728838310523400e-01
5.924046760028363057e-01
3.050278806261637055e-01
1.171726022484822494e-01
5.767691738557215175e-02
6.591783778323132004e-02
2.288818288320730240e-02
0.000000000000000000e+00
0.000000000000000000e+00
0.000000000000000000e+00
0.000000000000000000e+00
0.000000000000000000e+00
0.000000000000000000e+00
0.000000000000000000e+00
0.000000000000000000e+00
0.000000000000000000e+00
0.000000000000000000e+00
0.000000000000000000e+00
0.000000000000000000e+00
0.000000000000000000e+00
0.000000000000000000e+00
0.000000000000000000e+00
0.000000000000000000e+00
2.811661107804137583e+00
1.386476391214087167e+00
8.184461514008521732e+00
3.612748000608193877e+01
3.138527176309057154e+01
2.290059287428193002e+01
2.092216260731245470e+01
1.182041580245927292e+01
6.750701918744343999e+00
7.412222570026602675e+00
3.930348314753239869e+00
2.688166153714031559e+00
1.600320024712511335e+00
4.182809153208543407e+00
5.906318823794730610e-01
2.426412817796106403e+00
1.157490838042941617e+00
5.923968549451349430e-01
8.756321894589568222e-01
9.299804515436458363e-01
1.042954806385087280e-01
4.607591924466504785e-01
3.812848507827046318e-01
1.757589033727233740e-01
8.239559626510307988e-02
5.859363358509450670e-02
2.227783133965510753e-02
0.000000000000000000e+00
0.000000000000000000e+00
0.000000000000000000e+00
0.000000000000000000e+00
0.000000000000000000e+00
0.000000000000000000e+00
0.000000000000000000e+00
0.000000000000000000e+00
0.000000000000000000e+00
0.000000000000000000e+00
0.000000000000000000e+00
0.000000000000000000e+00
0.000000000000000000e+00
0.000000000000000000e+00
0.000000000000000000e+00
0.000000000000000000e+00
0.000000000000000000e+00
4.217491661706206152e+00
8.318858347284523447e+00
2.728153838002840104e+01
2.943720593088157855e+01
1.046175725436352444e+01
7.633530958093976970e+00
9.845723579911743073e+00
9.456332641967417629e+00
0.000000000000000000e+00
3.176666815725686988e+00
2.947761236064930124e+00
2.688166153714031559e+00
0.000000000000000000e+00
1.394269717736181136e+00
1.771895647138419072e+00
1.455847690677663842e+00
1.157490838042941617e+00
8.885952824177023590e-01
4.378160947294784111e-01
6.199869676957638909e-01
5.214774031925436537e-01
1.316454835561858550e-01
3.431563657044341964e-01
7.811506816565483291e-02
6.591647701208246113e-02
3.417961959130512428e-02
1.800537053478974692e-02
0.000000000000000000e+00
0.000000000000000000e+00
0.000000000000000000e+00
0.000000000000000000e+00
0.000000000000000000e+00
0.000000000000000000e+00
0.000000000000000000e+00
0.000000000000000000e+00
0.000000000000000000e+00
0.000000000000000000e+00
0.000000000000000000e+00
0.000000000000000000e+00
0.000000000000000000e+00
0.000000000000000000e+00
0.000000000000000000e+00
0.000000000000000000e+00
0.000000000000000000e+00
4.267857839144379106e+00
8.434983323412412304e+00
3.327543338913809379e+01
1.364076919001420052e+01
1.873276741056100292e+01
7.846317940772642885e+00
2.544510319364658990e+00
6.153577237444839199e+00
8.274291061721489982e+00
1.125116986457390666e+00
2.117777877150457844e+00
2.947761236064930124e+00
8.960553845713439269e-01
8.001600123562556677e-01
1.394269717736181136e+00
5.906318823794730610e-01
4.852825635592212805e-01
7.716605586952943741e-01
2.961984274725674715e-01
8.756321894589568222e-01
6.199869676957638909e-01
1.042954806385087280e-01
1.316454835561858550e-01
1.143854552348113895e-01
1.367013692898959576e-01
9.063515589161338926e-02
4.394522518882088002e-02
1.586914013235706314e-02
0.000000000000000000e+00
0.000000000000000000e+00
0.000000000000000000e+00
0.000000000000000000e+00
0.000000000000000000e+00
0.000000000000000000e+00
0.000000000000000000e+00
0.000000000000000000e+00
0.000000000000000000e+00
0.000000000000000000e+00
0.000000000000000000e+00
0.000000000000000000e+00
0.000000000000000000e+00
0.000000000000000000e+00
0.000000000000000000e+00
0.000000000000000000e+00
0.000000000000000000e+00
0.000000000000000000e+00
9.958334958003550952e+00
2.671078052413930592e+01
1.941066947699722078e+01
2.591746146102698134e+01
8.028328890240430837e+00
7.846317940772642885e+00
5.089020638729317980e+00
1.230715447488967884e+00
0.000000000000000000e+00
0.000000000000000000e+00
5.294444692876144387e+00
3.930348314753239869e+00
8.960553845713439269e-01
8.001600123562556677e-01
1.394269717736181136e+00
5.906318823794730610e-01
4.852825635592212805e-01
0.000000000000000000e+00
1.184793709890269886e+00
6.567241420942175889e-01
1.549967419239409727e-01
1.042954806385087280e-01
2.632909671123717099e-01
1.143854552348113895e-01
1.952876704141370823e-01
4.119779813255153994e-02
2.197261259441044001e-02
1.129150355571560335e-02
0.000000000000000000e+00
0.000000000000000000e+00
0.000000000000000000e+00
0.000000000000000000e+00
0.000000000000000000e+00
0.000000000000000000e+00
0.000000000000000000e+00
0.000000000000000000e+00
0.000000000000000000e+00
0.000000000000000000e+00
0.000000000000000000e+00
0.000000000000000000e+00
0.000000000000000000e+00
0.000000000000000000e+00
0.000000000000000000e+00
0.000000000000000000e+00
0.000000000000000000e+00
0.000000000000000000e+00
1.006068327345037083e+01
1.707143135657751642e+01
7.029152769510344179e+00
2.357009865063948340e+01
8.184461514008521732e+00
1.338054815040071732e+00
2.615439313590881110e+00
3.816765479046988485e+00
0.000000000000000000e+00
4.728166320983708815e+00
4.500467945829562666e+00
2.117777877150457844e+00
9.825870786883099672e-01
1.792110769142687854e+00
1.600320024712511335e+00
1.394269717736181136e+00
5.906318823794730610e-01
4.852825635592212805e-01
3.858302793476471870e-01
2.961984274725674715e-01
4.378160947294784111e-01
0.000000000000000000e+00
1.042954806385087280e-01
1.316454835561858550e-01
1.525139403130818527e-01
9.764383520706854114e-02
2.471867887953092119e-02
1.464840839627362667e-02
7.324218522626336700e-03
0.000000000000000000e+00
0.000000000000000000e+00
0.000000000000000000e+00
0.000000000000000000e+00
0.000000000000000000e+00
0.000000000000000000e+00
0.000000000000000000e+00
0.000000000000000000e+00
0.000000000000000000e+00
0.000000000000000000e+00
0.000000000000000000e+00
0.000000000000000000e+00
0.000000000000000000e+00
0.000000000000000000e+00
0.000000000000000000e+00
0.000000000000000000e+00
0.000000000000000000e+00
0.000000000000000000e+00
1.015016802294337595e+01
1.293516420872190587e+01
2.133928919572189287e+01
1.265247498511861934e+01
5.545905564856348668e+00
4.092230757004260866e+00
5.352219260160286929e+00
2.615439313590881110e+00
2.544510319364658990e+00
1.230715447488967884e+00
0.000000000000000000e+00
1.125116986457390666e+00
1.058888938575228922e+00
1.965174157376619934e+00
0.000000000000000000e+00
1.600320024712511335e+00
0.000000000000000000e+00
5.906318823794730610e-01
0.000000000000000000e+00
0.000000000000000000e+00
2.961984274725674715e-01
0.000000000000000000e+00
0.000000000000000000e+00
0.000000000000000000e+00
1.316454835561858550e-01
3.812848507827046318e-02
3.905753408282741646e-02
4.943735775906184238e-02
1.220700699689468774e-02
9.460448925059018743e-03
0.000000000000000000e+00
0.000000000000000000e+00
0.000000000000000000e+00
0.000000000000000000e+00
0.000000000000000000e+00
0.000000000000000000e+00
0.000000000000000000e+00
0.000000000000000000e+00
0.000000000000000000e+00
0.000000000000000000e+00
0.000000000000000000e+00
0.000000000000000000e+00
0.000000000000000000e+00
0.000000000000000000e+00
0.000000000000000000e+00
0.000000000000000000e+00
0.000000000000000000e+00
0.000000000000000000e+00
1.461243764860584493e+00
1.450024003277625084e+01
1.006068327345037083e+01
7.113096398573964585e+00
7.029152769510344179e+00
2.772952782428174334e+00
4.092230757004260866e+00
0.000000000000000000e+00
3.923158970386321442e+00
0.000000000000000000e+00
2.461430894977935768e+00
2.364083160491854407e+00
0.000000000000000000e+00
1.058888938575228922e+00
0.000000000000000000e+00
0.000000000000000000e+00
0.000000000000000000e+00
0.000000000000000000e+00
0.000000000000000000e+00
4.852825635592212805e-01
1.157490838042941617e+00
0.000000000000000000e+00
2.189080473647392056e-01
0.000000000000000000e+00
2.085909612770174559e-01
1.974682253342787686e-01
3.812848507827046318e-02
1.171726022484822494e-01
2.471867887953092119e-02
1.464840839627362667e-02
5.798339663745850393e-03
0.000000000000000000e+00
0.000000000000000000e+00
0.000000000000000000e+00
0.000000000000000000e+00
0.000000000000000000e+00
0.000000000000000000e+00
0.000000000000000000e+00
0.000000000000000000e+00
0.000000000000000000e+00
0.000000000000000000e+00
0.000000000000000000e+00
0.000000000000000000e+00
0.000000000000000000e+00
0.000000000000000000e+00
0.000000000000000000e+00
0.000000000000000000e+00
0.000000000000000000e+00
0.000000000000000000e+00
2.942255348607469401e+00
1.022870635402409079e+01
1.450024003277625084e+01
4.311721402907301659e+00
2.845238559429585923e+00
2.811661107804137583e+00
2.772952782428174334e+00
1.364076919001420141e+00
0.000000000000000000e+00
1.307719656795440555e+00
1.272255159682329495e+00
0.000000000000000000e+00
3.546124740737781611e+00
0.000000000000000000e+00
0.000000000000000000e+00
1.965174157376619934e+00
0.000000000000000000e+00
0.000000000000000000e+00
1.394269717736181136e+00
0.000000000000000000e+00
4.852825635592212805e-01
0.000000000000000000e+00
2.961984274725674715e-01
0.000000000000000000e+00
3.099934838478819454e-01
0.000000000000000000e+00
1.316454835561858550e-01
0.000000000000000000e+00
3.905753408282741646e-02
4.119779813255153994e-02
1.220700699689468774e-02
4.882812348417558089e-03
0.000000000000000000e+00
0.000000000000000000e+00
0.000000000000000000e+00
0.000000000000000000e+00
0.000000000000000000e+00
0.000000000000000000e+00
0.000000000000000000e+00
0.000000000000000000e+00
0.000000000000000000e+00
0.000000000000000000e+00
0.000000000000000000e+00
0.000000000000000000e+00
0.000000000000000000e+00
0.000000000000000000e+00
0.000000000000000000e+00
0.000000000000000000e+00
0.000000000000000000e+00
0.000000000000000000e+00
1.479865982045772466e+00
1.618240441734108259e+01
5.844975059442337972e+00
4.350072009832874897e+00
2.874480935271534587e+00
1.422619279714792961e+00
0.000000000000000000e+00
4.159429173642261723e+00
0.000000000000000000e+00
1.338054815040071732e+00
0.000000000000000000e+00
1.272255159682329495e+00
2.461430894977935768e+00
0.000000000000000000e+00
0.000000000000000000e+00
0.000000000000000000e+00
0.000000000000000000e+00
0.000000000000000000e+00
8.001600123562556677e-01
1.394269717736181136e+00
0.000000000000000000e+00
4.852825635592212805e-01
0.000000000000000000e+00
0.000000000000000000e+00
0.000000000000000000e+00
0.000000000000000000e+00
1.042954806385087280e-01
0.000000000000000000e+00
3.812848507827046318e-02
1.952876704141370823e-02
1.647911925302061528e-02
7.324204198136813337e-03
3.967285033089265785e-03
0.000000000000000000e+00
0.000000000000000000e+00
0.000000000000000000e+00
0.000000000000000000e+00
0.000000000000000000e+00
0.000000000000000000e+00
0.000000000000000000e+00
0.000000000000000000e+00
0.000000000000000000e+00
0.000000000000000000e+00
0.000000000000000000e+00
0.000000000000000000e+00
0.000000000000000000e+00
0.000000000000000000e+00
0.000000000000000000e+00
0.000000000000000000e+00
0.000000000000000000e+00
0.000000000000000000e+00
2.975236072815895749e+00
4.439597946137316953e+00
5.884510697214938801e+00
1.315119388374526110e+01
0.000000000000000000e+00
4.311721402907301659e+00
1.422619279714792961e+00
0.000000000000000000e+00
0.000000000000000000e+00
1.364076919001420141e+00
0.000000000000000000e+00
1.307719656795440555e+00
1.272255159682329495e+00
0.000000000000000000e+00
0.000000000000000000e+00
1.125116986457390666e+00
1.058888938575228922e+00
0.000000000000000000e+00
1.792110769142687854e+00
0.000000000000000000e+00
0.000000000000000000e+00
0.000000000000000000e+00
4.852825635592212805e-01
3.858302793476471870e-01
0.000000000000000000e+00
0.000000000000000000e+00
0.000000000000000000e+00
0.000000000000000000e+00
0.000000000000000000e+00
3.812848507827046318e-02
0.000000000000000000e+00
8.239559626510307641e-03
2.441401399378937635e-03
3.967285033089265785e-03
0.000000000000000000e+00
0.000000000000000000e+00
0.000000000000000000e+00
0.000000000000000000e+00
0.000000000000000000e+00
0.000000000000000000e+00
0.000000000000000000e+00
0.000000000000000000e+00
0.000000000000000000e+00
0.000000000000000000e+00
0.000000000000000000e+00
0.000000000000000000e+00
0.000000000000000000e+00
0.000000000000000000e+00
0.000000000000000000e+00
0.000000000000000000e+00
0.000000000000000000e+00
0.000000000000000000e+00
1.494517789827305210e+00
5.950472145631791498e+00
8.879195892274633906e+00
1.471127674303734700e+00
1.461243764860584493e+00
2.900048006555250080e+00
0.000000000000000000e+00
2.845238559429585923e+00
0.000000000000000000e+00
0.000000000000000000e+00
0.000000000000000000e+00
1.338054815040071732e+00
0.000000000000000000e+00
0.000000000000000000e+00
1.230715447488967884e+00
0.000000000000000000e+00
0.000000000000000000e+00
1.058888938575228922e+00
0.000000000000000000e+00
0.000000000000000000e+00
0.000000000000000000e+00
0.000000000000000000e+00
5.906318823794730610e-01
4.852825635592212805e-01
0.000000000000000000e+00
0.000000000000000000e+00
0.000000000000000000e+00
0.000000000000000000e+00
2.085909612770174559e-01
0.000000000000000000e+00
0.000000000000000000e+00
1.952876704141370823e-02
3.295823850604123056e-02
2.441401399378937635e-03
2.746581945984876479e-03
0.000000000000000000e+00
0.000000000000000000e+00
0.000000000000000000e+00
0.000000000000000000e+00
0.000000000000000000e+00
0.000000000000000000e+00
0.000000000000000000e+00
0.000000000000000000e+00
0.000000000000000000e+00
0.000000000000000000e+00
0.000000000000000000e+00
0.000000000000000000e+00
0.000000000000000000e+00
0.000000000000000000e+00
0.000000000000000000e+00
0.000000000000000000e+00
0.000000000000000000e+00
0.000000000000000000e+00
1.500678269864276437e+00
2.989035579654610419e+00
4.462854109223843402e+00
5.919463928183089863e+00
4.413383022911204101e+00
1.461243764860584493e+00
0.000000000000000000e+00
2.874480935271534587e+00
0.000000000000000000e+00
0.000000000000000000e+00
0.000000000000000000e+00
0.000000000000000000e+00
0.000000000000000000e+00
0.000000000000000000e+00
1.272255159682329495e+00
0.000000000000000000e+00
0.000000000000000000e+00
0.000000000000000000e+00
0.000000000000000000e+00
0.000000000000000000e+00
8.960553845713439269e-01
8.001600123562556677e-01
0.000000000000000000e+00
0.000000000000000000e+00
0.000000000000000000e+00
0.000000000000000000e+00
0.000000000000000000e+00
2.189080473647392056e-01
0.000000000000000000e+00
1.042954806385087280e-01
0.000000000000000000e+00
0.000000000000000000e+00
0.000000000000000000e+00
0.000000000000000000e+00
0.000000000000000000e+00
3.051757717760973914e-03
0.000000000000000000e+00
0.000000000000000000e+00
0.000000000000000000e+00
0.000000000000000000e+00
0.000000000000000000e+00
0.000000000000000000e+00
0.000000000000000000e+00
0.000000000000000000e+00
0.000000000000000000e+00
0.000000000000000000e+00
0.000000000000000000e+00
0.000000000000000000e+00
0.000000000000000000e+00
0.000000000000000000e+00
0.000000000000000000e+00
0.000000000000000000e+00
0.000000000000000000e+00
0.000000000000000000e+00
4.518585629935728321e+00
3.001356539728552875e+00
1.345066010844574755e+01
4.462854109223843402e+00
4.439597946137316953e+00
1.471127674303734700e+00
0.000000000000000000e+00
0.000000000000000000e+00
1.437240467635767294e+00
0.000000000000000000e+00
0.000000000000000000e+00
0.000000000000000000e+00
0.000000000000000000e+00
0.000000000000000000e+00
0.000000000000000000e+00
0.000000000000000000e+00
0.000000000000000000e+00
0.000000000000000000e+00
1.125116986457390666e+00
0.000000000000000000e+00
9.825870786883099672e-01
0.000000000000000000e+00
0.000000000000000000e+00
0.000000000000000000e+00
0.000000000000000000e+00
0.000000000000000000e+00
3.858302793476471870e-01
0.000000000000000000e+00
0.000000000000000000e+00
1.549967419239409727e-01
1.042954806385087280e-01
0.000000000000000000e+00
3.812848507827046318e-02
1.952876704141370823e-02
0.000000000000000000e+00
0.000000000000000000e+00
2.136230402432681610e-03
0.000000000000000000e+00
0.000000000000000000e+00
0.000000000000000000e+00
0.000000000000000000e+00
0.000000000000000000e+00
0.000000000000000000e+00
0.000000000000000000e+00
0.000000000000000000e+00
0.000000000000000000e+00
0.000000000000000000e+00
0.000000000000000000e+00
0.000000000000000000e+00
0.000000000000000000e+00
0.000000000000000000e+00
0.000000000000000000e+00
0.000000000000000000e+00
0.000000000000000000e+00
0.000000000000000000e+00
1.511150001924220776e+00
1.506195209978576255e+00
6.002713079457105749e+00
4.483553369481915851e+00
2.975236072815895749e+00
0.000000000000000000e+00
0.000000000000000000e+00
2.922487529721168986e+00
0.000000000000000000e+00
1.437240467635767294e+00
0.000000000000000000e+00
0.000000000000000000e+00
0.000000000000000000e+00
0.000000000000000000e+00
0.000000000000000000e+00
0.000000000000000000e+00
1.272255159682329495e+00
0.000000000000000000e+00
0.000000000000000000e+00
0.000000000000000000e+00
0.000000000000000000e+00
9.825870786883099672e-01
0.000000000000000000e+00
0.000000000000000000e+00
6.971348588680905678e-01
0.000000000000000000e+00
4.852825635592212805e-01
0.000000000000000000e+00
0.000000000000000000e+00
0.000000000000000000e+00
0.000000000000000000e+00
0.000000000000000000e+00
0.000000000000000000e+00
3.812848507827046318e-02
1.952876704141370823e-02
0.000000000000000000e+00
0.000000000000000000e+00
1.525878858880486957e-03
0.000000000000000000e+00
0.000000000000000000e+00
0.000000000000000000e+00
0.000000000000000000e+00
0.000000000000000000e+00
0.000000000000000000e+00
0.000000000000000000e+00
0.000000000000000000e+00
0.000000000000000000e+00
0.000000000000000000e+00
0.000000000000000000e+00
0.000000000000000000e+00
0.000000000000000000e+00
0.000000000000000000e+00
0.000000000000000000e+00
0.000000000000000000e+00
0.000000000000000000e+00
0.000000000000000000e+00
3.031224203472683065e+00
3.022300003848441552e+00
3.012390419957152510e+00
3.001356539728552875e+00
2.989035579654610419e+00
1.487618036407947875e+00
0.000000000000000000e+00
1.471127674303734700e+00
0.000000000000000000e+00
1.450024003277625040e+00
0.000000000000000000e+00
0.000000000000000000e+00
0.000000000000000000e+00
0.000000000000000000e+00
0.000000000000000000e+00
0.000000000000000000e+00
0.000000000000000000e+00
0.000000000000000000e+00
0.000000000000000000e+00
0.000000000000000000e+00
0.000000000000000000e+00
0.000000000000000000e+00
0.000000000000000000e+00
0.000000000000000000e+00
0.000000000000000000e+00
0.000000000000000000e+00
0.000000000000000000e+00
0.000000000000000000e+00
0.000000000000000000e+00
2.961984274725674715e-01
0.000000000000000000e+00
0.000000000000000000e+00
0.000000000000000000e+00
0.000000000000000000e+00
0.000000000000000000e+00
3.905753408282741646e-02
8.239559626510307641e-03
0.000000000000000000e+00
1.831054630656584175e-03
0.000000000000000000e+00
0.000000000000000000e+00
0.000000000000000000e+00
0.000000000000000000e+00
0.000000000000000000e+00
0.000000000000000000e+00
0.000000000000000000e+00
0.000000000000000000e+00
0.000000000000000000e+00
0.000000000000000000e+00
0.000000000000000000e+00
0.000000000000000000e+00
0.000000000000000000e+00
0.000000000000000000e+00
0.000000000000000000e+00
0.000000000000000000e+00
0.000000000000000000e+00
0.000000000000000000e+00
0.000000000000000000e+00
4.546836305209025042e+00
3.022300003848441552e+00
4.518585629935728321e+00
1.500678269864276437e+00
1.494517789827305210e+00
0.000000000000000000e+00
0.000000000000000000e+00
0.000000000000000000e+00
0.000000000000000000e+00
0.000000000000000000e+00
0.000000000000000000e+00
0.000000000000000000e+00
0.000000000000000000e+00
0.000000000000000000e+00
0.000000000000000000e+00
0.000000000000000000e+00
0.000000000000000000e+00
0.000000000000000000e+00
0.000000000000000000e+00
0.000000000000000000e+00
0.000000000000000000e+00
0.000000000000000000e+00
9.825870786883099672e-01
0.000000000000000000e+00
0.000000000000000000e+00
0.000000000000000000e+00
0.000000000000000000e+00
0.000000000000000000e+00
0.000000000000000000e+00
0.000000000000000000e+00
0.000000000000000000e+00
0.000000000000000000e+00
0.000000000000000000e+00
0.000000000000000000e+00
0.000000000000000000e+00
1.952876704141370823e-02
0.000000000000000000e+00
2.441401399378937635e-03
3.051757717760973806e-04
0.000000000000000000e+00
0.000000000000000000e+00
0.000000000000000000e+00
0.000000000000000000e+00
0.000000000000000000e+00
0.000000000000000000e+00
0.000000000000000000e+00
0.000000000000000000e+00
0.000000000000000000e+00
0.000000000000000000e+00
0.000000000000000000e+00
0.000000000000000000e+00
0.000000000000000000e+00
0.000000000000000000e+00
0.000000000000000000e+00
0.000000000000000000e+00
0.000000000000000000e+00
0.000000000000000000e+00
0.000000000000000000e+00
3.039281991600626842e+00
3.031224203472683065e+00
1.511150001924220776e+00
1.506195209978576255e+00
0.000000000000000000e+00
0.000000000000000000e+00
0.000000000000000000e+00
0.000000000000000000e+00
0.000000000000000000e+00
0.000000000000000000e+00
0.000000000000000000e+00
0.000000000000000000e+00
0.000000000000000000e+00
0.000000000000000000e+00
0.000000000000000000e+00
0.000000000000000000e+00
0.000000000000000000e+00
0.000000000000000000e+00
0.000000000000000000e+00
0.000000000000000000e+00
0.000000000000000000e+00
0.000000000000000000e+00
0.000000000000000000e+00
0.000000000000000000e+00
0.000000000000000000e+00
0.000000000000000000e+00
0.000000000000000000e+00
0.000000000000000000e+00
0.000000000000000000e+00
0.000000000000000000e+00
0.000000000000000000e+00
0.000000000000000000e+00
0.000000000000000000e+00
0.000000000000000000e+00
0.000000000000000000e+00
0.000000000000000000e+00
0.000000000000000000e+00
8.239559626510307641e-03
2.441401399378937635e-03
1.220703087104389522e-03
0.000000000000000000e+00
0.000000000000000000e+00
0.000000000000000000e+00
0.000000000000000000e+00
0.000000000000000000e+00
0.000000000000000000e+00
0.000000000000000000e+00
0.000000000000000000e+00
0.000000000000000000e+00
0.000000000000000000e+00
0.000000000000000000e+00
0.000000000000000000e+00
0.000000000000000000e+00
0.000000000000000000e+00
0.000000000000000000e+00
0.000000000000000000e+00
0.000000000000000000e+00
0.000000000000000000e+00
0.000000000000000000e+00
3.046575624854821029e+00
1.519640995800313421e+00
1.515612101736341533e+00
0.000000000000000000e+00
3.012390419957152510e+00
0.000000000000000000e+00
0.000000000000000000e+00
0.000000000000000000e+00
0.000000000000000000e+00
0.000000000000000000e+00
0.000000000000000000e+00
0.000000000000000000e+00
0.000000000000000000e+00
0.000000000000000000e+00
0.000000000000000000e+00
0.000000000000000000e+00
0.000000000000000000e+00
0.000000000000000000e+00
2.615439313590881110e+00
0.000000000000000000e+00
0.000000000000000000e+00
0.000000000000000000e+00
0.000000000000000000e+00
0.000000000000000000e+00
0.000000000000000000e+00
0.000000000000000000e+00
0.000000000000000000e+00
0.000000000000000000e+00
0.000000000000000000e+00
0.000000000000000000e+00
0.000000000000000000e+00
0.000000000000000000e+00
0.000000000000000000e+00
0.000000000000000000e+00
0.000000000000000000e+00
0.000000000000000000e+00
0.000000000000000000e+00
0.000000000000000000e+00
8.239559626510307641e-03
0.000000000000000000e+00
1.220703087104389522e-03
0.000000000000000000e+00
0.000000000000000000e+00
0.000000000000000000e+00
0.000000000000000000e+00
0.000000000000000000e+00
0.000000000000000000e+00
0.000000000000000000e+00
0.000000000000000000e+00
0.000000000000000000e+00
0.000000000000000000e+00
0.000000000000000000e+00
0.000000000000000000e+00
0.000000000000000000e+00
0.000000000000000000e+00
0.000000000000000000e+00
0.000000000000000000e+00
0.000000000000000000e+00
0.000000000000000000e+00
0.000000000000000000e+00
3.053193294526933776e+00
0.000000000000000000e+00
3.039281991600626842e+00
1.515612101736341533e+00
1.511150001924220776e+00
0.000000000000000000e+00
0.000000000000000000e+00
0.000000000000000000e+00
1.487618036407947875e+00
1.479865982045772466e+00
0.000000000000000000e+00
0.000000000000000000e+00
0.000000000000000000e+00
0.000000000000000000e+00
0.000000000000000000e+00
0.000000000000000000e+00
0.000000000000000000e+00
0.000000000000000000e+00
0.000000000000000000e+00
0.000000000000000000e+00
0.000000000000000000e+00
0.000000000000000000e+00
0.000000000000000000e+00
0.000000000000000000e+00
0.000000000000000000e+00
0.000000000000000000e+00
0.000000000000000000e+00
0.000000000000000000e+00
0.000000000000000000e+00
0.000000000000000000e+00
0.000000000000000000e+00
0.000000000000000000e+00
0.000000000000000000e+00
0.000000000000000000e+00
0.000000000000000000e+00
0.000000000000000000e+00
0.000000000000000000e+00
0.000000000000000000e+00
1.952876704141370823e-02
0.000000000000000000e+00
0.000000000000000000e+00
3.051757717760973806e-04
0.000000000000000000e+00
0.000000000000000000e+00
0.000000000000000000e+00
0.000000000000000000e+00
0.000000000000000000e+00
0.000000000000000000e+00
0.000000000000000000e+00
0.000000000000000000e+00
0.000000000000000000e+00
0.000000000000000000e+00
0.000000000000000000e+00
0.000000000000000000e+00
0.000000000000000000e+00
0.000000000000000000e+00
0.000000000000000000e+00
0.000000000000000000e+00
0.000000000000000000e+00
0.000000000000000000e+00
0.000000000000000000e+00
4.588816971396429523e+00
3.053193294526933776e+00
0.000000000000000000e+00
0.000000000000000000e+00
0.000000000000000000e+00
1.511150001924220776e+00
0.000000000000000000e+00
0.000000000000000000e+00
1.494517789827305210e+00
0.000000000000000000e+00
0.000000000000000000e+00
0.000000000000000000e+00
0.000000000000000000e+00
1.450024003277625040e+00
0.000000000000000000e+00
0.000000000000000000e+00
0.000000000000000000e+00
0.000000000000000000e+00
0.000000000000000000e+00
0.000000000000000000e+00
0.000000000000000000e+00
0.000000000000000000e+00
1.230715447488967884e+00
0.000000000000000000e+00
0.000000000000000000e+00
0.000000000000000000e+00
0.000000000000000000e+00
0.000000000000000000e+00
0.000000000000000000e+00
0.000000000000000000e+00
5.906318823794730610e-01
0.000000000000000000e+00
0.000000000000000000e+00
0.000000000000000000e+00
0.000000000000000000e+00
0.000000000000000000e+00
0.000000000000000000e+00
0.000000000000000000e+00
0.000000000000000000e+00
0.000000000000000000e+00
8.239559626510307641e-03
0.000000000000000000e+00
3.051757717760973806e-04
0.000000000000000000e+00
0.000000000000000000e+00
0.000000000000000000e+00
0.000000000000000000e+00
0.000000000000000000e+00
0.000000000000000000e+00
0.000000000000000000e+00
0.000000000000000000e+00
0.000000000000000000e+00
0.000000000000000000e+00
0.000000000000000000e+00
0.000000000000000000e+00
0.000000000000000000e+00
0.000000000000000000e+00
0.000000000000000000e+00
0.000000000000000000e+00
0.000000000000000000e+00
0.000000000000000000e+00
0.000000000000000000e+00
1.532347965967065351e+00
3.059211314264286496e+00
1.526596647263466888e+00
1.523287812427410515e+00
0.000000000000000000e+00
0.000000000000000000e+00
0.000000000000000000e+00
0.000000000000000000e+00
0.000000000000000000e+00
0.000000000000000000e+00
0.000000000000000000e+00
0.000000000000000000e+00
0.000000000000000000e+00
0.000000000000000000e+00
0.000000000000000000e+00
0.000000000000000000e+00
0.000000000000000000e+00
0.000000000000000000e+00
0.000000000000000000e+00
0.000000000000000000e+00
0.000000000000000000e+00
0.000000000000000000e+00
0.000000000000000000e+00
0.000000000000000000e+00
0.000000000000000000e+00
0.000000000000000000e+00
0.000000000000000000e+00
0.000000000000000000e+00
0.000000000000000000e+00
0.000000000000000000e+00
0.000000000000000000e+00
0.000000000000000000e+00
0.000000000000000000e+00
0.000000000000000000e+00
0.000000000000000000e+00
0.000000000000000000e+00
0.000000000000000000e+00
0.000000000000000000e+00
0.000000000000000000e+00
0.000000000000000000e+00
0.000000000000000000e+00
0.000000000000000000e+00
0.000000000000000000e+00
3.051757717760973806e-04
0.000000000000000000e+00
0.000000000000000000e+00
0.000000000000000000e+00
0.000000000000000000e+00
0.000000000000000000e+00
0.000000000000000000e+00
0.000000000000000000e+00
0.000000000000000000e+00
0.000000000000000000e+00
0.000000000000000000e+00
0.000000000000000000e+00
0.000000000000000000e+00
0.000000000000000000e+00
0.000000000000000000e+00
0.000000000000000000e+00
0.000000000000000000e+00
0.000000000000000000e+00
0.000000000000000000e+00
0.000000000000000000e+00
0.000000000000000000e+00
3.064695931934130702e+00
0.000000000000000000e+00
1.526596647263466888e+00
0.000000000000000000e+00
0.000000000000000000e+00
0.000000000000000000e+00
0.000000000000000000e+00
0.000000000000000000e+00
0.000000000000000000e+00
0.000000000000000000e+00
0.000000000000000000e+00
0.000000000000000000e+00
0.000000000000000000e+00
0.000000000000000000e+00
0.000000000000000000e+00
0.000000000000000000e+00
0.000000000000000000e+00
0.000000000000000000e+00
0.000000000000000000e+00
0.000000000000000000e+00
0.000000000000000000e+00
0.000000000000000000e+00
0.000000000000000000e+00
0.000000000000000000e+00
0.000000000000000000e+00
0.000000000000000000e+00
0.000000000000000000e+00
0.000000000000000000e+00
0.000000000000000000e+00
0.000000000000000000e+00
0.000000000000000000e+00
0.000000000000000000e+00
0.000000000000000000e+00
0.000000000000000000e+00
0.000000000000000000e+00
0.000000000000000000e+00
0.000000000000000000e+00
0.000000000000000000e+00
0.000000000000000000e+00
0.000000000000000000e+00
1.952876704141370823e-02
0.000000000000000000e+00
0.000000000000000000e+00
9.155273153282920875e-04
0.000000000000000000e+00
