# pd_vector
0.000000000000000000e+00
0.000000000000000000e+00
0.000000000000000000e+00
0.000000000000000000e+00
0.000000000000000000e+00
0.000000000000000000e+00
0.000000000000000000e+00
0.000000000000000000e+00
0.000000000000000000e+00
0.000000000000000000e+00
0.000000000000000000e+00
0.000000000000000000e+00
0.000000000000000000e+00
3.051757717760973914e-03
0.000000000000000000e+00
0.000000000000000000e+00
0.000000000000000000e+00
0.000000000000000000e+00
0.000000000000000000e+00
2.349853442675949727e-02
0.000000000000000000e+00
0.000000000000000000e+00
0.000000000000000000e+00
0.000000000000000000e+00
0.000000000000000000e+00
0.000000000000000000e+00
3.015136625147842309e-01
0.000000000000000000e+00
0.000000000000000000e+00
0.000000000000000000e+00
0.000000000000000000e+00
0.000000000000000000e+00
0.000000000000000000e+00
0.000000000000000000e+00
1.351623493196335346e+00
0.000000000000000000e+00
0.000000000000000000e+00
0.000000000000000000e+00
0.000000000000000000e+00
0.000000000000000000e+00
0.000000000000000000e+00
0.000000000000000000e+00
9.765605597515750191e-02
5.342407060712361044e+00
0.000000000000000000e+00
0.000000000000000000e+00
0.000000000000000000e+00
0.000000000000000000e+00
0.000000000000000000e+00
0.000000000000000000e+00
0.000000000000000000e+00
1.647911925302061528e-02
2.092280999267749575e+00
8.479613994570641466e+00
0.000000000000000000e+00
0.000000000000000000e+00
0.000000000000000000e+00
0.000000000000000000e+00
0.000000000000000000e+00
0.000000000000000000e+00
0.000000000000000000e+00
0.000000000000000000e+00
3.048637061808813775e-01
4.851064580565949136e+00
8.055419671801866244e+00
0.000000000000000000e+00
0.000000000000000000e+00
0.000000000000000000e+00
0.000000000000000000e+00
0.000000000000000000e+00
0.000000000000000000e+00
0.000000000000000000e+00
0.000000000000000000e+00
7.811506816565483291e-02
1.507839411651386241e+00
5.449207923413788457e+00
8.135375724007204212e+00
0.000000000000000000e+00
0.000000000000000000e+00
0.000000000000000000e+00
0.000000000000000000e+00
0.000000000000000000e+00
0.000000000000000000e+00
0.000000000000000000e+00
0.000000000000000000e+00
0.000000000000000000e+00
3.515178067454467481e-01
3.106313979194386121e+00
7.697738612241790790e+00
7.979736080401393927e+00
0.000000000000000000e+00
0.000000000000000000e+00
0.000000000000000000e+00
0.000000000000000000e+00
0.000000000000000000e+00
0.000000000000000000e+00
0.000000000000000000e+00
0.000000000000000000e+00
0.000000000000000000e+00
1.143854552348113895e-01
1.484186295147441825e+00
6.352700472039447099e+00
9.614238710754255735e+00
7.444457776706119745e+00
0.000000000000000000e+00
0.000000000000000000e+00
0.000000000000000000e+00
0.000000000000000000e+00
0.000000000000000000e+00
0.000000000000000000e+00
0.000000000000000000e+00
0.000000000000000000e+00
0.000000000000000000e+00
0.000000000000000000e+00
6.481842463305979019e-01
4.862662993312013349e+00
1.054663632193319422e+01
1.072751774887105114e+01
6.544189249966632538e+00
0.000000000000000000e+00
0.000000000000000000e+00
0.000000000000000000e+00
0.000000000000000000e+00
0.000000000000000000e+00
0.000000000000000000e+00
0.000000000000000000e+00
0.000000000000000000e+00
0.000000000000000000e+00
0.000000000000000000e+00
2.632909671123717099e-01
2.821507895792014331e+00
1.052600543532198785e+01
1.399077224581450274e+01
1.083493941044372555e+01
5.685119452416918406e+00
0.000000000000000000e+00
0.000000000000000000e+00
0.000000000000000000e+00
0.000000000000000000e+00
0.000000000000000000e+00
0.000000000000000000e+00
0.000000000000000000e+00
0.000000000000000000e+00
0.000000000000000000e+00
0.000000000000000000e+00
2.085909612770174559e-01
1.711391286230416142e+00
8.312009747062960585e+00
1.618934787733196501e+01
1.707236754612935670e+01
1.048093620753377841e+01
4.801025241581563741e+00
0.000000000000000000e+00
0.000000000000000000e+00
0.000000000000000000e+00
0.000000000000000000e+00
0.000000000000000000e+00
0.000000000000000000e+00
0.000000000000000000e+00
0.000000000000000000e+00
0.000000000000000000e+00
0.000000000000000000e+00
1.549967419239409727e-01
1.355841248300613477e+00
5.989869501806456498e+00
1.635712009857802940e+01
2.083719443318842579e+01
1.567988196924911470e+01
9.174786458866048378e+00
3.989868040200696964e+00
0.000000000000000000e+00
0.000000000000000000e+00
0.000000000000000000e+00
0.000000000000000000e+00
0.000000000000000000e+00
0.000000000000000000e+00
0.000000000000000000e+00
0.000000000000000000e+00
0.000000000000000000e+00
0.000000000000000000e+00
0.000000000000000000e+00
4.649902257718229182e-01
5.006183070648418720e+00
1.645568544452323323e+01
2.405907408438866213e+01
2.400085469389744830e+01
1.567164240962260457e+01
7.939437350780305103e+00
3.238525290087945319e+00
0.000000000000000000e+00
0.000000000000000000e+00
0.000000000000000000e+00
0.000000000000000000e+00
0.000000000000000000e+00
0.000000000000000000e+00
0.000000000000000000e+00
0.000000000000000000e+00
0.000000000000000000e+00
0.000000000000000000e+00
0.000000000000000000e+00
2.189080473647392056e-01
4.184912031946406152e+00
1.209827575406701250e+01
2.810631073924567858e+01
3.195167049559064765e+01
2.253619716579142107e+01
1.374358545701919354e+01
6.660143017505741447e+00
2.673034584986837103e+00
0.000000000000000000e+00
0.000000000000000000e+00
0.000000000000000000e+00
0.000000000000000000e+00
0.000000000000000000e+00
0.000000000000000000e+00
0.000000000000000000e+00
0.000000000000000000e+00
0.000000000000000000e+00
0.000000000000000000e+00
0.000000000000000000e+00
0.000000000000000000e+00
1.751264378917913644e+00
1.193474912814345501e+01
2.878555265622840764e+01
3.587339426906064688e+01
3.134161473433832157e+01
2.036850402419449679e+01
1.184848674292182302e+01
5.456532127611925631e+00
2.121581965387429047e+00
0.000000000000000000e+00
0.000000000000000000e+00
0.000000000000000000e+00
0.000000000000000000e+00
0.000000000000000000e+00
0.000000000000000000e+00
0.000000000000000000e+00
0.000000000000000000e+00
0.000000000000000000e+00
0.000000000000000000e+00
0.000000000000000000e+00
0.000000000000000000e+00
1.184793709890269886e+00
7.442873610401132822e+00
2.789941354630937553e+01
3.869362331688673606e+01
3.593921701083873899e+01
2.569859894275429113e+01
1.740013143389961314e+01
9.945148469197940599e+00
4.309073469903824893e+00
1.693420357585564417e+00
0.000000000000000000e+00
0.000000000000000000e+00
0.000000000000000000e+00
0.000000000000000000e+00
0.000000000000000000e+00
0.000000000000000000e+00
0.000000000000000000e+00
0.000000000000000000e+00
0.000000000000000000e+00
0.000000000000000000e+00
0.000000000000000000e+00
0.000000000000000000e+00
1.157490838042941617e+00
9.478349679122159088e+00
2.539333349430974707e+01
3.781920502944159779e+01
4.630719340349787672e+01
3.238478895482172248e+01
2.310586195743190174e+01
1.482233418443300366e+01
7.786383847052240625e+00
3.698723120059090430e+00
1.352539020511663637e+00
0.000000000000000000e+00
0.000000000000000000e+00
0.000000000000000000e+00
0.000000000000000000e+00
0.000000000000000000e+00
0.000000000000000000e+00
0.000000000000000000e+00
0.000000000000000000e+00
0.000000000000000000e+00
0.000000000000000000e+00
0.000000000000000000e+00
0.000000000000000000e+00
0.000000000000000000e+00
4.244133072824118891e+00
2.073388992307972245e+01
4.378160947294784222e+01
5.564383035069480599e+01
3.994516908454884430e+01
3.093668863570367478e+01
2.036061103179642728e+01
1.199066296342801685e+01
6.402137829798508761e+00
2.678217335118694642e+00
1.065673795042131999e+00
0.000000000000000000e+00
0.000000000000000000e+00
0.000000000000000000e+00
0.000000000000000000e+00
0.000000000000000000e+00
0.000000000000000000e+00
0.000000000000000000e+00
0.000000000000000000e+00
0.000000000000000000e+00
0.000000000000000000e+00
0.000000000000000000e+00
0.000000000000000000e+00
0.000000000000000000e+00
4.852825635592212805e+00
2.199232592281589049e+01
4.146777984615944490e+01
4.662741408868944859e+01
4.975395415758504924e+01
3.619053178156252670e+01
2.468352816678484629e+01
1.589957827763878306e+01
9.276164344671510520e+00
4.778944583375978716e+00
2.431635793781421917e+00
8.865356170095628485e-01
0.000000000000000000e+00
0.000000000000000000e+00
0.000000000000000000e+00
0.000000000000000000e+00
0.000000000000000000e+00
0.000000000000000000e+00
0.000000000000000000e+00
0.000000000000000000e+00
0.000000000000000000e+00
0.000000000000000000e+00
0.000000000000000000e+00
0.000000000000000000e+00
0.000000000000000000e+00
3.543791294276838144e+00
1.213206408898053112e+01
4.012634905215530523e+01
4.679935154066566128e+01
5.012994284652527455e+01
4.262410402908376739e+01
2.753400688856630296e+01
2.145821381965829389e+01
1.277304250122060481e+01
7.948208185855379249e+00
4.103300694002133042e+00
1.777340218747866629e+00
6.832885530066820090e-01
0.000000000000000000e+00
0.000000000000000000e+00
0.000000000000000000e+00
0.000000000000000000e+00
0.000000000000000000e+00
0.000000000000000000e+00
0.000000000000000000e+00
0.000000000000000000e+00
0.000000000000000000e+00
0.000000000000000000e+00
0.000000000000000000e+00
0.000000000000000000e+00
0.000000000000000000e+00
1.394269717736181136e+00
1.240326952996893439e+01
3.299921432202704352e+01
5.787454190214707950e+01
5.716629650220551895e+01
5.188120722544319108e+01
3.781920502944159779e+01
2.492661987260358458e+01
1.467847141651472320e+01
1.010404854574167288e+01
5.468054771595838304e+00
2.958001905917200247e+00
1.447751029831710001e+00
5.557250804042733749e-01
0.000000000000000000e+00
0.000000000000000000e+00
0.000000000000000000e+00
0.000000000000000000e+00
0.000000000000000000e+00
0.000000000000000000e+00
0.000000000000000000e+00
0.000000000000000000e+00
0.000000000000000000e+00
0.000000000000000000e+00
0.000000000000000000e+00
0.000000000000000000e+00
0.000000000000000000e+00
0.000000000000000000e+00
9.759888024153267949e+00
4.193486364894258855e+01
5.046938661015901317e+01
7.060694112061943883e+01
4.768794682308336519e+01
3.677655195727618320e+01
2.696943309476572992e+01
1.658298142152288790e+01
1.217720722894719110e+01
7.396926105184469691e+00
3.905753408282741646e+00
2.348274493555437825e+00
1.164548467503753182e+00
4.177856315614772997e-01
0.000000000000000000e+00
0.000000000000000000e+00
0.000000000000000000e+00
0.000000000000000000e+00
0.000000000000000000e+00
0.000000000000000000e+00
0.000000000000000000e+00
0.000000000000000000e+00
0.000000000000000000e+00
0.000000000000000000e+00
0.000000000000000000e+00
0.000000000000000000e+00
0.000000000000000000e+00
8.960553845713439269e-01
5.601120086493789785e+00
2.649112463698744335e+01
6.437887517936256643e+01
6.551314608049487731e+01
6.327616581301413845e+01
4.383736726593998867e+01
2.867695420478083435e+01
1.890960251472079889e+01
1.460136728939122186e+01
9.873411266713938872e+00
5.681144276662299042e+00
3.671408203785777147e+00
2.059889906627577094e+00
8.935529121726911717e-01
3.433227432481095742e-01
0.000000000000000000e+00
0.000000000000000000e+00
0.000000000000000000e+00
0.000000000000000000e+00
0.000000000000000000e+00
0.000000000000000000e+00
0.000000000000000000e+00
0.000000000000000000e+00
0.000000000000000000e+00
0.000000000000000000e+00
0.000000000000000000e+00
0.000000000000000000e+00
0.000000000000000000e+00
0.000000000000000000e+00
8.960553845713439713e+00
2.160432033361890447e+01
4.670803554416206538e+01
6.556013894412150478e+01
6.114560300846188312e+01
4.166967016954589553e+01
2.873124746483904346e+01
2.189080473647392111e+01
1.518968070854621466e+01
1.053384354448938076e+01
6.516451436031199584e+00
4.232261843688021052e+00
2.616854783549436902e+00
1.450162494265814228e+00
7.177720114174076516e-01
2.746581945984876150e-01
0.000000000000000000e+00
0.000000000000000000e+00
0.000000000000000000e+00
0.000000000000000000e+00
0.000000000000000000e+00
0.000000000000000000e+00
0.000000000000000000e+00
0.000000000000000000e+00
0.000000000000000000e+00
0.000000000000000000e+00
0.000000000000000000e+00
0.000000000000000000e+00
0.000000000000000000e+00
1.058888938575228922e+00
4.912935393441549614e+00
1.523294153771284698e+01
4.960992076608785339e+01
5.158797955623870024e+01
5.847255635556783204e+01
4.658712610168524293e+01
3.009476178911647892e+01
2.636166004505850324e+01
1.773155183654387557e+01
1.084977193467586787e+01
7.822161047888154251e+00
4.015187248463668368e+00
3.202792746574719018e+00
1.913819170058543406e+00
1.219454824723525510e+00
5.371083078633662744e-01
2.337646411804905899e-01
0.000000000000000000e+00
0.000000000000000000e+00
0.000000000000000000e+00
0.000000000000000000e+00
0.000000000000000000e+00
0.000000000000000000e+00
0.000000000000000000e+00
0.000000000000000000e+00
0.000000000000000000e+00
0.000000000000000000e+00
0.000000000000000000e+00
0.000000000000000000e+00
0.000000000000000000e+00
0.000000000000000000e+00
4.235555754300915687e+00
8.843283708194789483e+00
3.853038153656778775e+01
7.041408108735049609e+01
6.204500243926005965e+01
4.606928682559890120e+01
4.027845277541536717e+01
2.700811955433530187e+01
1.569851665604607582e+01
1.379120698397857048e+01
8.524820805816753833e+00
6.466319799587541439e+00
3.027846121792274747e+00
2.630865470400661987e+00
1.640416431478751491e+00
9.393097974221750190e-01
4.370108504888298162e-01
1.937866150778218277e-01
0.000000000000000000e+00
0.000000000000000000e+00
0.000000000000000000e+00
0.000000000000000000e+00
0.000000000000000000e+00
0.000000000000000000e+00
0.000000000000000000e+00
0.000000000000000000e+00
0.000000000000000000e+00
0.000000000000000000e+00
0.000000000000000000e+00
0.000000000000000000e+00
0.000000000000000000e+00
0.000000000000000000e+00
2.250233972914781333e+00
9.530000447177060963e+00
3.340796067540254199e+01
6.361993230456541681e+01
4.880976075373159517e+01
3.555387780227261629e+01
3.839107235466575219e+01
3.154336663134938235e+01
1.697653229129647556e+01
1.332892923626553561e+01
9.413046036683786255e+00
6.974853386577343883e+00
3.233159899793770720e+00
2.830377896457995757e+00
2.211452134539686920e+00
1.327956158816132159e+00
6.838834490003555810e-01
2.929681679254725335e-01
1.394653277016764947e-01
0.000000000000000000e+00
0.000000000000000000e+00
0.000000000000000000e+00
0.000000000000000000e+00
0.000000000000000000e+00
0.000000000000000000e+00
0.000000000000000000e+00
0.000000000000000000e+00
0.000000000000000000e+00
0.000000000000000000e+00
0.000000000000000000e+00
0.000000000000000000e+00
0.000000000000000000e+00
0.000000000000000000e+00
0.000000000000000000e+00
4.500467945829562666e+00
2.329555664865503672e+01
5.797263764261028740e+01
6.810020922742214111e+01
4.880976075373159517e+01
3.346247322566834725e+01
3.543791294276838499e+01
2.135243279660573634e+01
1.427572033586294609e+01
1.214413552637526550e+01
8.537413847224829766e+00
4.959895741566111127e+00
3.441750861070787870e+00
2.435441445789438220e+00
1.372625462817736786e+00
1.093610954319167661e+00
6.426856508678040480e-01
2.465815413372726972e-01
1.226806602539911445e-01
0.000000000000000000e+00
0.000000000000000000e+00
0.000000000000000000e+00
0.000000000000000000e+00
0.000000000000000000e+00
0.000000000000000000e+00
0.000000000000000000e+00
0.000000000000000000e+00
0.000000000000000000e+00
0.000000000000000000e+00
0.000000000000000000e+00
0.000000000000000000e+00
0.000000000000000000e+00
0.000000000000000000e+00
2.461430894977935768e+00
8.274291061721489982e+00
2.475257370206259466e+01
4.659111329731007345e+01
5.404228932785704842e+01
5.286726768970929413e+01
3.280656050660648049e+01
1.951977604830653590e+01
2.480653905993786879e+01
1.116149896186209034e+01
1.157490838042941483e+01
7.108762259341618872e+00
5.910517278847958522e+00
2.634944612706996647e+00
3.233159899793770720e+00
1.974682253342787908e+00
1.220111522504654822e+00
7.811506816565483291e-01
4.778944583375978605e-01
2.343745343403780268e-01
1.013183562296643275e-01
0.000000000000000000e+00
0.000000000000000000e+00
0.000000000000000000e+00
0.000000000000000000e+00
0.000000000000000000e+00
0.000000000000000000e+00
0.000000000000000000e+00
0.000000000000000000e+00
0.000000000000000000e+00
0.000000000000000000e+00
0.000000000000000000e+00
0.000000000000000000e+00
0.000000000000000000e+00
0.000000000000000000e+00
0.000000000000000000e+00
2.461430894977935768e+00
1.891266528393483526e+01
3.825397753955128621e+01
4.765000223588530304e+01
5.699005056392197588e+01
2.956982769085434981e+01
2.880576044482520359e+01
1.603410175396608395e+01
1.122200576520998894e+01
9.705651271184425610e+00
5.015793631519413154e+00
4.739174839561079544e+00
3.940344852565305533e+00
3.254931580402760538e+00
2.503091535324209360e+00
1.777214028008509139e+00
8.388266717219501345e-01
6.639780794080660797e-01
5.273318160966596890e-01
2.050777175478307734e-01
7.781982180290483719e-02
0.000000000000000000e+00
0.000000000000000000e+00
0.000000000000000000e+00
0.000000000000000000e+00
0.000000000000000000e+00
0.000000000000000000e+00
0.000000000000000000e+00
0.000000000000000000e+00
0.000000000000000000e+00
0.000000000000000000e+00
0.000000000000000000e+00
0.000000000000000000e+00
0.000000000000000000e+00
0.000000000000000000e+00
0.000000000000000000e+00
3.816765479046988485e+00
1.476858536986761550e+01
3.191512266664003405e+01
4.500467945829562666e+01
3.494333497298255509e+01
3.340796067540254199e+01
3.315404922913972285e+01
2.400480037068766848e+01
1.185129260075753876e+01
7.087582588553676288e+00
2.911695381355327683e+00
3.086642234781177496e+00
4.442976412088512461e+00
2.845804615741609478e+00
3.254931580402760538e+00
1.877318651493157020e+00
1.316454835561858605e+00
6.863127314088683928e-01
4.882191760353427057e-01
3.378219446869226150e-01
2.026363161484518172e-01
6.835937287784581151e-02
0.000000000000000000e+00
0.000000000000000000e+00
0.000000000000000000e+00
0.000000000000000000e+00
0.000000000000000000e+00
0.000000000000000000e+00
0.000000000000000000e+00
0.000000000000000000e+00
0.000000000000000000e+00
0.000000000000000000e+00
0.000000000000000000e+00
0.000000000000000000e+00
0.000000000000000000e+00
0.000000000000000000e+00
0.000000000000000000e+00
5.230878627181762219e+00
1.272255159682329406e+01
4.184432521462490939e+01
5.437391269131265403e+01
3.150327562080693866e+01
3.812000178870824385e+01
1.965174157376619846e+01
1.881716307599822358e+01
1.200240018534383424e+01
5.577078870944724542e+00
5.906318823794730832e+00
6.793955889829097927e+00
3.858302793476471759e+00
3.554381129670809436e+00
2.626896568376870356e+00
2.014957645011232756e+00
1.460136728939122275e+00
9.873411266713939538e-01
5.337987910957864290e-01
2.148164374555507905e-01
2.389472291687989303e-01
1.074216615726732577e-01
5.279540851726484407e-02
0.000000000000000000e+00
0.000000000000000000e+00
0.000000000000000000e+00
0.000000000000000000e+00
0.000000000000000000e+00
0.000000000000000000e+00
0.000000000000000000e+00
0.000000000000000000e+00
0.000000000000000000e+00
0.000000000000000000e+00
0.000000000000000000e+00
0.000000000000000000e+00
0.000000000000000000e+00
0.000000000000000000e+00
0.000000000000000000e+00
0.000000000000000000e+00
1.176947691115896433e+01
3.562314447110522764e+01
3.938289431964697229e+01
2.955103950614817876e+01
2.587769068851998355e+01
1.906000089435412193e+01
9.825870786883099228e+00
9.856609230284783862e+00
1.200240018534383424e+01
5.577078870944724542e+00
4.725055059035784488e+00
2.426412817796106403e+00
2.314981676085883233e+00
2.073388992307972245e+00
2.407988521012131233e+00
1.704964161163350589e+00
1.042954806385087307e+00
7.240501595590221884e-01
3.812848507827046318e-01
3.515178067454467481e-01
2.059889906627576928e-01
9.033185177702068858e-02
3.997802610266875528e-02
0.000000000000000000e+00
0.000000000000000000e+00
0.000000000000000000e+00
0.000000000000000000e+00
0.000000000000000000e+00
0.000000000000000000e+00
0.000000000000000000e+00
0.000000000000000000e+00
0.000000000000000000e+00
0.000000000000000000e+00
0.000000000000000000e+00
0.000000000000000000e+00
0.000000000000000000e+00
0.000000000000000000e+00
0.000000000000000000e+00
4.092230757004260866e+00
1.070443852032057386e+01
1.700035553834072743e+01
3.689539963078755846e+01
3.076788618722419599e+01
2.718695634565632702e+01
1.912698876977564311e+01
1.164777832432751836e+01
1.965174157376619934e+00
6.272387691999407267e+00
3.200640049425022671e+00
8.365618306417086814e+00
2.362527529517892244e+00
2.911695381355327683e+00
1.543321117390588748e+00
1.480992137362837413e+00
1.751264378917913644e+00
1.084977193467586698e+00
9.386593257465785101e-01
7.898729013371150742e-01
3.050278806261637055e-01
3.124602726626193316e-01
1.235933943976546129e-01
8.544904897826281764e-02
3.479003798247510409e-02
0.000000000000000000e+00
0.000000000000000000e+00
0.000000000000000000e+00
0.000000000000000000e+00
0.000000000000000000e+00
0.000000000000000000e+00
0.000000000000000000e+00
0.000000000000000000e+00
0.000000000000000000e+00
0.000000000000000000e+00
0.000000000000000000e+00
0.000000000000000000e+00
0.000000000000000000e+00
0.000000000000000000e+00
0.000000000000000000e+00
1.386476391214087167e+00
9.548538433009941429e+00
1.605665778048086167e+01
3.661615039027233820e+01
1.526706191618795394e+01
1.846073171233451760e+01
2.482287318516447172e+01
1.237628685103129733e+01
3.176666815725686988e+00
3.930348314753239869e+00
4.480276922856719857e+00
4.800960074137534228e+00
4.879944012076633975e+00
3.543791294276838144e+00
3.396977944914548964e+00
2.314981676085883233e+00
3.258182702198242353e+00
1.313448284188435178e+00
1.239973935391527782e+00
5.214774031925436537e-01
7.240501595590221884e-01
3.050278806261637055e-01
1.562301363313096658e-01
1.812703117832267785e-01
5.371083078633662883e-02
3.265380758004241685e-02
0.000000000000000000e+00
0.000000000000000000e+00
0.000000000000000000e+00
0.000000000000000000e+00
0.000000000000000000e+00
0.000000000000000000e+00
0.000000000000000000e+00
0.000000000000000000e+00
0.000000000000000000e+00
0.000000000000000000e+00
0.000000000000000000e+00
0.000000000000000000e+00
0.000000000000000000e+00
0.000000000000000000e+00
0.000000000000000000e+00
0.000000000000000000e+00
5.545905564856348668e+00
1.500484610901562199e+01
2.274693185568121834e+01
2.092351450872704888e+01
1.653931707587028299e+01
1.723001626484554905e+01
1.182041580245927292e+01
7.875818905201734665e+00
8.471111508601831375e+00
7.860696629506479738e+00
2.688166153714031559e+00
4.800960074137534228e+00
2.091404576604271703e+00
4.134423176656311760e+00
1.455847690677663842e+00
1.929151396738235880e+00
1.184793709890269886e+00
1.094540236823696056e+00
6.199869676957638909e-01
9.386593257465785101e-01
3.291137088904646513e-01
1.525139403130818527e-01
1.562301363313096658e-01
1.647911925302061598e-01
7.324204198136813337e-02
1.892089785011803749e-02
0.000000000000000000e+00
0.000000000000000000e+00
0.000000000000000000e+00
0.000000000000000000e+00
0.000000000000000000e+00
0.000000000000000000e+00
0.000000000000000000e+00
0.000000000000000000e+00
0.000000000000000000e+00
0.000000000000000000e+00
0.000000000000000000e+00
0.000000000000000000e+00
0.000000000000000000e+00
0.000000000000000000e+00
0.000000000000000000e+00
0.000000000000000000e+00
7.029152769510344179e+00
2.079714586821130595e+01
2.864561529902982429e+01
2.007082222560107709e+01
1.700035553834072743e+01
1.399480675650562489e+01
1.107643902740071162e+01
5.910207901229636462e+00
4.500467945829562666e+00
3.176666815725686988e+00
7.860696629506479738e+00
0.000000000000000000e+00
2.400480037068767114e+00
6.971348588680905678e-01
1.181263764758946122e+00
2.426412817796106403e+00
1.157490838042941617e+00
1.184793709890269886e+00
8.756321894589568222e-01
1.239973935391527782e+00
2.085909612770174559e-01
2.632909671123717099e-01
2.287709104696227791e-01
1.757589033727233740e-01
1.483120732771855410e-01
7.812484478012600431e-02
2.044677670899852293e-02
0.000000000000000000e+00
0.000000000000000000e+00
0.000000000000000000e+00
0.000000000000000000e+00
0.000000000000000000e+00
0.000000000000000000e+00
0.000000000000000000e+00
0.000000000000000000e+00
0.000000000000000000e+00
0.000000000000000000e+00
0.000000000000000000e+00
0.000000000000000000e+00
0.000000000000000000e+00
0.000000000000000000e+00
0.000000000000000000e+00
0.000000000000000000e+00
1.422619279714792961e+00
1.968162775462896263e+01
3.466190978035218251e+01
1.227669227101278082e+01
1.338054815040071688e+01
7.846317940772642885e+00
8.905786117776306909e+00
7.384292684933807749e+00
4.728166320983708815e+00
4.500467945829562666e+00
3.176666815725686988e+00
9.825870786883099672e-01
1.792110769142687854e+00
4.800960074137534228e+00
6.971348588680905678e-01
1.771895647138419072e+00
1.455847690677663842e+00
7.716605586952943741e-01
5.923968549451349430e-01
4.378160947294784111e-01
1.549967419239409727e-01
2.085909612770174559e-01
2.632909671123717099e-01
1.906424253913523159e-01
1.367013692898959576e-01
6.591647701208246113e-02
3.417961959130512428e-02
1.525878858880486827e-02
0.000000000000000000e+00
0.000000000000000000e+00
0.000000000000000000e+00
0.000000000000000000e+00
0.000000000000000000e+00
0.000000000000000000e+00
0.000000000000000000e+00
0.000000000000000000e+00
0.000000000000000000e+00
0.000000000000000000e+00
0.000000000000000000e+00
0.000000000000000000e+00
0.000000000000000000e+00
0.000000000000000000e+00
0.000000000000000000e+00
2.900048006555250080e+00
2.874480935271534587e+00
1.991666991600710190e+01
2.108745830853103342e+01
2.634305143306765729e+01
2.046115378502130255e+01
9.366383705280501459e+00
3.923158970386321442e+00
3.816765479046988485e+00
0.000000000000000000e+00
1.182041580245927204e+00
3.375350959372171999e+00
1.058888938575228922e+00
2.947761236064930124e+00
0.000000000000000000e+00
1.600320024712511335e+00
1.394269717736181136e+00
5.906318823794730610e-01
4.852825635592212805e-01
1.929151396738235880e+00
2.961984274725674715e-01
2.189080473647392056e-01
0.000000000000000000e+00
2.085909612770174559e-01
6.582274177809292748e-02
1.525139403130818527e-01
1.367013692898959576e-01
4.943735775906184238e-02
1.708980979565256214e-02
1.251220664281999309e-02
0.000000000000000000e+00
0.000000000000000000e+00
0.000000000000000000e+00
0.000000000000000000e+00
0.000000000000000000e+00
0.000000000000000000e+00
0.000000000000000000e+00
0.000000000000000000e+00
0.000000000000000000e+00
0.000000000000000000e+00
0.000000000000000000e+00
0.000000000000000000e+00
0.000000000000000000e+00
0.000000000000000000e+00
0.000000000000000000e+00
0.000000000000000000e+00
0.000000000000000000e+00
1.437240467635767338e+01
1.707143135657751642e+01
1.686996664682482461e+01
1.247828752092678428e+01
8.184461514008521732e+00
5.352219260160286929e+00
1.307719656795440555e+00
6.361275798411647031e+00
3.692146342466903874e+00
2.364083160491854407e+00
2.250233972914781333e+00
0.000000000000000000e+00
9.825870786883099672e-01
2.688166153714031559e+00
0.000000000000000000e+00
1.394269717736181136e+00
1.181263764758946122e+00
4.852825635592212805e-01
3.858302793476471870e-01
5.923968549451349430e-01
4.378160947294784111e-01
0.000000000000000000e+00
2.085909612770174559e-01
6.582274177809292748e-02
1.143854552348113895e-01
1.171726022484822494e-01
4.943735775906184238e-02
2.685541539316831441e-02
8.544921609730726439e-03
0.000000000000000000e+00
0.000000000000000000e+00
0.000000000000000000e+00
0.000000000000000000e+00
0.000000000000000000e+00
0.000000000000000000e+00
0.000000000000000000e+00
0.000000000000000000e+00
0.000000000000000000e+00
0.000000000000000000e+00
0.000000000000000000e+00
0.000000000000000000e+00
0.000000000000000000e+00
0.000000000000000000e+00
0.000000000000000000e+00
0.000000000000000000e+00
1.461243764860584493e+00
1.160019202622100032e+01
1.149792374108613835e+01
1.707143135657751642e+01
8.434983323412412304e+00
6.932381956070435614e+00
8.184461514008521732e+00
2.676109630080143464e+00
2.615439313590881110e+00
3.816765479046988485e+00
1.230715447488967884e+00
1.182041580245927204e+00
2.250233972914781333e+00
0.000000000000000000e+00
0.000000000000000000e+00
8.960553845713439269e-01
8.001600123562556677e-01
1.394269717736181136e+00
1.181263764758946122e+00
0.000000000000000000e+00
1.157490838042941617e+00
8.885952824177023590e-01
0.000000000000000000e+00
6.199869676957638909e-01
1.042954806385087280e-01
0.000000000000000000e+00
7.625697015654092636e-02
3.905753408282741646e-02
3.295823850604123056e-02
2.441401399378937548e-02
8.850097381506823874e-03
0.000000000000000000e+00
0.000000000000000000e+00
0.000000000000000000e+00
0.000000000000000000e+00
0.000000000000000000e+00
0.000000000000000000e+00
0.000000000000000000e+00
0.000000000000000000e+00
0.000000000000000000e+00
0.000000000000000000e+00
0.000000000000000000e+00
0.000000000000000000e+00
0.000000000000000000e+00
0.000000000000000000e+00
0.000000000000000000e+00
0.000000000000000000e+00
2.942255348607469401e+00
8.767462589163507403e+00
1.885031204260912574e+01
1.293516420872190587e+01
2.845238559429585923e+00
4.217491661706206152e+00
0.000000000000000000e+00
4.092230757004260866e+00
0.000000000000000000e+00
2.615439313590881110e+00
1.272255159682329495e+00
0.000000000000000000e+00
0.000000000000000000e+00
0.000000000000000000e+00
0.000000000000000000e+00
9.825870786883099672e-01
0.000000000000000000e+00
8.001600123562556677e-01
0.000000000000000000e+00
5.906318823794730610e-01
0.000000000000000000e+00
7.716605586952943741e-01
2.961984274725674715e-01
2.189080473647392056e-01
3.099934838478819454e-01
0.000000000000000000e+00
1.316454835561858550e-01
1.525139403130818527e-01
3.905753408282741646e-02
2.471867887953092119e-02
2.929681679254725335e-02
7.324218522626336700e-03
0.000000000000000000e+00
0.000000000000000000e+00
0.000000000000000000e+00
0.000000000000000000e+00
0.000000000000000000e+00
0.000000000000000000e+00
0.000000000000000000e+00
0.000000000000000000e+00
0.000000000000000000e+00
0.000000000000000000e+00
0.000000000000000000e+00
0.000000000000000000e+00
0.000000000000000000e+00
0.000000000000000000e+00
0.000000000000000000e+00
0.000000000000000000e+00
2.959731964091544931e+00
4.413383022911204101e+00
1.607368141346642787e+01
7.250120016388125421e+00
1.437240467635767294e+00
7.113096398573964585e+00
2.811661107804137583e+00
1.386476391214087167e+00
6.820384595007100259e+00
4.014164445120215419e+00
1.307719656795440555e+00
0.000000000000000000e+00
1.230715447488967884e+00
0.000000000000000000e+00
1.125116986457390666e+00
0.000000000000000000e+00
0.000000000000000000e+00
0.000000000000000000e+00
8.001600123562556677e-01
0.000000000000000000e+00
1.181263764758946122e+00
0.000000000000000000e+00
7.716605586952943741e-01
2.961984274725674715e-01
2.189080473647392056e-01
0.000000000000000000e+00
0.000000000000000000e+00
0.000000000000000000e+00
0.000000000000000000e+00
7.811506816565483291e-02
4.119779813255153994e-02
1.708980979565256214e-02
6.408691207298045263e-03
0.000000000000000000e+00
0.000000000000000000e+00
0.000000000000000000e+00
0.000000000000000000e+00
0.000000000000000000e+00
0.000000000000000000e+00
0.000000000000000000e+00
0.000000000000000000e+00
0.000000000000000000e+00
0.000000000000000000e+00
0.000000000000000000e+00
0.000000000000000000e+00
0.000000000000000000e+00
0.000000000000000000e+00
0.000000000000000000e+00
0.000000000000000000e+00
1.487618036407947875e+00
4.439597946137316953e+00
4.413383022911204101e+00
1.899616894318759819e+01
4.350072009832874897e+00
1.437240467635767294e+00
1.422619279714792961e+00
1.405830553902068791e+00
0.000000000000000000e+00
2.728153838002840281e+00
1.338054815040071732e+00
0.000000000000000000e+00
2.544510319364658990e+00
0.000000000000000000e+00
0.000000000000000000e+00
0.000000000000000000e+00
2.117777877150457844e+00
9.825870786883099672e-01
8.960553845713439269e-01
0.000000000000000000e+00
0.000000000000000000e+00
5.906318823794730610e-01
0.000000000000000000e+00
7.716605586952943741e-01
0.000000000000000000e+00
2.189080473647392056e-01
1.549967419239409727e-01
2.085909612770174559e-01
1.316454835561858550e-01
0.000000000000000000e+00
5.858630112424112468e-02
1.647911925302061528e-02
1.464840839627362667e-02
4.272460804865363219e-03
0.000000000000000000e+00
0.000000000000000000e+00
0.000000000000000000e+00
0.000000000000000000e+00
0.000000000000000000e+00
0.000000000000000000e+00
0.000000000000000000e+00
0.000000000000000000e+00
0.000000000000000000e+00
0.000000000000000000e+00
0.000000000000000000e+00
0.000000000000000000e+00
0.000000000000000000e+00
0.000000000000000000e+00
0.000000000000000000e+00
0.000000000000000000e+00
1.494517789827305210e+00
7.438090182039739595e+00
1.923825776659504072e+01
8.826766045822408202e+00
7.306218824302922243e+00
7.250120016388125421e+00
0.000000000000000000e+00
2.845238559429585923e+00
0.000000000000000000e+00
1.386476391214087167e+00
0.000000000000000000e+00
0.000000000000000000e+00
0.000000000000000000e+00
2.544510319364658990e+00
0.000000000000000000e+00
0.000000000000000000e+00
0.000000000000000000e+00
0.000000000000000000e+00
9.825870786883099672e-01
1.792110769142687854e+00
0.000000000000000000e+00
0.000000000000000000e+00
0.000000000000000000e+00
0.000000000000000000e+00
0.000000000000000000e+00
2.961984274725674715e-01
2.189080473647392056e-01
0.000000000000000000e+00
0.000000000000000000e+00
0.000000000000000000e+00
3.812848507827046318e-02
3.905753408282741646e-02
0.000000000000000000e+00
7.324204198136813337e-03
6.713866979074142698e-03
0.000000000000000000e+00
0.000000000000000000e+00
0.000000000000000000e+00
0.000000000000000000e+00
0.000000000000000000e+00
0.000000000000000000e+00
0.000000000000000000e+00
0.000000000000000000e+00
0.000000000000000000e+00
0.000000000000000000e+00
0.000000000000000000e+00
0.000000000000000000e+00
0.000000000000000000e+00
0.000000000000000000e+00
0.000000000000000000e+00
0.000000000000000000e+00
0.000000000000000000e+00
5.978071159309220839e+00
1.041332625485563490e+01
1.035906187432040682e+01
1.471127674303734700e+00
5.844975059442337972e+00
2.900048006555250080e+00
2.874480935271534587e+00
0.000000000000000000e+00
0.000000000000000000e+00
1.386476391214087167e+00
0.000000000000000000e+00
0.000000000000000000e+00
0.000000000000000000e+00
0.000000000000000000e+00
0.000000000000000000e+00
1.182041580245927204e+00
0.000000000000000000e+00
0.000000000000000000e+00
0.000000000000000000e+00
0.000000000000000000e+00
0.000000000000000000e+00
0.000000000000000000e+00
5.906318823794730610e-01
4.852825635592212805e-01
3.858302793476471870e-01
0.000000000000000000e+00
4.378160947294784111e-01
1.549967419239409727e-01
1.042954806385087280e-01
0.000000000000000000e+00
7.625697015654092636e-02
1.952876704141370823e-02
1.647911925302061528e-02
1.953121119503150108e-02
3.662109261313168350e-03
0.000000000000000000e+00
0.000000000000000000e+00
0.000000000000000000e+00
0.000000000000000000e+00
0.000000000000000000e+00
0.000000000000000000e+00
0.000000000000000000e+00
0.000000000000000000e+00
0.000000000000000000e+00
0.000000000000000000e+00
0.000000000000000000e+00
0.000000000000000000e+00
0.000000000000000000e+00
0.000000000000000000e+00
0.000000000000000000e+00
0.000000000000000000e+00
0.000000000000000000e+00
3.001356539728552875e+00
2.989035579654610419e+00
7.438090182039739595e+00
1.479865982045772466e+00
1.471127674303734700e+00
0.000000000000000000e+00
0.000000000000000000e+00
1.437240467635767294e+00
0.000000000000000000e+00
0.000000000000000000e+00
0.000000000000000000e+00
0.000000000000000000e+00
0.000000000000000000e+00
0.000000000000000000e+00
1.272255159682329495e+00
0.000000000000000000e+00
1.182041580245927204e+00
0.000000000000000000e+00
1.058888938575228922e+00
0.000000000000000000e+00
8.960553845713439269e-01
0.000000000000000000e+00
6.971348588680905678e-01
0.000000000000000000e+00
0.000000000000000000e+00
0.000000000000000000e+00
0.000000000000000000e+00
0.000000000000000000e+00
1.549967419239409727e-01
0.000000000000000000e+00
0.000000000000000000e+00
3.812848507827046318e-02
0.000000000000000000e+00
8.239559626510307641e-03
2.441401399378937635e-03
2.441406174208779045e-03
0.000000000000000000e+00
0.000000000000000000e+00
0.000000000000000000e+00
0.000000000000000000e+00
0.000000000000000000e+00
0.000000000000000000e+00
0.000000000000000000e+00
0.000000000000000000e+00
0.000000000000000000e+00
0.000000000000000000e+00
0.000000000000000000e+00
0.000000000000000000e+00
0.000000000000000000e+00
0.000000000000000000e+00
0.000000000000000000e+00
1.515612101736341533e+00
0.000000000000000000e+00
3.012390419957152510e+00
7.503391349321382187e+00
5.978071159309220839e+00
1.487618036407947875e+00
2.959731964091544931e+00
1.471127674303734700e+00
0.000000000000000000e+00
1.450024003277625040e+00
0.000000000000000000e+00
0.000000000000000000e+00
1.405830553902068791e+00
0.000000000000000000e+00
0.000000000000000000e+00
0.000000000000000000e+00
1.307719656795440555e+00
0.000000000000000000e+00
0.000000000000000000e+00
0.000000000000000000e+00
0.000000000000000000e+00
0.000000000000000000e+00
0.000000000000000000e+00
8.960553845713439269e-01
0.000000000000000000e+00
0.000000000000000000e+00
0.000000000000000000e+00
0.000000000000000000e+00
3.858302793476471870e-01
0.000000000000000000e+00
2.189080473647392056e-01
0.000000000000000000e+00
0.000000000000000000e+00
6.582274177809292748e-02
0.000000000000000000e+00
3.905753408282741646e-02
1.647911925302061528e-02
0.000000000000000000e+00
3.356933489537071349e-03
0.000000000000000000e+00
0.000000000000000000e+00
0.000000000000000000e+00
0.000000000000000000e+00
0.000000000000000000e+00
0.000000000000000000e+00
0.000000000000000000e+00
0.000000000000000000e+00
0.000000000000000000e+00
0.000000000000000000e+00
0.000000000000000000e+00
0.000000000000000000e+00
0.000000000000000000e+00
0.000000000000000000e+00
0.000000000000000000e+00
0.000000000000000000e+00
0.000000000000000000e+00
6.044600007696883104e+00
7.530976049892881719e+00
6.002713079457105749e+00
1.494517789827305210e+00
2.975236072815895749e+00
0.000000000000000000e+00
1.471127674303734700e+00
1.461243764860584493e+00
0.000000000000000000e+00
1.437240467635767294e+00
0.000000000000000000e+00
0.000000000000000000e+00
0.000000000000000000e+00
0.000000000000000000e+00
0.000000000000000000e+00
0.000000000000000000e+00
0.000000000000000000e+00
0.000000000000000000e+00
1.182041580245927204e+00
0.000000000000000000e+00
0.000000000000000000e+00
0.000000000000000000e+00
0.000000000000000000e+00
8.001600123562556677e-01
0.000000000000000000e+00
0.000000000000000000e+00
0.000000000000000000e+00
0.000000000000000000e+00
0.000000000000000000e+00
0.000000000000000000e+00
1.549967419239409727e-01
0.000000000000000000e+00
0.000000000000000000e+00
0.000000000000000000e+00
5.858630112424112468e-02
1.647911925302061528e-02
2.441401399378937635e-03
1.525878858880486957e-03
0.000000000000000000e+00
0.000000000000000000e+00
0.000000000000000000e+00
0.000000000000000000e+00
0.000000000000000000e+00
0.000000000000000000e+00
0.000000000000000000e+00
0.000000000000000000e+00
0.000000000000000000e+00
0.000000000000000000e+00
0.000000000000000000e+00
0.000000000000000000e+00
0.000000000000000000e+00
0.000000000000000000e+00
0.000000000000000000e+00
0.000000000000000000e+00
0.000000000000000000e+00
4.546836305209025042e+00
1.208920001539376621e+01
3.012390419957152510e+00
4.502034809592829312e+00
4.483553369481915851e+00
1.487618036407947875e+00
0.000000000000000000e+00
0.000000000000000000e+00
0.000000000000000000e+00
0.000000000000000000e+00
0.000000000000000000e+00
0.000000000000000000e+00
1.405830553902068791e+00
0.000000000000000000e+00
0.000000000000000000e+00
1.338054815040071732e+00
0.000000000000000000e+00
0.000000000000000000e+00
0.000000000000000000e+00
0.000000000000000000e+00
0.000000000000000000e+00
0.000000000000000000e+00
9.825870786883099672e-01
0.000000000000000000e+00
0.000000000000000000e+00
0.000000000000000000e+00
0.000000000000000000e+00
0.000000000000000000e+00
0.000000000000000000e+00
2.961984274725674715e-01
2.189080473647392056e-01
1.549967419239409727e-01
0.000000000000000000e+00
0.000000000000000000e+00
0.000000000000000000e+00
3.905753408282741646e-02
0.000000000000000000e+00
2.441401399378937635e-03
9.155273153282920875e-04
0.000000000000000000e+00
0.000000000000000000e+00
0.000000000000000000e+00
0.000000000000000000e+00
0.000000000000000000e+00
0.000000000000000000e+00
0.000000000000000000e+00
0.000000000000000000e+00
0.000000000000000000e+00
0.000000000000000000e+00
0.000000000000000000e+00
0.000000000000000000e+00
0.000000000000000000e+00
0.000000000000000000e+00
0.000000000000000000e+00
0.000000000000000000e+00
1.523287812427410515e+00
0.000000000000000000e+00
1.515612101736341533e+00
1.511150001924220776e+00
3.012390419957152510e+00
1.500678269864276437e+00
0.000000000000000000e+00
0.000000000000000000e+00
0.000000000000000000e+00
1.471127674303734700e+00
0.000000000000000000e+00
0.000000000000000000e+00
0.000000000000000000e+00
0.000000000000000000e+00
0.000000000000000000e+00
1.386476391214087167e+00
0.000000000000000000e+00
1.338054815040071732e+00
0.000000000000000000e+00
1.272255159682329495e+00
0.000000000000000000e+00
0.000000000000000000e+00
0.000000000000000000e+00
0.000000000000000000e+00
9.825870786883099672e-01
0.000000000000000000e+00
0.000000000000000000e+00
0.000000000000000000e+00
0.000000000000000000e+00
0.000000000000000000e+00
0.000000000000000000e+00
0.000000000000000000e+00
0.000000000000000000e+00
0.000000000000000000e+00
1.042954806385087280e-01
0.000000000000000000e+00
0.000000000000000000e+00
3.905753408282741646e-02
0.000000000000000000e+00
0.000000000000000000e+00
6.103515435521947611e-04
0.000000000000000000e+00
0.000000000000000000e+00
0.000000000000000000e+00
0.000000000000000000e+00
0.000000000000000000e+00
0.000000000000000000e+00
0.000000000000000000e+00
0.000000000000000000e+00
0.000000000000000000e+00
0.000000000000000000e+00
0.000000000000000000e+00
0.000000000000000000e+00
0.000000000000000000e+00
0.000000000000000000e+00
0.000000000000000000e+00
0.000000000000000000e+00
1.526596647263466888e+00
1.523287812427410515e+00
9.117845974801880971e+00
6.062448406945366131e+00
1.511150001924220776e+00
3.012390419957152510e+00
0.000000000000000000e+00
0.000000000000000000e+00
0.000000000000000000e+00
0.000000000000000000e+00
0.000000000000000000e+00
0.000000000000000000e+00
0.000000000000000000e+00
0.000000000000000000e+00
0.000000000000000000e+00
1.405830553902068791e+00
0.000000000000000000e+00
0.000000000000000000e+00
0.000000000000000000e+00
0.000000000000000000e+00
0.000000000000000000e+00
0.000000000000000000e+00
0.000000000000000000e+00
1.125116986457390666e+00
0.000000000000000000e+00
0.000000000000000000e+00
0.000000000000000000e+00
0.000000000000000000e+00
0.000000000000000000e+00
0.000000000000000000e+00
0.000000000000000000e+00
0.000000000000000000e+00
0.000000000000000000e+00
0.000000000000000000e+00
1.549967419239409727e-01
0.000000000000000000e+00
0.000000000000000000e+00
0.000000000000000000e+00
0.000000000000000000e+00
2.471867887953092119e-02
4.882802798757875269e-03
1.831054630656584175e-03
0.000000000000000000e+00
0.000000000000000000e+00
0.000000000000000000e+00
0.000000000000000000e+00
0.000000000000000000e+00
0.000000000000000000e+00
0.000000000000000000e+00
0.000000000000000000e+00
0.000000000000000000e+00
0.000000000000000000e+00
0.000000000000000000e+00
0.000000000000000000e+00
0.000000000000000000e+00
0.000000000000000000e+00
0.000000000000000000e+00
0.000000000000000000e+00
0.000000000000000000e+00
3.053193294526933776e+00
1.523287812427410515e+00
6.078563983201253684e+00
0.000000000000000000e+00
1.511150001924220776e+00
0.000000000000000000e+00
0.000000000000000000e+00
0.000000000000000000e+00
0.000000000000000000e+00
0.000000000000000000e+00
0.000000000000000000e+00
0.000000000000000000e+00
0.000000000000000000e+00
0.000000000000000000e+00
0.000000000000000000e+00
0.000000000000000000e+00
0.000000000000000000e+00
0.000000000000000000e+00
0.000000000000000000e+00
0.000000000000000000e+00
0.000000000000000000e+00
0.000000000000000000e+00
0.000000000000000000e+00
0.000000000000000000e+00
0.000000000000000000e+00
0.000000000000000000e+00
0.000000000000000000e+00
0.000000000000000000e+00
0.000000000000000000e+00
0.000000000000000000e+00
0.000000000000000000e+00
3.858302793476471870e-01
0.000000000000000000e+00
2.189080473647392056e-01
0.000000000000000000e+00
0.000000000000000000e+00
0.000000000000000000e+00
0.000000000000000000e+00
1.952876704141370823e-02
8.239559626510307641e-03
4.882802798757875269e-03
9.155273153282920875e-04
0.000000000000000000e+00
0.000000000000000000e+00
0.000000000000000000e+00
0.000000000000000000e+00
0.000000000000000000e+00
0.000000000000000000e+00
0.000000000000000000e+00
0.000000000000000000e+00
0.000000000000000000e+00
0.000000000000000000e+00
0.000000000000000000e+00
0.000000000000000000e+00
0.000000000000000000e+00
0.000000000000000000e+00
0.000000000000000000e+00
0.000000000000000000e+00
0.000000000000000000e+00
1.529605657132143248e+00
6.106386589053867553e+00
4.569863437282231544e+00
0.000000000000000000e+00
0.000000000000000000e+00
0.000000000000000000e+00
0.000000000000000000e+00
1.500678269864276437e+00
0.000000000000000000e+00
0.000000000000000000e+00
0.000000000000000000e+00
0.000000000000000000e+00
0.000000000000000000e+00
0.000000000000000000e+00
0.000000000000000000e+00
0.000000000000000000e+00
0.000000000000000000e+00
0.000000000000000000e+00
0.000000000000000000e+00
0.000000000000000000e+00
0.000000000000000000e+00
1.272255159682329495e+00
0.000000000000000000e+00
0.000000000000000000e+00
0.000000000000000000e+00
0.000000000000000000e+00
0.000000000000000000e+00
0.000000000000000000e+00
0.000000000000000000e+00
0.000000000000000000e+00
5.906318823794730610e-01
0.000000000000000000e+00
0.000000000000000000e+00
0.000000000000000000e+00
0.000000000000000000e+00
0.000000000000000000e+00
0.000000000000000000e+00
0.000000000000000000e+00
0.000000000000000000e+00
0.000000000000000000e+00
1.647911925302061528e-02
0.000000000000000000e+00
0.000000000000000000e+00
0.000000000000000000e+00
0.000000000000000000e+00
0.000000000000000000e+00
0.000000000000000000e+00
0.000000000000000000e+00
0.000000000000000000e+00
0.000000000000000000e+00
0.000000000000000000e+00
0.000000000000000000e+00
0.000000000000000000e+00
0.000000000000000000e+00
0.000000000000000000e+00
0.000000000000000000e+00
0.000000000000000000e+00
0.000000000000000000e+00
0.000000000000000000e+00
0.000000000000000000e+00
1.532347965967065351e+00
1.529605657132143248e+00
3.053193294526933776e+00
1.523287812427410515e+00
1.519640995800313421e+00
0.000000000000000000e+00
0.000000000000000000e+00
0.000000000000000000e+00
0.000000000000000000e+00
0.000000000000000000e+00
0.000000000000000000e+00
0.000000000000000000e+00
0.000000000000000000e+00
0.000000000000000000e+00
0.000000000000000000e+00
0.000000000000000000e+00
0.000000000000000000e+00
0.000000000000000000e+00
0.000000000000000000e+00
0.000000000000000000e+00
0.000000000000000000e+00
0.000000000000000000e+00
0.000000000000000000e+00
0.000000000000000000e+00
0.000000000000000000e+00
1.125116986457390666e+00
0.000000000000000000e+00
0.000000000000000000e+00
0.000000000000000000e+00
0.000000000000000000e+00
0.000000000000000000e+00
0.000000000000000000e+00
0.000000000000000000e+00
0.000000000000000000e+00
0.000000000000000000e+00
0.000000000000000000e+00
0.000000000000000000e+00
0.000000000000000000e+00
0.000000000000000000e+00
0.000000000000000000e+00
0.000000000000000000e+00
0.000000000000000000e+00
0.000000000000000000e+00
9.155273153282920875e-04
0.000000000000000000e+00
0.000000000000000000e+00
0.000000000000000000e+00
0.000000000000000000e+00
0.000000000000000000e+00
0.000000000000000000e+00
0.000000000000000000e+00
0.000000000000000000e+00
0.000000000000000000e+00
0.000000000000000000e+00
0.000000000000000000e+00
0.000000000000000000e+00
0.000000000000000000e+00
0.000000000000000000e+00
0.000000000000000000e+00
0.000000000000000000e+00
0.000000000000000000e+00
3.069704835568876078e+00
9.194087795802392549e+00
0.000000000000000000e+00
3.053193294526933776e+00
0.000000000000000000e+00
0.000000000000000000e+00
0.000000000000000000e+00
0.000000000000000000e+00
0.000000000000000000e+00
0.000000000000000000e+00
0.000000000000000000e+00
0.000000000000000000e+00
0.000000000000000000e+00
0.000000000000000000e+00
0.000000000000000000e+00
0.000000000000000000e+00
0.000000000000000000e+00
0.000000000000000000e+00
0.000000000000000000e+00
0.000000000000000000e+00
0.000000000000000000e+00
0.000000000000000000e+00
0.000000000000000000e+00
0.000000000000000000e+00
0.000000000000000000e+00
0.000000000000000000e+00
0.000000000000000000e+00
0.000000000000000000e+00
0.000000000000000000e+00
0.000000000000000000e+00
0.000000000000000000e+00
0.000000000000000000e+00
5.906318823794730610e-01
0.000000000000000000e+00
0.000000000000000000e+00
0.000000000000000000e+00
0.000000000000000000e+00
0.000000000000000000e+00
0.000000000000000000e+00
0.000000000000000000e+00
7.625697015654092636e-02
0.000000000000000000e+00
0.000000000000000000e+00
0.000000000000000000e+00
6.103515435521947611e-04
0.000000000000000000e+00
0.000000000000000000e+00
0.000000000000000000e+00
0.000000000000000000e+00
0.000000000000000000e+00
0.000000000000000000e+00
0.000000000000000000e+00
0.000000000000000000e+00
0.000000000000000000e+00
0.000000000000000000e+00
0.000000000000000000e+00
0.000000000000000000e+00
0.000000000000000000e+00
0.000000000000000000e+00
0.000000000000000000e+00
0.000000000000000000e+00
0.000000000000000000e+00
0.000000000000000000e+00
6.139409671137752156e+00
0.000000000000000000e+00
0.000000000000000000e+00
0.000000000000000000e+00
0.000000000000000000e+00
1.519640995800313421e+00
0.000000000000000000e+00
0.000000000000000000e+00
0.000000000000000000e+00
0.000000000000000000e+00
0.000000000000000000e+00
0.000000000000000000e+00
0.000000000000000000e+00
0.000000000000000000e+00
0.000000000000000000e+00
0.000000000000000000e+00
0.000000000000000000e+00
0.000000000000000000e+00
0.000000000000000000e+00
0.000000000000000000e+00
0.000000000000000000e+00
0.000000000000000000e+00
0.000000000000000000e+00
0.000000000000000000e+00
0.000000000000000000e+00
0.000000000000000000e+00
0.000000000000000000e+00
0.000000000000000000e+00
0.000000000000000000e+00
0.000000000000000000e+00
0.000000000000000000e+00
0.000000000000000000e+00
0.000000000000000000e+00
0.000000000000000000e+00
0.000000000000000000e+00
0.000000000000000000e+00
0.000000000000000000e+00
0.000000000000000000e+00
0.000000000000000000e+00
0.000000000000000000e+00
0.000000000000000000e+00
0.000000000000000000e+00
0.000000000000000000e+00
0.000000000000000000e+00
6.103515435521947611e-04
0.000000000000000000e+00
0.000000000000000000e+00
0.000000000000000000e+00
0.000000000000000000e+00
0.000000000000000000e+00
0.000000000000000000e+00
0.000000000000000000e+00
0.000000000000000000e+00
0.000000000000000000e+00
0.000000000000000000e+00
0.000000000000000000e+00
0.000000000000000000e+00
0.000000000000000000e+00
0.000000000000000000e+00
0.000000000000000000e+00
0.000000000000000000e+00
0.000000000000000000e+00
0.000000000000000000e+00
6.148576818953904066e+00
1.534852417784438039e+00
0.000000000000000000e+00
0.000000000000000000e+00
0.000000000000000000e+00
0.000000000000000000e+00
0.000000000000000000e+00
0.000000000000000000e+00
0.000000000000000000e+00
0.000000000000000000e+00
0.000000000000000000e+00
0.000000000000000000e+00
1.487618036407947875e+00
0.000000000000000000e+00
0.000000000000000000e+00
0.000000000000000000e+00
0.000000000000000000e+00
0.000000000000000000e+00
0.000000000000000000e+00
0.000000000000000000e+00
0.000000000000000000e+00
0.000000000000000000e+00
0.000000000000000000e+00
0.000000000000000000e+00
0.000000000000000000e+00
0.000000000000000000e+00
0.000000000000000000e+00
0.000000000000000000e+00
0.000000000000000000e+00
0.000000000000000000e+00
0.000000000000000000e+00
0.000000000000000000e+00
0.000000000000000000e+00
0.000000000000000000e+00
0.000000000000000000e+00
0.000000000000000000e+00
0.000000000000000000e+00
0.000000000000000000e+00
0.000000000000000000e+00
0.000000000000000000e+00
0.000000000000000000e+00
0.000000000000000000e+00
0.000000000000000000e+00
0.000000000000000000e+00
0.000000000000000000e+00
9.155273153282920875e-04
0.000000000000000000e+00
