# pd_vector
0.000000000000000000e+00
0.000000000000000000e+00
0.000000000000000000e+00
0.000000000000000000e+00
0.000000000000000000e+00
0.000000000000000000e+00
0.000000000000000000e+00
0.000000000000000000e+00
0.000000000000000000e+00
0.000000000000000000e+00
0.000000000000000000e+00
0.000000000000000000e+00
0.000000000000000000e+00
2.441406174208779045e-03
0.000000000000000000e+00
0.000000000000000000e+00
0.000000000000000000e+00
0.000000000000000000e+00
0.000000000000000000e+00
1.556396436058096570e-02
0.000000000000000000e+00
0.000000000000000000e+00
0.000000000000000000e+00
0.000000000000000000e+00
0.000000000000000000e+00
0.000000000000000000e+00
3.115844629833954271e-01
0.000000000000000000e+00
0.000000000000000000e+00
0.000000000000000000e+00
0.000000000000000000e+00
0.000000000000000000e+00
0.000000000000000000e+00
0.000000000000000000e+00
1.634216257861001553e+00
0.000000000000000000e+00
0.000000000000000000e+00
0.000000000000000000e+00
0.000000000000000000e+00
0.000000000000000000e+00
0.000000000000000000e+00
0.000000000000000000e+00
1.904293091515571468e-01
4.371032579149042974e+00
0.000000000000000000e+00
0.000000000000000000e+00
0.000000000000000000e+00
0.000000000000000000e+00
0.000000000000000000e+00
0.000000000000000000e+00
0.000000000000000000e+00
0.000000000000000000e+00
2.812494412084536322e+00
8.003844966371705283e+00
0.000000000000000000e+00
0.000000000000000000e+00
0.000000000000000000e+00
0.000000000000000000e+00
0.000000000000000000e+00
0.000000000000000000e+00
0.000000000000000000e+00
0.000000000000000000e+00
4.531757794580669185e-01
5.744617492738639974e+00
6.507262981581724226e+00
0.000000000000000000e+00
0.000000000000000000e+00
0.000000000000000000e+00
0.000000000000000000e+00
0.000000000000000000e+00
0.000000000000000000e+00
0.000000000000000000e+00
0.000000000000000000e+00
5.858630112424112468e-02
1.128819668831912093e+00
3.581535852888901417e+00
6.287231250131157800e+00
0.000000000000000000e+00
0.000000000000000000e+00
0.000000000000000000e+00
0.000000000000000000e+00
0.000000000000000000e+00
0.000000000000000000e+00
0.000000000000000000e+00
0.000000000000000000e+00
0.000000000000000000e+00
4.101041078696878728e-01
1.903338273723881091e+00
4.797353749779612819e+00
6.402282516090746611e+00
0.000000000000000000e+00
0.000000000000000000e+00
0.000000000000000000e+00
0.000000000000000000e+00
0.000000000000000000e+00
0.000000000000000000e+00
0.000000000000000000e+00
0.000000000000000000e+00
0.000000000000000000e+00
7.625697015654092636e-02
7.030356134908934962e-01
3.954988620724947612e+00
6.496569123747352847e+00
6.158447074441645519e+00
0.000000000000000000e+00
0.000000000000000000e+00
0.000000000000000000e+00
0.000000000000000000e+00
0.000000000000000000e+00
0.000000000000000000e+00
0.000000000000000000e+00
0.000000000000000000e+00
0.000000000000000000e+00
0.000000000000000000e+00
4.194133358609750672e-01
2.558268482425195778e+00
6.583408141581736039e+00
7.880843717195210374e+00
5.571899241087986177e+00
0.000000000000000000e+00
0.000000000000000000e+00
0.000000000000000000e+00
0.000000000000000000e+00
0.000000000000000000e+00
0.000000000000000000e+00
0.000000000000000000e+00
0.000000000000000000e+00
0.000000000000000000e+00
0.000000000000000000e+00
1.316454835561858550e-01
2.058938194226604956e+00
6.268734220293800341e+00
9.978106707703982892e+00
8.591291524414481628e+00
5.001525723638460263e+00
0.000000000000000000e+00
0.000000000000000000e+00
0.000000000000000000e+00
0.000000000000000000e+00
0.000000000000000000e+00
0.000000000000000000e+00
0.000000000000000000e+00
0.000000000000000000e+00
0.000000000000000000e+00
0.000000000000000000e+00
0.000000000000000000e+00
1.448100319118044377e+00
5.414244881114405494e+00
1.148291502035126044e+01
1.199679881619900712e+01
8.530256489430007250e+00
4.385681016194295623e+00
0.000000000000000000e+00
0.000000000000000000e+00
0.000000000000000000e+00
0.000000000000000000e+00
0.000000000000000000e+00
0.000000000000000000e+00
0.000000000000000000e+00
0.000000000000000000e+00
0.000000000000000000e+00
0.000000000000000000e+00
0.000000000000000000e+00
1.251545767662104680e+00
4.410123699132226349e+00
1.098100370254189428e+01
1.517385199117845218e+01
1.374358545701919354e+01
8.083480033343661830e+00
3.785705448882488167e+00
0.000000000000000000e+00
0.000000000000000000e+00
0.000000000000000000e+00
0.000000000000000000e+00
0.000000000000000000e+00
0.000000000000000000e+00
0.000000000000000000e+00
0.000000000000000000e+00
0.000000000000000000e+00
0.000000000000000000e+00
0.000000000000000000e+00
0.000000000000000000e+00
2.711682496601226955e+00
1.053163868449486884e+01
1.811103041217846865e+01
1.864997252455009047e+01
1.376830413589872393e+01
7.336411205133707369e+00
3.234252829283080111e+00
0.000000000000000000e+00
0.000000000000000000e+00
0.000000000000000000e+00
0.000000000000000000e+00
0.000000000000000000e+00
0.000000000000000000e+00
0.000000000000000000e+00
0.000000000000000000e+00
0.000000000000000000e+00
0.000000000000000000e+00
5.923968549451349430e-01
4.378160947294784111e-01
2.169954386935173396e+00
7.717865567249646119e+00
1.783796302186318172e+01
2.184762194984897477e+01
1.974358347886925813e+01
1.231814164163290926e+01
6.411120074769089960e+00
2.702941810620894447e+00
0.000000000000000000e+00
0.000000000000000000e+00
0.000000000000000000e+00
0.000000000000000000e+00
0.000000000000000000e+00
0.000000000000000000e+00
0.000000000000000000e+00
0.000000000000000000e+00
0.000000000000000000e+00
0.000000000000000000e+00
0.000000000000000000e+00
0.000000000000000000e+00
1.532356331553174522e+00
5.889876193109756741e+00
1.720875430535393846e+01
2.527593284278768238e+01
2.432597347993655390e+01
1.857185745638443564e+01
1.200503837582551903e+01
5.334462057642978650e+00
2.185363701688633142e+00
0.000000000000000000e+00
0.000000000000000000e+00
0.000000000000000000e+00
0.000000000000000000e+00
0.000000000000000000e+00
0.000000000000000000e+00
0.000000000000000000e+00
0.000000000000000000e+00
0.000000000000000000e+00
0.000000000000000000e+00
0.000000000000000000e+00
0.000000000000000000e+00
5.923968549451349430e-01
4.815977042024262467e+00
1.766962857932927022e+01
2.565668823707314772e+01
3.021263847614465448e+01
2.615614076369353924e+01
1.749777526910668257e+01
1.006874186359559609e+01
4.611807243426813585e+00
1.878051699510103312e+00
0.000000000000000000e+00
0.000000000000000000e+00
0.000000000000000000e+00
0.000000000000000000e+00
0.000000000000000000e+00
0.000000000000000000e+00
0.000000000000000000e+00
0.000000000000000000e+00
0.000000000000000000e+00
0.000000000000000000e+00
0.000000000000000000e+00
0.000000000000000000e+00
7.716605586952943741e-01
4.442976412088512461e+00
1.357229893661383002e+01
3.053435815901637085e+01
3.389603120751533538e+01
3.198985250415316273e+01
2.428784499485828619e+01
1.513479445709562299e+01
8.280757424642859021e+00
3.796379176034248015e+00
1.493225051300444584e+00
0.000000000000000000e+00
0.000000000000000000e+00
0.000000000000000000e+00
0.000000000000000000e+00
0.000000000000000000e+00
0.000000000000000000e+00
0.000000000000000000e+00
0.000000000000000000e+00
0.000000000000000000e+00
0.000000000000000000e+00
0.000000000000000000e+00
0.000000000000000000e+00
4.852825635592212805e-01
1.929151396738235880e+00
1.125554024395756336e+01
2.933367834687505393e+01
4.045414964214859310e+01
4.004946456518734976e+01
3.073922041036939845e+01
2.158072255430108299e+01
1.314286021887142653e+01
7.094260838425374693e+00
3.417961959130512817e+00
1.209106407776897818e+00
0.000000000000000000e+00
0.000000000000000000e+00
0.000000000000000000e+00
0.000000000000000000e+00
0.000000000000000000e+00
0.000000000000000000e+00
0.000000000000000000e+00
0.000000000000000000e+00
0.000000000000000000e+00
0.000000000000000000e+00
0.000000000000000000e+00
0.000000000000000000e+00
5.906318823794730610e-01
1.941130254236885122e+00
1.118907810108176903e+01
2.458446948022309897e+01
4.137362095193571321e+01
4.959895741566111127e+01
3.473039505262340754e+01
2.738226057968665828e+01
1.715781828522170827e+01
1.066270680461188469e+01
5.660577463412581167e+00
2.602533891737947691e+00
9.658813176713482163e-01
0.000000000000000000e+00
0.000000000000000000e+00
0.000000000000000000e+00
0.000000000000000000e+00
0.000000000000000000e+00
0.000000000000000000e+00
0.000000000000000000e+00
0.000000000000000000e+00
0.000000000000000000e+00
0.000000000000000000e+00
0.000000000000000000e+00
0.000000000000000000e+00
0.000000000000000000e+00
2.953159411897365416e+00
4.367543072032991525e+00
2.276398648151118564e+01
4.087538299121430896e+01
4.728413823078366818e+01
4.293409751293165044e+01
3.014139390452902134e+01
1.869365866497838979e+01
1.494636615068202090e+01
9.022290373133133201e+00
4.482320436821606968e+00
2.006831950289486688e+00
7.971191158791663955e-01
0.000000000000000000e+00
0.000000000000000000e+00
0.000000000000000000e+00
0.000000000000000000e+00
0.000000000000000000e+00
0.000000000000000000e+00
0.000000000000000000e+00
0.000000000000000000e+00
0.000000000000000000e+00
0.000000000000000000e+00
0.000000000000000000e+00
0.000000000000000000e+00
0.000000000000000000e+00
6.971348588680905678e-01
3.543791294276838144e+00
2.086715023304651595e+01
3.974051877280766121e+01
4.976133581539133388e+01
4.290597728348888751e+01
3.626923761020218961e+01
2.440514246941104304e+01
1.770631753830699751e+01
1.071410430699400074e+01
7.245172572364485752e+00
3.312302969857143786e+00
1.809078436939792756e+00
6.600951943516986109e-01
0.000000000000000000e+00
0.000000000000000000e+00
0.000000000000000000e+00
0.000000000000000000e+00
0.000000000000000000e+00
0.000000000000000000e+00
0.000000000000000000e+00
0.000000000000000000e+00
0.000000000000000000e+00
0.000000000000000000e+00
0.000000000000000000e+00
0.000000000000000000e+00
0.000000000000000000e+00
0.000000000000000000e+00
1.394269717736181136e+00
1.181263764758946166e+01
3.688147483050082087e+01
5.401623910867060374e+01
5.361191537253471040e+01
4.312488533085362263e+01
3.115434512671213696e+01
2.158916449217130662e+01
1.553416705962993127e+01
9.265221874019722748e+00
5.507112305678665720e+00
2.900324988531628456e+00
1.398923001844131209e+00
5.160522300733806356e-01
0.000000000000000000e+00
0.000000000000000000e+00
0.000000000000000000e+00
0.000000000000000000e+00
0.000000000000000000e+00
0.000000000000000000e+00
0.000000000000000000e+00
0.000000000000000000e+00
0.000000000000000000e+00
0.000000000000000000e+00
0.000000000000000000e+00
0.000000000000000000e+00
0.000000000000000000e+00
0.000000000000000000e+00
3.200640049425022671e+00
1.254842745962563022e+01
3.012222600135312689e+01
4.707240866524446687e+01
6.829195944453354628e+01
4.976133581539133388e+01
4.290597728348888751e+01
2.309451454666720593e+01
1.595720853769183556e+01
1.184809352005672700e+01
7.320669135027928931e+00
4.882191760353427057e+00
2.546023924591684917e+00
1.057126805931080105e+00
4.351806505527148761e-01
0.000000000000000000e+00
0.000000000000000000e+00
0.000000000000000000e+00
0.000000000000000000e+00
0.000000000000000000e+00
0.000000000000000000e+00
0.000000000000000000e+00
0.000000000000000000e+00
0.000000000000000000e+00
0.000000000000000000e+00
0.000000000000000000e+00
0.000000000000000000e+00
0.000000000000000000e+00
0.000000000000000000e+00
8.960553845713439269e-01
1.040208016063132312e+01
3.625101266114070597e+01
5.138497376701415931e+01
6.502786351693565337e+01
4.900044547715119592e+01
3.554381129670809969e+01
2.780132201532187963e+01
2.417949174013479308e+01
1.355841248300613522e+01
8.754424656486358813e+00
5.109217000488242455e+00
3.437062999288812648e+00
2.208201979904762524e+00
8.471662855844913631e-01
3.378295793561397753e-01
0.000000000000000000e+00
0.000000000000000000e+00
0.000000000000000000e+00
0.000000000000000000e+00
0.000000000000000000e+00
0.000000000000000000e+00
0.000000000000000000e+00
0.000000000000000000e+00
0.000000000000000000e+00
0.000000000000000000e+00
0.000000000000000000e+00
0.000000000000000000e+00
0.000000000000000000e+00
0.000000000000000000e+00
9.825870786883099672e-01
1.075266461485612624e+01
2.720544042011269426e+01
5.228511441510678992e+01
7.382898529743413008e+01
5.435164711863278342e+01
4.437048212497942501e+01
2.784265218242134310e+01
2.451770130485079235e+01
1.239973935391527782e+01
9.178002296188768838e+00
6.977210628477850562e+00
3.660334567513964465e+00
2.948843823253469942e+00
1.581995448289978956e+00
6.933579974236182553e-01
2.963256743945905658e-01
0.000000000000000000e+00
0.000000000000000000e+00
0.000000000000000000e+00
0.000000000000000000e+00
0.000000000000000000e+00
0.000000000000000000e+00
0.000000000000000000e+00
0.000000000000000000e+00
0.000000000000000000e+00
0.000000000000000000e+00
0.000000000000000000e+00
0.000000000000000000e+00
0.000000000000000000e+00
0.000000000000000000e+00
1.058888938575228922e+00
4.912935393441549614e+00
2.060927384514091187e+01
4.880976075373159517e+01
5.855932814491960414e+01
4.961307811987573757e+01
4.949882148304057239e+01
3.472472514128824628e+01
2.547306476264080288e+01
1.970172426282652722e+01
1.208974587006739654e+01
8.447933931719207479e+00
5.002528375135062433e+00
3.202792746574719018e+00
2.480153414259540945e+00
1.013465834060767845e+00
5.371083078633662744e-01
2.114868098408354824e-01
0.000000000000000000e+00
0.000000000000000000e+00
0.000000000000000000e+00
0.000000000000000000e+00
0.000000000000000000e+00
0.000000000000000000e+00
0.000000000000000000e+00
0.000000000000000000e+00
0.000000000000000000e+00
0.000000000000000000e+00
0.000000000000000000e+00
0.000000000000000000e+00
0.000000000000000000e+00
0.000000000000000000e+00
0.000000000000000000e+00
3.176666815725686988e+00
2.751243820327267997e+01
5.017910153599525813e+01
5.521104085258163963e+01
5.786219328605151446e+01
5.197560564939362848e+01
3.785203995761926166e+01
3.009476178911647892e+01
1.717950879340891390e+01
1.182103455769591704e+01
8.524820805816753833e+00
8.343638451080698459e+00
3.686073539573203828e+00
2.249580619617957300e+00
1.620887664437337783e+00
1.079382311072850209e+00
4.223624420925561895e-01
1.828002872938823409e-01
0.000000000000000000e+00
0.000000000000000000e+00
0.000000000000000000e+00
0.000000000000000000e+00
0.000000000000000000e+00
0.000000000000000000e+00
0.000000000000000000e+00
0.000000000000000000e+00
0.000000000000000000e+00
0.000000000000000000e+00
0.000000000000000000e+00
0.000000000000000000e+00
0.000000000000000000e+00
0.000000000000000000e+00
0.000000000000000000e+00
3.375350959372171999e+00
1.058888938575228877e+01
4.028607022622070843e+01
5.645148922799467073e+01
6.481296100085670275e+01
4.740517040303015506e+01
3.661917670752733045e+01
2.620525843219795092e+01
1.504738089455823946e+01
1.244033395384783347e+01
1.072649432087222188e+01
7.129850128501284523e+00
4.380410186817366380e+00
2.962023380014181750e+00
2.249580619617957300e+00
1.347484925857545868e+00
7.497999260124379450e-01
3.515618015105670402e-01
1.330566364943784607e-01
0.000000000000000000e+00
0.000000000000000000e+00
0.000000000000000000e+00
0.000000000000000000e+00
0.000000000000000000e+00
0.000000000000000000e+00
0.000000000000000000e+00
0.000000000000000000e+00
0.000000000000000000e+00
0.000000000000000000e+00
0.000000000000000000e+00
0.000000000000000000e+00
0.000000000000000000e+00
0.000000000000000000e+00
0.000000000000000000e+00
0.000000000000000000e+00
6.750701918744343999e+00
3.282555709583209591e+01
6.190298595736352638e+01
5.913965538170869962e+01
4.560912070430657650e+01
2.230831548377889817e+01
2.894096223659418143e+01
1.698488972457274571e+01
1.273239921847235756e+01
1.036694496153986123e+01
6.348333373577436767e+00
4.184912031946406152e+00
3.650341822347805465e+00
1.777214028008509139e+00
1.525139403130818527e+00
9.178520509464442867e-01
5.685296142292112220e-01
2.905267665260936050e-01
1.098632778393950626e-01
0.000000000000000000e+00
0.000000000000000000e+00
0.000000000000000000e+00
0.000000000000000000e+00
0.000000000000000000e+00
0.000000000000000000e+00
0.000000000000000000e+00
0.000000000000000000e+00
0.000000000000000000e+00
0.000000000000000000e+00
0.000000000000000000e+00
0.000000000000000000e+00
0.000000000000000000e+00
0.000000000000000000e+00
0.000000000000000000e+00
1.230715447488967884e+00
1.182041580245927292e+01
2.587769068851998355e+01
5.188555799018621428e+01
4.912935393441549792e+01
4.211460307485316434e+01
3.920784060545652494e+01
2.509685491925126044e+01
9.450110118071568976e+00
2.038186766948729201e+01
1.388989005651529851e+01
7.108762259341618872e+00
5.691609231483218956e+00
3.719921806174583345e+00
2.503091535324209360e+00
1.777214028008509139e+00
1.410753947896007165e+00
8.006794486979620373e-01
6.179669719882731060e-01
2.441401399378937687e-01
9.704589542479896691e-02
0.000000000000000000e+00
0.000000000000000000e+00
0.000000000000000000e+00
0.000000000000000000e+00
0.000000000000000000e+00
0.000000000000000000e+00
0.000000000000000000e+00
0.000000000000000000e+00
0.000000000000000000e+00
0.000000000000000000e+00
0.000000000000000000e+00
0.000000000000000000e+00
0.000000000000000000e+00
0.000000000000000000e+00
0.000000000000000000e+00
2.544510319364658990e+00
6.153577237444839199e+00
2.836899792590225289e+01
5.288049836349735955e+01
5.718000268306236222e+01
4.716417977703888198e+01
3.763432615199644715e+01
2.480496038304392670e+01
1.882264118943844622e+01
1.181263764758946166e+01
1.261734665253975329e+01
5.401623910867060729e+00
6.812563831869051789e+00
2.626896568376870356e+00
2.169954386935173396e+00
2.607387015962718380e+00
1.118986610227579837e+00
8.769551568002206254e-01
7.030356134908934962e-01
3.954988620724947390e-01
2.075191189472097020e-01
8.300780992309848838e-02
0.000000000000000000e+00
0.000000000000000000e+00
0.000000000000000000e+00
0.000000000000000000e+00
0.000000000000000000e+00
0.000000000000000000e+00
0.000000000000000000e+00
0.000000000000000000e+00
0.000000000000000000e+00
0.000000000000000000e+00
0.000000000000000000e+00
0.000000000000000000e+00
0.000000000000000000e+00
0.000000000000000000e+00
0.000000000000000000e+00
0.000000000000000000e+00
1.145029643714096501e+01
1.476858536986761550e+01
4.491758004934523285e+01
4.387956247183823422e+01
4.659111329731007345e+01
2.652985112458436845e+01
2.240138461428359662e+01
1.680336025948136935e+01
1.951977604830653590e+01
1.240326952996893439e+01
1.019093383474364600e+01
5.787454190214707417e+00
3.850579557143376963e+00
3.940344852565305533e+00
3.409928322326701178e+00
2.085909612770174615e+00
9.873411266713939538e-01
8.769551568002206254e-01
5.858630112424112468e-01
2.966241465543710820e-01
1.757809007552835201e-01
5.340576006081704241e-02
0.000000000000000000e+00
0.000000000000000000e+00
0.000000000000000000e+00
0.000000000000000000e+00
0.000000000000000000e+00
0.000000000000000000e+00
0.000000000000000000e+00
0.000000000000000000e+00
0.000000000000000000e+00
0.000000000000000000e+00
0.000000000000000000e+00
0.000000000000000000e+00
0.000000000000000000e+00
0.000000000000000000e+00
0.000000000000000000e+00
1.338054815040071732e+00
5.230878627181762219e+00
1.781157223555261382e+01
3.569074797718006664e+01
4.964574637032894344e+01
4.162932849892345644e+01
2.647222346438072194e+01
2.358208988851944099e+01
2.060927384514091187e+01
1.760352027183762402e+01
1.394269717736181136e+01
6.496950706174203560e+00
6.308673326269876647e+00
3.858302793476471759e+00
2.369587419780539772e+00
1.751264378917913644e+00
3.254931580402760538e+00
1.042954806385087307e+00
9.215183848933009569e-01
6.481842463305979019e-01
4.491616419525152892e-01
2.224681099157783115e-01
1.025388587739153867e-01
5.401611160436923381e-02
0.000000000000000000e+00
0.000000000000000000e+00
0.000000000000000000e+00
0.000000000000000000e+00
0.000000000000000000e+00
0.000000000000000000e+00
0.000000000000000000e+00
0.000000000000000000e+00
0.000000000000000000e+00
0.000000000000000000e+00
0.000000000000000000e+00
0.000000000000000000e+00
0.000000000000000000e+00
0.000000000000000000e+00
0.000000000000000000e+00
0.000000000000000000e+00
2.676109630080143464e+00
9.154037597568084550e+00
3.307863415174056598e+01
4.430575610960284649e+01
3.073308108639410818e+01
2.700280767497737600e+01
1.906000089435412193e+01
1.375621910163633999e+01
1.523294153771284698e+01
8.801760135918812011e+00
4.879944012076633975e+00
4.134423176656311760e+00
2.911695381355327683e+00
3.858302793476471759e+00
2.665785847253107299e+00
2.189080473647392111e+00
2.014957645011232756e+00
1.355841248300613477e+00
1.053163868449486840e+00
5.337987910957864290e-01
2.734027385797919152e-01
1.812703117832267785e-01
9.033185177702068858e-02
4.821777194062338429e-02
0.000000000000000000e+00
0.000000000000000000e+00
0.000000000000000000e+00
0.000000000000000000e+00
0.000000000000000000e+00
0.000000000000000000e+00
0.000000000000000000e+00
0.000000000000000000e+00
0.000000000000000000e+00
0.000000000000000000e+00
0.000000000000000000e+00
0.000000000000000000e+00
0.000000000000000000e+00
0.000000000000000000e+00
0.000000000000000000e+00
1.386476391214087167e+00
5.456307676005680563e+00
1.204249333536064626e+01
2.223123416552249054e+01
2.671735835332891895e+01
3.938289431964697229e+01
1.891266528393483526e+01
1.687675479686085822e+01
1.270666726290274795e+01
7.860696629506479738e+00
8.960553845713439713e+00
4.000800061781278671e+00
4.879944012076633975e+00
1.771895647138419072e+00
1.455847690677663842e+00
2.314981676085883233e+00
1.777190564835404718e+00
2.189080473647392056e-01
1.394970677315468865e+00
1.147250287023596105e+00
5.265819342247434198e-01
6.481842463305979019e-01
3.124602726626193316e-01
2.059889906627576928e-01
7.812484478012600431e-02
3.204345603649022545e-02
0.000000000000000000e+00
0.000000000000000000e+00
0.000000000000000000e+00
0.000000000000000000e+00
0.000000000000000000e+00
0.000000000000000000e+00
0.000000000000000000e+00
0.000000000000000000e+00
0.000000000000000000e+00
0.000000000000000000e+00
0.000000000000000000e+00
0.000000000000000000e+00
0.000000000000000000e+00
0.000000000000000000e+00
0.000000000000000000e+00
1.405830553902068791e+00
4.159429173642261723e+00
6.820384595007100259e+00
2.408498667072129251e+01
3.138527176309057154e+01
2.544510319364658812e+01
2.092216260731245470e+01
9.456332641967417629e+00
1.237628685103129733e+01
5.294444692876144387e+00
1.179104494425972049e+01
7.168443076570751415e+00
8.001600123562556677e-01
1.394269717736181136e+00
2.362527529517892244e+00
3.882260508473770244e+00
2.314981676085883233e+00
8.885952824177023590e-01
1.532356331553174522e+00
9.299804515436458363e-01
3.128864419155261700e-01
4.607591924466504785e-01
4.194133358609750672e-01
1.562301363313096658e-01
1.730307521567164553e-01
8.544904897826281764e-02
3.265380758004241685e-02
0.000000000000000000e+00
0.000000000000000000e+00
0.000000000000000000e+00
0.000000000000000000e+00
0.000000000000000000e+00
0.000000000000000000e+00
0.000000000000000000e+00
0.000000000000000000e+00
0.000000000000000000e+00
0.000000000000000000e+00
0.000000000000000000e+00
0.000000000000000000e+00
0.000000000000000000e+00
0.000000000000000000e+00
0.000000000000000000e+00
0.000000000000000000e+00
1.405830553902068791e+00
1.109181112971269734e+01
2.318930762302414195e+01
1.471860296544078928e+01
3.007755210629513343e+01
1.017804127745863596e+01
9.845723579911743073e+00
1.300245738270519880e+01
4.500467945829562666e+00
4.235555754300915687e+00
9.825870786883099228e+00
1.792110769142687854e+00
8.001600123562556677e-01
2.091404576604271703e+00
2.362527529517892244e+00
2.911695381355327683e+00
3.858302793476471870e-01
1.777190564835404718e+00
6.567241420942175889e-01
6.199869676957638909e-01
4.171819225540349119e-01
5.265819342247434198e-01
3.431563657044341964e-01
1.171726022484822494e-01
1.318329540241649223e-01
5.615223218571556429e-02
2.593994060096827675e-02
0.000000000000000000e+00
0.000000000000000000e+00
0.000000000000000000e+00
0.000000000000000000e+00
0.000000000000000000e+00
0.000000000000000000e+00
0.000000000000000000e+00
0.000000000000000000e+00
0.000000000000000000e+00
0.000000000000000000e+00
0.000000000000000000e+00
0.000000000000000000e+00
0.000000000000000000e+00
0.000000000000000000e+00
0.000000000000000000e+00
0.000000000000000000e+00
0.000000000000000000e+00
4.217491661706206152e+00
1.802419308578313206e+01
2.728153838002840104e+01
2.274693185568121834e+01
2.223123416552249054e+01
7.633530958093976970e+00
1.230715447488967840e+01
3.546124740737781611e+00
6.750701918744343999e+00
5.294444692876144387e+00
6.878109550818169993e+00
3.584221538285375708e+00
3.200640049425022671e+00
2.788539435472362271e+00
1.771895647138419072e+00
4.852825635592212805e-01
3.858302793476471870e-01
8.885952824177023590e-01
8.756321894589568222e-01
6.199869676957638909e-01
2.085909612770174559e-01
3.291137088904646513e-01
1.906424253913523159e-01
1.952876704141370823e-02
6.591647701208246113e-02
5.371083078633662883e-02
2.136230402432681696e-02
0.000000000000000000e+00
0.000000000000000000e+00
0.000000000000000000e+00
0.000000000000000000e+00
0.000000000000000000e+00
0.000000000000000000e+00
0.000000000000000000e+00
0.000000000000000000e+00
0.000000000000000000e+00
0.000000000000000000e+00
0.000000000000000000e+00
0.000000000000000000e+00
0.000000000000000000e+00
0.000000000000000000e+00
0.000000000000000000e+00
0.000000000000000000e+00
0.000000000000000000e+00
5.690477118859171846e+00
1.968162775462896263e+01
3.466190978035218251e+01
2.182523070402272225e+01
8.028328890240430837e+00
3.923158970386321442e+00
6.361275798411647031e+00
3.692146342466903874e+00
3.546124740737781611e+00
4.500467945829562666e+00
5.294444692876144387e+00
9.825870786883099672e-01
1.792110769142687854e+00
1.600320024712511335e+00
6.971348588680905678e-01
2.362527529517892244e+00
4.852825635592212805e-01
1.157490838042941617e+00
1.184793709890269886e+00
4.378160947294784111e-01
7.749837096197048636e-01
5.214774031925436537e-01
6.582274177809292748e-02
3.812848507827046318e-01
1.562301363313096658e-01
4.119779813255153994e-02
5.126942938695769336e-02
1.586914013235706314e-02
0.000000000000000000e+00
0.000000000000000000e+00
0.000000000000000000e+00
0.000000000000000000e+00
0.000000000000000000e+00
0.000000000000000000e+00
0.000000000000000000e+00
0.000000000000000000e+00
0.000000000000000000e+00
0.000000000000000000e+00
0.000000000000000000e+00
0.000000000000000000e+00
0.000000000000000000e+00
0.000000000000000000e+00
0.000000000000000000e+00
0.000000000000000000e+00
1.450024003277625040e+00
5.748961870543069175e+00
1.707143135657751642e+01
2.108745830853103342e+01
3.327543338913809379e+01
8.184461514008521732e+00
6.690274075200358439e+00
5.230878627181762219e+00
5.089020638729317980e+00
3.692146342466903874e+00
2.364083160491854407e+00
7.875818905201734665e+00
1.058888938575228922e+00
1.965174157376619934e+00
1.792110769142687854e+00
0.000000000000000000e+00
1.394269717736181136e+00
0.000000000000000000e+00
4.852825635592212805e-01
7.716605586952943741e-01
2.961984274725674715e-01
4.378160947294784111e-01
4.649902257718229182e-01
4.171819225540349119e-01
6.582274177809292748e-02
7.625697015654092636e-02
7.811506816565483291e-02
9.887471551812368475e-02
3.173821819192618882e-02
1.312255818637218796e-02
0.000000000000000000e+00
0.000000000000000000e+00
0.000000000000000000e+00
0.000000000000000000e+00
0.000000000000000000e+00
0.000000000000000000e+00
0.000000000000000000e+00
0.000000000000000000e+00
0.000000000000000000e+00
0.000000000000000000e+00
0.000000000000000000e+00
0.000000000000000000e+00
0.000000000000000000e+00
0.000000000000000000e+00
0.000000000000000000e+00
0.000000000000000000e+00
1.461243764860584493e+00
1.450024003277625040e+00
7.186202338178836690e+00
1.849405063629230739e+01
1.546413609292275737e+01
1.525124030335495817e+01
6.820384595007100259e+00
0.000000000000000000e+00
6.538598283977202996e+00
3.816765479046988485e+00
2.461430894977935768e+00
1.182041580245927204e+00
0.000000000000000000e+00
3.176666815725686988e+00
9.825870786883099672e-01
1.792110769142687854e+00
8.001600123562556677e-01
1.394269717736181136e+00
5.906318823794730610e-01
4.852825635592212805e-01
3.858302793476471870e-01
2.961984274725674715e-01
6.567241420942175889e-01
4.649902257718229182e-01
3.128864419155261700e-01
6.582274177809292748e-02
1.525139403130818527e-01
1.171726022484822494e-01
8.239559626510307988e-02
3.662102099068406669e-02
1.068115201216340848e-02
0.000000000000000000e+00
0.000000000000000000e+00
0.000000000000000000e+00
0.000000000000000000e+00
0.000000000000000000e+00
0.000000000000000000e+00
0.000000000000000000e+00
0.000000000000000000e+00
0.000000000000000000e+00
0.000000000000000000e+00
0.000000000000000000e+00
0.000000000000000000e+00
0.000000000000000000e+00
0.000000000000000000e+00
0.000000000000000000e+00
0.000000000000000000e+00
0.000000000000000000e+00
2.922487529721168986e+00
4.350072009832874897e+00
2.155860701453650918e+01
8.535715678288758212e+00
7.029152769510344179e+00
9.705334738498610392e+00
1.364076919001420141e+00
1.338054815040071732e+00
2.615439313590881110e+00
3.816765479046988485e+00
2.461430894977935768e+00
0.000000000000000000e+00
0.000000000000000000e+00
6.353333631451373975e+00
0.000000000000000000e+00
0.000000000000000000e+00
0.000000000000000000e+00
6.971348588680905678e-01
0.000000000000000000e+00
4.852825635592212805e-01
0.000000000000000000e+00
5.923968549451349430e-01
4.378160947294784111e-01
4.649902257718229182e-01
0.000000000000000000e+00
6.582274177809292748e-02
3.812848507827046318e-01
1.952876704141370823e-02
4.943735775906184238e-02
1.708980979565256214e-02
9.765624696835116178e-03
0.000000000000000000e+00
0.000000000000000000e+00
0.000000000000000000e+00
0.000000000000000000e+00
0.000000000000000000e+00
0.000000000000000000e+00
0.000000000000000000e+00
0.000000000000000000e+00
0.000000000000000000e+00
0.000000000000000000e+00
0.000000000000000000e+00
0.000000000000000000e+00
0.000000000000000000e+00
0.000000000000000000e+00
0.000000000000000000e+00
0.000000000000000000e+00
0.000000000000000000e+00
2.942255348607469401e+00
2.191865647290876851e+01
1.015016802294337595e+01
8.623442805814603318e+00
5.690477118859171846e+00
9.840813877314481317e+00
5.545905564856348668e+00
5.456307676005680563e+00
2.676109630080143464e+00
1.307719656795440555e+00
0.000000000000000000e+00
0.000000000000000000e+00
2.364083160491854407e+00
2.250233972914781333e+00
0.000000000000000000e+00
9.825870786883099672e-01
8.960553845713439269e-01
3.200640049425022671e+00
0.000000000000000000e+00
0.000000000000000000e+00
4.852825635592212805e-01
0.000000000000000000e+00
8.885952824177023590e-01
2.189080473647392056e-01
0.000000000000000000e+00
4.171819225540349119e-01
1.316454835561858550e-01
1.906424253913523159e-01
7.811506816565483291e-02
4.119779813255153994e-02
3.417961959130512428e-02
1.037597624038731105e-02
0.000000000000000000e+00
0.000000000000000000e+00
0.000000000000000000e+00
0.000000000000000000e+00
0.000000000000000000e+00
0.000000000000000000e+00
0.000000000000000000e+00
0.000000000000000000e+00
0.000000000000000000e+00
0.000000000000000000e+00
0.000000000000000000e+00
0.000000000000000000e+00
0.000000000000000000e+00
0.000000000000000000e+00
0.000000000000000000e+00
0.000000000000000000e+00
0.000000000000000000e+00
4.439597946137316953e+00
8.826766045822408202e+00
1.899616894318759819e+01
1.305021602949862469e+01
5.748961870543069175e+00
7.113096398573964585e+00
5.623322215608275165e+00
0.000000000000000000e+00
2.728153838002840281e+00
4.014164445120215419e+00
1.307719656795440555e+00
1.272255159682329495e+00
1.230715447488967884e+00
0.000000000000000000e+00
0.000000000000000000e+00
0.000000000000000000e+00
1.965174157376619934e+00
0.000000000000000000e+00
8.001600123562556677e-01
6.971348588680905678e-01
5.906318823794730610e-01
4.852825635592212805e-01
0.000000000000000000e+00
2.961984274725674715e-01
0.000000000000000000e+00
1.549967419239409727e-01
1.042954806385087280e-01
1.316454835561858550e-01
0.000000000000000000e+00
5.858630112424112468e-02
4.943735775906184238e-02
1.464840839627362667e-02
7.019042750850240132e-03
0.000000000000000000e+00
0.000000000000000000e+00
0.000000000000000000e+00
0.000000000000000000e+00
0.000000000000000000e+00
0.000000000000000000e+00
0.000000000000000000e+00
0.000000000000000000e+00
0.000000000000000000e+00
0.000000000000000000e+00
0.000000000000000000e+00
0.000000000000000000e+00
0.000000000000000000e+00
0.000000000000000000e+00
0.000000000000000000e+00
0.000000000000000000e+00
0.000000000000000000e+00
1.487618036407947875e+00
7.399329910228862772e+00
4.413383022911204101e+00
5.844975059442337972e+00
8.700144019665749795e+00
5.748961870543069175e+00
4.267857839144379106e+00
2.811661107804137583e+00
2.772952782428174334e+00
4.092230757004260866e+00
0.000000000000000000e+00
1.307719656795440555e+00
1.272255159682329495e+00
0.000000000000000000e+00
1.182041580245927204e+00
1.125116986457390666e+00
1.058888938575228922e+00
0.000000000000000000e+00
8.960553845713439269e-01
0.000000000000000000e+00
0.000000000000000000e+00
5.906318823794730610e-01
4.852825635592212805e-01
7.716605586952943741e-01
0.000000000000000000e+00
0.000000000000000000e+00
0.000000000000000000e+00
1.042954806385087280e-01
6.582274177809292748e-02
7.625697015654092636e-02
1.952876704141370823e-02
5.767691738557215175e-02
1.220700699689468774e-02
8.850097381506823874e-03
0.000000000000000000e+00
0.000000000000000000e+00
0.000000000000000000e+00
0.000000000000000000e+00
0.000000000000000000e+00
0.000000000000000000e+00
0.000000000000000000e+00
0.000000000000000000e+00
0.000000000000000000e+00
0.000000000000000000e+00
0.000000000000000000e+00
0.000000000000000000e+00
0.000000000000000000e+00
0.000000000000000000e+00
0.000000000000000000e+00
0.000000000000000000e+00
0.000000000000000000e+00
1.494517789827305210e+00
8.925708218447686804e+00
7.399329910228862772e+00
1.324014906873361141e+01
2.922487529721168986e+00
1.450024003277625040e+00
1.437240467635767294e+00
1.422619279714792961e+00
0.000000000000000000e+00
4.159429173642261723e+00
1.364076919001420141e+00
0.000000000000000000e+00
0.000000000000000000e+00
0.000000000000000000e+00
0.000000000000000000e+00
1.182041580245927204e+00
0.000000000000000000e+00
0.000000000000000000e+00
0.000000000000000000e+00
8.960553845713439269e-01
0.000000000000000000e+00
6.971348588680905678e-01
5.906318823794730610e-01
0.000000000000000000e+00
3.858302793476471870e-01
0.000000000000000000e+00
4.378160947294784111e-01
3.099934838478819454e-01
1.042954806385087280e-01
6.582274177809292748e-02
7.625697015654092636e-02
1.952876704141370823e-02
1.647911925302061528e-02
1.708980979565256214e-02
5.493163891969752959e-03
0.000000000000000000e+00
0.000000000000000000e+00
0.000000000000000000e+00
0.000000000000000000e+00
0.000000000000000000e+00
0.000000000000000000e+00
0.000000000000000000e+00
0.000000000000000000e+00
0.000000000000000000e+00
0.000000000000000000e+00
0.000000000000000000e+00
0.000000000000000000e+00
0.000000000000000000e+00
0.000000000000000000e+00
0.000000000000000000e+00
0.000000000000000000e+00
0.000000000000000000e+00
1.500678269864276437e+00
4.483553369481915851e+00
1.487618036407947919e+01
1.183892785636617973e+01
1.471127674303734700e+00
1.461243764860584493e+00
0.000000000000000000e+00
2.874480935271534587e+00
0.000000000000000000e+00
0.000000000000000000e+00
1.386476391214087167e+00
0.000000000000000000e+00
0.000000000000000000e+00
0.000000000000000000e+00
0.000000000000000000e+00
0.000000000000000000e+00
0.000000000000000000e+00
1.125116986457390666e+00
1.058888938575228922e+00
0.000000000000000000e+00
0.000000000000000000e+00
8.001600123562556677e-01
0.000000000000000000e+00
5.906318823794730610e-01
4.852825635592212805e-01
3.858302793476471870e-01
0.000000000000000000e+00
0.000000000000000000e+00
1.549967419239409727e-01
2.085909612770174559e-01
1.316454835561858550e-01
7.625697015654092636e-02
0.000000000000000000e+00
0.000000000000000000e+00
4.882802798757875269e-03
5.187988120193655524e-03
0.000000000000000000e+00
0.000000000000000000e+00
0.000000000000000000e+00
0.000000000000000000e+00
0.000000000000000000e+00
0.000000000000000000e+00
0.000000000000000000e+00
0.000000000000000000e+00
0.000000000000000000e+00
0.000000000000000000e+00
0.000000000000000000e+00
0.000000000000000000e+00
0.000000000000000000e+00
0.000000000000000000e+00
0.000000000000000000e+00
0.000000000000000000e+00
1.511150001924220776e+00
0.000000000000000000e+00
6.002713079457105749e+00
5.978071159309220839e+00
8.925708218447686804e+00
5.919463928183089863e+00
2.942255348607469401e+00
1.461243764860584493e+00
0.000000000000000000e+00
2.874480935271534587e+00
0.000000000000000000e+00
0.000000000000000000e+00
0.000000000000000000e+00
1.364076919001420141e+00
1.338054815040071732e+00
1.307719656795440555e+00
0.000000000000000000e+00
0.000000000000000000e+00
0.000000000000000000e+00
0.000000000000000000e+00
0.000000000000000000e+00
0.000000000000000000e+00
8.960553845713439269e-01
0.000000000000000000e+00
0.000000000000000000e+00
0.000000000000000000e+00
0.000000000000000000e+00
3.858302793476471870e-01
8.885952824177023590e-01
0.000000000000000000e+00
0.000000000000000000e+00
0.000000000000000000e+00
6.582274177809292748e-02
7.625697015654092636e-02
1.952876704141370823e-02
2.471867887953092119e-02
4.882802798757875269e-03
3.356933489537071349e-03
0.000000000000000000e+00
0.000000000000000000e+00
0.000000000000000000e+00
0.000000000000000000e+00
0.000000000000000000e+00
0.000000000000000000e+00
0.000000000000000000e+00
0.000000000000000000e+00
0.000000000000000000e+00
0.000000000000000000e+00
0.000000000000000000e+00
0.000000000000000000e+00
0.000000000000000000e+00
0.000000000000000000e+00
0.000000000000000000e+00
0.000000000000000000e+00
0.000000000000000000e+00
0.000000000000000000e+00
7.530976049892881719e+00
9.004069619185658624e+00
8.967106738963831702e+00
4.462854109223843402e+00
2.959731964091544931e+00
0.000000000000000000e+00
0.000000000000000000e+00
0.000000000000000000e+00
1.437240467635767294e+00
0.000000000000000000e+00
0.000000000000000000e+00
0.000000000000000000e+00
0.000000000000000000e+00
1.338054815040071732e+00
1.307719656795440555e+00
0.000000000000000000e+00
0.000000000000000000e+00
0.000000000000000000e+00
0.000000000000000000e+00
0.000000000000000000e+00
9.825870786883099672e-01
0.000000000000000000e+00
0.000000000000000000e+00
0.000000000000000000e+00
0.000000000000000000e+00
0.000000000000000000e+00
3.858302793476471870e-01
0.000000000000000000e+00
2.189080473647392056e-01
0.000000000000000000e+00
2.085909612770174559e-01
6.582274177809292748e-02
7.625697015654092636e-02
0.000000000000000000e+00
2.471867887953092119e-02
1.220700699689468774e-02
2.441406174208779045e-03
0.000000000000000000e+00
0.000000000000000000e+00
0.000000000000000000e+00
0.000000000000000000e+00
0.000000000000000000e+00
0.000000000000000000e+00
0.000000000000000000e+00
0.000000000000000000e+00
0.000000000000000000e+00
0.000000000000000000e+00
0.000000000000000000e+00
0.000000000000000000e+00
0.000000000000000000e+00
0.000000000000000000e+00
0.000000000000000000e+00
0.000000000000000000e+00
0.000000000000000000e+00
0.000000000000000000e+00
4.533450005772662550e+00
1.506195209978576255e+00
3.001356539728552875e+00
1.494517789827305210e+00
1.487618036407947875e+00
0.000000000000000000e+00
1.471127674303734700e+00
0.000000000000000000e+00
2.900048006555250080e+00
1.437240467635767294e+00
0.000000000000000000e+00
0.000000000000000000e+00
0.000000000000000000e+00
0.000000000000000000e+00
0.000000000000000000e+00
0.000000000000000000e+00
0.000000000000000000e+00
0.000000000000000000e+00
0.000000000000000000e+00
0.000000000000000000e+00
0.000000000000000000e+00
0.000000000000000000e+00
0.000000000000000000e+00
0.000000000000000000e+00
0.000000000000000000e+00
0.000000000000000000e+00
4.852825635592212805e-01
0.000000000000000000e+00
0.000000000000000000e+00
0.000000000000000000e+00
0.000000000000000000e+00
2.085909612770174559e-01
6.582274177809292748e-02
0.000000000000000000e+00
0.000000000000000000e+00
1.647911925302061528e-02
9.765605597515750538e-03
3.051757717760973914e-03
0.000000000000000000e+00
0.000000000000000000e+00
0.000000000000000000e+00
0.000000000000000000e+00
0.000000000000000000e+00
0.000000000000000000e+00
0.000000000000000000e+00
0.000000000000000000e+00
0.000000000000000000e+00
0.000000000000000000e+00
0.000000000000000000e+00
0.000000000000000000e+00
0.000000000000000000e+00
0.000000000000000000e+00
0.000000000000000000e+00
0.000000000000000000e+00
0.000000000000000000e+00
0.000000000000000000e+00
4.546836305209025042e+00
9.066900011545325100e+00
3.012390419957152510e+00
3.001356539728552875e+00
1.494517789827305210e+00
0.000000000000000000e+00
1.479865982045772466e+00
1.471127674303734700e+00
0.000000000000000000e+00
0.000000000000000000e+00
0.000000000000000000e+00
0.000000000000000000e+00
0.000000000000000000e+00
0.000000000000000000e+00
0.000000000000000000e+00
1.338054815040071732e+00
0.000000000000000000e+00
0.000000000000000000e+00
0.000000000000000000e+00
1.182041580245927204e+00
0.000000000000000000e+00
0.000000000000000000e+00
0.000000000000000000e+00
8.960553845713439269e-01
0.000000000000000000e+00
6.971348588680905678e-01
0.000000000000000000e+00
0.000000000000000000e+00
3.858302793476471870e-01
2.961984274725674715e-01
2.189080473647392056e-01
1.549967419239409727e-01
0.000000000000000000e+00
0.000000000000000000e+00
0.000000000000000000e+00
3.905753408282741646e-02
8.239559626510307641e-03
4.882802798757875269e-03
2.441406174208779045e-03
0.000000000000000000e+00
0.000000000000000000e+00
0.000000000000000000e+00
0.000000000000000000e+00
0.000000000000000000e+00
0.000000000000000000e+00
0.000000000000000000e+00
0.000000000000000000e+00
0.000000000000000000e+00
0.000000000000000000e+00
0.000000000000000000e+00
0.000000000000000000e+00
0.000000000000000000e+00
0.000000000000000000e+00
0.000000000000000000e+00
0.000000000000000000e+00
0.000000000000000000e+00
0.000000000000000000e+00
1.519640995800313421e+00
1.212489681389073226e+01
4.533450005772662550e+00
7.530976049892881719e+00
4.502034809592829312e+00
0.000000000000000000e+00
0.000000000000000000e+00
0.000000000000000000e+00
0.000000000000000000e+00
0.000000000000000000e+00
0.000000000000000000e+00
1.437240467635767294e+00
0.000000000000000000e+00
0.000000000000000000e+00
0.000000000000000000e+00
0.000000000000000000e+00
0.000000000000000000e+00
0.000000000000000000e+00
0.000000000000000000e+00
0.000000000000000000e+00
0.000000000000000000e+00
0.000000000000000000e+00
0.000000000000000000e+00
0.000000000000000000e+00
0.000000000000000000e+00
0.000000000000000000e+00
0.000000000000000000e+00
0.000000000000000000e+00
0.000000000000000000e+00
0.000000000000000000e+00
0.000000000000000000e+00
0.000000000000000000e+00
0.000000000000000000e+00
0.000000000000000000e+00
0.000000000000000000e+00
0.000000000000000000e+00
0.000000000000000000e+00
4.119779813255153994e-02
4.882802798757875269e-03
9.155273153282920875e-04
0.000000000000000000e+00
0.000000000000000000e+00
0.000000000000000000e+00
0.000000000000000000e+00
0.000000000000000000e+00
0.000000000000000000e+00
0.000000000000000000e+00
0.000000000000000000e+00
0.000000000000000000e+00
0.000000000000000000e+00
0.000000000000000000e+00
0.000000000000000000e+00
0.000000000000000000e+00
0.000000000000000000e+00
0.000000000000000000e+00
0.000000000000000000e+00
0.000000000000000000e+00
0.000000000000000000e+00
4.569863437282231544e+00
1.215712796640250737e+01
3.031224203472683065e+00
1.511150001924220776e+00
1.506195209978576255e+00
0.000000000000000000e+00
1.494517789827305210e+00
0.000000000000000000e+00
0.000000000000000000e+00
0.000000000000000000e+00
0.000000000000000000e+00
0.000000000000000000e+00
0.000000000000000000e+00
0.000000000000000000e+00
1.405830553902068791e+00
0.000000000000000000e+00
0.000000000000000000e+00
2.676109630080143464e+00
0.000000000000000000e+00
1.272255159682329495e+00
0.000000000000000000e+00
0.000000000000000000e+00
0.000000000000000000e+00
0.000000000000000000e+00
0.000000000000000000e+00
0.000000000000000000e+00
0.000000000000000000e+00
6.971348588680905678e-01
0.000000000000000000e+00
0.000000000000000000e+00
0.000000000000000000e+00
0.000000000000000000e+00
0.000000000000000000e+00
0.000000000000000000e+00
0.000000000000000000e+00
0.000000000000000000e+00
0.000000000000000000e+00
3.905753408282741646e-02
0.000000000000000000e+00
4.882802798757875269e-03
2.136230402432681610e-03
0.000000000000000000e+00
0.000000000000000000e+00
0.000000000000000000e+00
0.000000000000000000e+00
0.000000000000000000e+00
0.000000000000000000e+00
0.000000000000000000e+00
0.000000000000000000e+00
0.000000000000000000e+00
0.000000000000000000e+00
0.000000000000000000e+00
0.000000000000000000e+00
0.000000000000000000e+00
0.000000000000000000e+00
0.000000000000000000e+00
0.000000000000000000e+00
0.000000000000000000e+00
0.000000000000000000e+00
3.053193294526933776e+00
1.066301468699187360e+01
6.078563983201253684e+00
1.515612101736341533e+00
3.022300003848441552e+00
0.000000000000000000e+00
0.000000000000000000e+00
0.000000000000000000e+00
0.000000000000000000e+00
0.000000000000000000e+00
0.000000000000000000e+00
0.000000000000000000e+00
0.000000000000000000e+00
0.000000000000000000e+00
0.000000000000000000e+00
0.000000000000000000e+00
0.000000000000000000e+00
0.000000000000000000e+00
0.000000000000000000e+00
0.000000000000000000e+00
0.000000000000000000e+00
0.000000000000000000e+00
0.000000000000000000e+00
0.000000000000000000e+00
0.000000000000000000e+00
0.000000000000000000e+00
0.000000000000000000e+00
0.000000000000000000e+00
0.000000000000000000e+00
0.000000000000000000e+00
0.000000000000000000e+00
0.000000000000000000e+00
0.000000000000000000e+00
0.000000000000000000e+00
1.549967419239409727e-01
0.000000000000000000e+00
1.316454835561858550e-01
0.000000000000000000e+00
0.000000000000000000e+00
8.239559626510307641e-03
0.000000000000000000e+00
6.103515435521947611e-04
0.000000000000000000e+00
0.000000000000000000e+00
0.000000000000000000e+00
0.000000000000000000e+00
0.000000000000000000e+00
0.000000000000000000e+00
0.000000000000000000e+00
0.000000000000000000e+00
0.000000000000000000e+00
0.000000000000000000e+00
0.000000000000000000e+00
0.000000000000000000e+00
0.000000000000000000e+00
0.000000000000000000e+00
0.000000000000000000e+00
0.000000000000000000e+00
0.000000000000000000e+00
0.000000000000000000e+00
0.000000000000000000e+00
1.526596647263466888e+00
3.046575624854821029e+00
1.519640995800313421e+00
0.000000000000000000e+00
0.000000000000000000e+00
0.000000000000000000e+00
0.000000000000000000e+00
0.000000000000000000e+00
0.000000000000000000e+00
0.000000000000000000e+00
0.000000000000000000e+00
0.000000000000000000e+00
0.000000000000000000e+00
0.000000000000000000e+00
0.000000000000000000e+00
0.000000000000000000e+00
0.000000000000000000e+00
0.000000000000000000e+00
1.338054815040071732e+00
0.000000000000000000e+00
1.272255159682329495e+00
0.000000000000000000e+00
0.000000000000000000e+00
0.000000000000000000e+00
0.000000000000000000e+00
0.000000000000000000e+00
0.000000000000000000e+00
0.000000000000000000e+00
0.000000000000000000e+00
0.000000000000000000e+00
0.000000000000000000e+00
0.000000000000000000e+00
0.000000000000000000e+00
0.000000000000000000e+00
0.000000000000000000e+00
0.000000000000000000e+00
0.000000000000000000e+00
0.000000000000000000e+00
1.952876704141370823e-02
0.000000000000000000e+00
0.000000000000000000e+00
1.525878858880486957e-03
0.000000000000000000e+00
0.000000000000000000e+00
0.000000000000000000e+00
0.000000000000000000e+00
0.000000000000000000e+00
0.000000000000000000e+00
0.000000000000000000e+00
0.000000000000000000e+00
0.000000000000000000e+00
0.000000000000000000e+00
0.000000000000000000e+00
0.000000000000000000e+00
0.000000000000000000e+00
0.000000000000000000e+00
0.000000000000000000e+00
0.000000000000000000e+00
0.000000000000000000e+00
0.000000000000000000e+00
6.129391863868261403e+00
4.588816971396429523e+00
1.526596647263466888e+00
3.046575624854821029e+00
1.519640995800313421e+00
0.000000000000000000e+00
0.000000000000000000e+00
3.012390419957152510e+00
1.500678269864276437e+00
0.000000000000000000e+00
0.000000000000000000e+00
1.479865982045772466e+00
0.000000000000000000e+00
0.000000000000000000e+00
0.000000000000000000e+00
0.000000000000000000e+00
0.000000000000000000e+00
0.000000000000000000e+00
0.000000000000000000e+00
0.000000000000000000e+00
0.000000000000000000e+00
0.000000000000000000e+00
1.272255159682329495e+00
0.000000000000000000e+00
0.000000000000000000e+00
0.000000000000000000e+00
0.000000000000000000e+00
0.000000000000000000e+00
0.000000000000000000e+00
0.000000000000000000e+00
0.000000000000000000e+00
0.000000000000000000e+00
0.000000000000000000e+00
0.000000000000000000e+00
0.000000000000000000e+00
0.000000000000000000e+00
0.000000000000000000e+00
0.000000000000000000e+00
0.000000000000000000e+00
0.000000000000000000e+00
0.000000000000000000e+00
0.000000000000000000e+00
0.000000000000000000e+00
0.000000000000000000e+00
0.000000000000000000e+00
0.000000000000000000e+00
0.000000000000000000e+00
0.000000000000000000e+00
0.000000000000000000e+00
0.000000000000000000e+00
0.000000000000000000e+00
0.000000000000000000e+00
0.000000000000000000e+00
0.000000000000000000e+00
0.000000000000000000e+00
0.000000000000000000e+00
0.000000000000000000e+00
0.000000000000000000e+00
0.000000000000000000e+00
0.000000000000000000e+00
0.000000000000000000e+00
0.000000000000000000e+00
1.534852417784438039e+00
1.532347965967065351e+00
0.000000000000000000e+00
3.053193294526933776e+00
0.000000000000000000e+00
0.000000000000000000e+00
1.515612101736341533e+00
0.000000000000000000e+00
0.000000000000000000e+00
0.000000000000000000e+00
0.000000000000000000e+00
0.000000000000000000e+00
0.000000000000000000e+00
0.000000000000000000e+00
0.000000000000000000e+00
0.000000000000000000e+00
0.000000000000000000e+00
0.000000000000000000e+00
0.000000000000000000e+00
0.000000000000000000e+00
0.000000000000000000e+00
0.000000000000000000e+00
0.000000000000000000e+00
0.000000000000000000e+00
0.000000000000000000e+00
0.000000000000000000e+00
0.000000000000000000e+00
0.000000000000000000e+00
0.000000000000000000e+00
0.000000000000000000e+00
0.000000000000000000e+00
0.000000000000000000e+00
0.000000000000000000e+00
0.000000000000000000e+00
0.000000000000000000e+00
0.000000000000000000e+00
0.000000000000000000e+00
0.000000000000000000e+00
0.000000000000000000e+00
0.000000000000000000e+00
0.000000000000000000e+00
0.000000000000000000e+00
8.239559626510307641e-03
2.441401399378937635e-03
0.000000000000000000e+00
0.000000000000000000e+00
0.000000000000000000e+00
0.000000000000000000e+00
0.000000000000000000e+00
0.000000000000000000e+00
0.000000000000000000e+00
0.000000000000000000e+00
0.000000000000000000e+00
0.000000000000000000e+00
0.000000000000000000e+00
0.000000000000000000e+00
0.000000000000000000e+00
0.000000000000000000e+00
0.000000000000000000e+00
0.000000000000000000e+00
0.000000000000000000e+00
0.000000000000000000e+00
0.000000000000000000e+00
0.000000000000000000e+00
0.000000000000000000e+00
0.000000000000000000e+00
0.000000000000000000e+00
0.000000000000000000e+00
0.000000000000000000e+00
0.000000000000000000e+00
1.515612101736341533e+00
1.511150001924220776e+00
0.000000000000000000e+00
0.000000000000000000e+00
0.000000000000000000e+00
1.487618036407947875e+00
1.479865982045772466e+00
0.000000000000000000e+00
0.000000000000000000e+00
0.000000000000000000e+00
0.000000000000000000e+00
0.000000000000000000e+00
0.000000000000000000e+00
1.386476391214087167e+00
0.000000000000000000e+00
0.000000000000000000e+00
0.000000000000000000e+00
0.000000000000000000e+00
0.000000000000000000e+00
0.000000000000000000e+00
0.000000000000000000e+00
0.000000000000000000e+00
0.000000000000000000e+00
0.000000000000000000e+00
0.000000000000000000e+00
0.000000000000000000e+00
0.000000000000000000e+00
0.000000000000000000e+00
0.000000000000000000e+00
0.000000000000000000e+00
0.000000000000000000e+00
0.000000000000000000e+00
0.000000000000000000e+00
0.000000000000000000e+00
0.000000000000000000e+00
0.000000000000000000e+00
0.000000000000000000e+00
0.000000000000000000e+00
1.220703087104389522e-03
0.000000000000000000e+00
