# pd_vector
0.000000000000000000e+00
0.000000000000000000e+00
0.000000000000000000e+00
0.000000000000000000e+00
0.000000000000000000e+00
0.000000000000000000e+00
0.000000000000000000e+00
0.000000000000000000e+00
0.000000000000000000e+00
0.000000000000000000e+00
0.000000000000000000e+00
0.000000000000000000e+00
0.000000000000000000e+00
7.629394294402434135e-03
0.000000000000000000e+00
0.000000000000000000e+00
0.000000000000000000e+00
0.000000000000000000e+00
0.000000000000000000e+00
4.180908073332534336e-02
0.000000000000000000e+00
0.000000000000000000e+00
0.000000000000000000e+00
0.000000000000000000e+00
0.000000000000000000e+00
0.000000000000000000e+00
7.543945078305127616e-01
0.000000000000000000e+00
0.000000000000000000e+00
0.000000000000000000e+00
0.000000000000000000e+00
0.000000000000000000e+00
0.000000000000000000e+00
0.000000000000000000e+00
1.779785100998199976e+00
0.000000000000000000e+00
0.000000000000000000e+00
0.000000000000000000e+00
0.000000000000000000e+00
0.000000000000000000e+00
0.000000000000000000e+00
0.000000000000000000e+00
4.638662658819981410e-01
7.152099387344618364e+00
0.000000000000000000e+00
0.000000000000000000e+00
0.000000000000000000e+00
0.000000000000000000e+00
0.000000000000000000e+00
0.000000000000000000e+00
0.000000000000000000e+00
1.647911925302061528e-02
2.797846003688262417e+00
1.147857630381435001e+01
0.000000000000000000e+00
0.000000000000000000e+00
0.000000000000000000e+00
0.000000000000000000e+00
0.000000000000000000e+00
0.000000000000000000e+00
0.000000000000000000e+00
0.000000000000000000e+00
6.262065316147833460e-01
5.791004119326840005e+00
1.227966270472660604e+01
0.000000000000000000e+00
0.000000000000000000e+00
0.000000000000000000e+00
0.000000000000000000e+00
0.000000000000000000e+00
0.000000000000000000e+00
0.000000000000000000e+00
0.000000000000000000e+00
5.858630112424112468e-02
2.595461282350747023e+00
8.811017650358586195e+00
1.223327598741663991e+01
0.000000000000000000e+00
0.000000000000000000e+00
0.000000000000000000e+00
0.000000000000000000e+00
0.000000000000000000e+00
0.000000000000000000e+00
0.000000000000000000e+00
0.000000000000000000e+00
3.812848507827046318e-02
5.077479430767564139e-01
5.759452178930705379e+00
1.251462357321643459e+01
1.162933313507174304e+01
0.000000000000000000e+00
0.000000000000000000e+00
0.000000000000000000e+00
0.000000000000000000e+00
0.000000000000000000e+00
0.000000000000000000e+00
0.000000000000000000e+00
0.000000000000000000e+00
0.000000000000000000e+00
2.287709104696227791e-01
3.163660260709020733e+00
1.179080982553625034e+01
1.549557468185811793e+01
1.077758755604465435e+01
0.000000000000000000e+00
0.000000000000000000e+00
0.000000000000000000e+00
0.000000000000000000e+00
0.000000000000000000e+00
0.000000000000000000e+00
0.000000000000000000e+00
0.000000000000000000e+00
0.000000000000000000e+00
0.000000000000000000e+00
1.677653343443900269e+00
9.881556122955336363e+00
1.900042449873276951e+01
1.683834545151653117e+01
9.459838573515465754e+00
0.000000000000000000e+00
0.000000000000000000e+00
0.000000000000000000e+00
0.000000000000000000e+00
0.000000000000000000e+00
0.000000000000000000e+00
0.000000000000000000e+00
0.000000000000000000e+00
0.000000000000000000e+00
0.000000000000000000e+00
5.924046760028363057e-01
7.587568530575822479e+00
2.038803279123591139e+01
2.443029429260306173e+01
1.664547474096559654e+01
8.160094961521068058e+00
0.000000000000000000e+00
0.000000000000000000e+00
0.000000000000000000e+00
0.000000000000000000e+00
0.000000000000000000e+00
0.000000000000000000e+00
0.000000000000000000e+00
0.000000000000000000e+00
0.000000000000000000e+00
0.000000000000000000e+00
1.042954806385087280e-01
6.055692243584549495e+00
1.921675647944831411e+01
3.251539712395382509e+01
2.715758852897797482e+01
1.569821099800656938e+01
6.842040803220103662e+00
0.000000000000000000e+00
0.000000000000000000e+00
0.000000000000000000e+00
0.000000000000000000e+00
0.000000000000000000e+00
0.000000000000000000e+00
0.000000000000000000e+00
0.000000000000000000e+00
0.000000000000000000e+00
0.000000000000000000e+00
0.000000000000000000e+00
3.128864419155261700e+00
1.671897641163560522e+01
3.282862565239086905e+01
3.597198889028405233e+01
2.659729847437527184e+01
1.355466056935186181e+01
5.655212226782860618e+00
0.000000000000000000e+00
0.000000000000000000e+00
0.000000000000000000e+00
0.000000000000000000e+00
0.000000000000000000e+00
0.000000000000000000e+00
0.000000000000000000e+00
0.000000000000000000e+00
0.000000000000000000e+00
0.000000000000000000e+00
0.000000000000000000e+00
1.239973935391527782e+00
1.387129892492166050e+01
3.528098959305781079e+01
4.548728269837666005e+01
3.739758888430725392e+01
2.356514053181948043e+01
1.147702797848038614e+01
4.528503277385508952e+00
0.000000000000000000e+00
0.000000000000000000e+00
0.000000000000000000e+00
0.000000000000000000e+00
0.000000000000000000e+00
0.000000000000000000e+00
0.000000000000000000e+00
0.000000000000000000e+00
0.000000000000000000e+00
0.000000000000000000e+00
0.000000000000000000e+00
1.313448284188435178e+00
9.919791483132222254e+00
3.097575774963709350e+01
5.160502955402485270e+01
4.853756150463829755e+01
3.399958341910126336e+01
2.081312761656503696e+01
9.389629782011393644e+00
3.677062874130197390e+00
0.000000000000000000e+00
0.000000000000000000e+00
0.000000000000000000e+00
0.000000000000000000e+00
0.000000000000000000e+00
0.000000000000000000e+00
0.000000000000000000e+00
0.000000000000000000e+00
0.000000000000000000e+00
0.000000000000000000e+00
0.000000000000000000e+00
0.000000000000000000e+00
7.442873610401132822e+00
2.991437119132060829e+01
5.214774031925436049e+01
5.956958130917409733e+01
4.480096996696779144e+01
2.974231220407307674e+01
1.653679617040618766e+01
7.944320153579062627e+00
2.905883698851999153e+00
0.000000000000000000e+00
0.000000000000000000e+00
0.000000000000000000e+00
0.000000000000000000e+00
0.000000000000000000e+00
0.000000000000000000e+00
0.000000000000000000e+00
0.000000000000000000e+00
0.000000000000000000e+00
0.000000000000000000e+00
0.000000000000000000e+00
0.000000000000000000e+00
2.961984274725674826e+00
2.451770130485079235e+01
4.959895741566111127e+01
6.351594770885181873e+01
5.542274857715424474e+01
3.984426690679263316e+01
2.476247660851258203e+01
1.400725136506752300e+01
6.027820055066596794e+00
2.341918872609771274e+00
0.000000000000000000e+00
0.000000000000000000e+00
0.000000000000000000e+00
0.000000000000000000e+00
0.000000000000000000e+00
0.000000000000000000e+00
0.000000000000000000e+00
0.000000000000000000e+00
0.000000000000000000e+00
0.000000000000000000e+00
0.000000000000000000e+00
0.000000000000000000e+00
1.929151396738235880e+00
1.658711193846377796e+01
4.925431065706631983e+01
6.835356318845796864e+01
6.727058501183813632e+01
4.916958810823541626e+01
3.530697718247844819e+01
2.046614785940156622e+01
1.132939448645167246e+01
4.985341657531790815e+00
1.865234317095507244e+00
0.000000000000000000e+00
0.000000000000000000e+00
0.000000000000000000e+00
0.000000000000000000e+00
0.000000000000000000e+00
0.000000000000000000e+00
0.000000000000000000e+00
0.000000000000000000e+00
0.000000000000000000e+00
0.000000000000000000e+00
0.000000000000000000e+00
0.000000000000000000e+00
9.705651271184425610e-01
1.659070201194882799e+01
4.620695468572052533e+01
6.895603491989284350e+01
7.796336118774230783e+01
5.767540079309532786e+01
4.350883231531942386e+01
2.653742561447624126e+01
1.661898075224306481e+01
8.717454084847904738e+00
3.991691287984563186e+00
1.462402298351058727e+00
0.000000000000000000e+00
0.000000000000000000e+00
0.000000000000000000e+00
0.000000000000000000e+00
0.000000000000000000e+00
0.000000000000000000e+00
0.000000000000000000e+00
0.000000000000000000e+00
0.000000000000000000e+00
0.000000000000000000e+00
0.000000000000000000e+00
0.000000000000000000e+00
1.771895647138419072e+00
1.116149896186209034e+01
4.012634905215530523e+01
6.901423360110821648e+01
8.471741433015407097e+01
7.315846218810014534e+01
4.995753522584568174e+01
3.238478895482172248e+01
2.257206316633611465e+01
1.204924926455225886e+01
6.418616949051529907e+00
3.068841559019324539e+00
1.157531702346737301e+00
0.000000000000000000e+00
0.000000000000000000e+00
0.000000000000000000e+00
0.000000000000000000e+00
0.000000000000000000e+00
0.000000000000000000e+00
0.000000000000000000e+00
0.000000000000000000e+00
0.000000000000000000e+00
0.000000000000000000e+00
0.000000000000000000e+00
0.000000000000000000e+00
1.394269717736181136e+00
7.087582588553676288e+00
3.882260508473770244e+01
7.523690447279119553e+01
9.685688578352956313e+01
7.990143728812981294e+01
6.246368699534821189e+01
3.921510072007928471e+01
2.586833751879052201e+01
1.658589100904764990e+01
1.040883283307350737e+01
5.495786270882375035e+00
2.631830708530494611e+00
9.024047571419199221e-01
0.000000000000000000e+00
0.000000000000000000e+00
0.000000000000000000e+00
0.000000000000000000e+00
0.000000000000000000e+00
0.000000000000000000e+00
0.000000000000000000e+00
0.000000000000000000e+00
0.000000000000000000e+00
0.000000000000000000e+00
0.000000000000000000e+00
0.000000000000000000e+00
8.001600123562556677e-01
4.879944012076633975e+00
2.835033035421470515e+01
7.424823222456085148e+01
9.182760648474003062e+01
8.648994082198970546e+01
6.939385101462232797e+01
4.680901606103017087e+01
3.097575774963709350e+01
1.928606334098122943e+01
1.277304250122060481e+01
7.577161612068518792e+00
4.037384216990051122e+00
2.031245964283276084e+00
7.406615981005882920e-01
0.000000000000000000e+00
0.000000000000000000e+00
0.000000000000000000e+00
0.000000000000000000e+00
0.000000000000000000e+00
0.000000000000000000e+00
0.000000000000000000e+00
0.000000000000000000e+00
0.000000000000000000e+00
0.000000000000000000e+00
0.000000000000000000e+00
0.000000000000000000e+00
0.000000000000000000e+00
2.400480037068767114e+00
1.951977604830653590e+01
6.674140270888045734e+01
1.038504686016733558e+02
9.105594592604474258e+01
7.582679743297727271e+01
5.144339113071371372e+01
3.704422131982189370e+01
2.211064189536385172e+01
1.494176238362709519e+01
1.044720491144610719e+01
5.760986277217043927e+00
3.246386492845061422e+00
1.459958036828604699e+00
5.905151183867484166e-01
0.000000000000000000e+00
0.000000000000000000e+00
0.000000000000000000e+00
0.000000000000000000e+00
0.000000000000000000e+00
0.000000000000000000e+00
0.000000000000000000e+00
0.000000000000000000e+00
0.000000000000000000e+00
0.000000000000000000e+00
0.000000000000000000e+00
0.000000000000000000e+00
0.000000000000000000e+00
1.792110769142687854e+00
1.760352027183762402e+01
5.437651899171106606e+01
9.686362871023358423e+01
9.899764296608114478e+01
8.295351005974414704e+01
6.072067763187633460e+01
3.918454047828831932e+01
2.944938096554878371e+01
2.106768708897876152e+01
9.939234008492032757e+00
7.968853381358527166e+00
4.296328749111015810e+00
2.546023924591684917e+00
1.152341460506858484e+00
4.513549664568480280e-01
0.000000000000000000e+00
0.000000000000000000e+00
0.000000000000000000e+00
0.000000000000000000e+00
0.000000000000000000e+00
0.000000000000000000e+00
0.000000000000000000e+00
0.000000000000000000e+00
0.000000000000000000e+00
0.000000000000000000e+00
0.000000000000000000e+00
0.000000000000000000e+00
0.000000000000000000e+00
1.965174157376619934e+00
1.792110769142687943e+01
3.920784060545652494e+01
8.295904820530277846e+01
9.391046929833620993e+01
8.152747067794916802e+01
6.211867497497119928e+01
4.916893896044619794e+01
3.305511515207562212e+01
1.720463835355744919e+01
1.449707180875271284e+01
7.964551755149244627e+00
5.566758821427487902e+00
3.905753408282741646e+00
2.035171227748045819e+00
8.666974967795229023e-01
3.643798715006602573e-01
0.000000000000000000e+00
0.000000000000000000e+00
0.000000000000000000e+00
0.000000000000000000e+00
0.000000000000000000e+00
0.000000000000000000e+00
0.000000000000000000e+00
0.000000000000000000e+00
0.000000000000000000e+00
0.000000000000000000e+00
0.000000000000000000e+00
0.000000000000000000e+00
0.000000000000000000e+00
1.058888938575228922e+00
8.843283708194789483e+00
4.121854769028182375e+01
8.241648127269432678e+01
9.062753165285177204e+01
8.859478235692095893e+01
6.308673326269876469e+01
4.437048212497942501e+01
3.169323173956471962e+01
1.816936793127335292e+01
1.084977193467586787e+01
1.074243450576639880e+01
5.594933051137898516e+00
4.041619418296669153e+00
2.519210948342368361e+00
1.763265760073205790e+00
7.055650044205129534e-01
2.972412017099188564e-01
0.000000000000000000e+00
0.000000000000000000e+00
0.000000000000000000e+00
0.000000000000000000e+00
0.000000000000000000e+00
0.000000000000000000e+00
0.000000000000000000e+00
0.000000000000000000e+00
0.000000000000000000e+00
0.000000000000000000e+00
0.000000000000000000e+00
0.000000000000000000e+00
0.000000000000000000e+00
3.375350959372171999e+00
5.294444692876144387e+00
4.028607022622070843e+01
6.720415384285080052e+01
8.881776137154437833e+01
8.435331792303895782e+01
5.729129259080888659e+01
4.513127841100757820e+01
3.511055542063589741e+01
2.280727891538769470e+01
2.101517254701496284e+01
1.177975238621951348e+01
7.092092683418593779e+00
6.516451436031199584e+00
3.240921231652989398e+00
1.757589033727233740e+00
1.128819668831912093e+00
5.786121316528082259e-01
2.374267504418037522e-01
0.000000000000000000e+00
0.000000000000000000e+00
0.000000000000000000e+00
0.000000000000000000e+00
0.000000000000000000e+00
0.000000000000000000e+00
0.000000000000000000e+00
0.000000000000000000e+00
0.000000000000000000e+00
0.000000000000000000e+00
0.000000000000000000e+00
0.000000000000000000e+00
0.000000000000000000e+00
0.000000000000000000e+00
5.625584932286953332e+00
2.859000134153118111e+01
7.958955337375310535e+01
9.050159384170574128e+01
7.281456112441927075e+01
6.483354187473241836e+01
4.488802306083995575e+01
3.736675739406003771e+01
2.430730759890177239e+01
1.480992137362837369e+01
1.510465526816700432e+01
7.904833838120989498e+00
4.797592109371401570e+00
4.541769182688412343e+00
2.668993955478932367e+00
1.718531499644406324e+00
9.805075955547266631e-01
4.418936532875877288e-01
2.005004820568959678e-01
0.000000000000000000e+00
0.000000000000000000e+00
0.000000000000000000e+00
0.000000000000000000e+00
0.000000000000000000e+00
0.000000000000000000e+00
0.000000000000000000e+00
0.000000000000000000e+00
0.000000000000000000e+00
0.000000000000000000e+00
0.000000000000000000e+00
0.000000000000000000e+00
0.000000000000000000e+00
0.000000000000000000e+00
1.182041580245927204e+00
1.800187178331825066e+01
5.718000268306236222e+01
8.253731460981803991e+01
7.258048615027885830e+01
5.761152088965040718e+01
4.879944012076634152e+01
3.720980858990679963e+01
2.911695381355327683e+01
2.044900480542530019e+01
9.478349679122159088e+00
1.138321846296643791e+01
6.664859902729461716e+00
6.049137877033506250e+00
3.422782572460832284e+00
2.211452134539686920e+00
1.679473965561578908e+00
6.014878527352524040e-01
3.247063861173987154e-01
1.416015581041091820e-01
0.000000000000000000e+00
0.000000000000000000e+00
0.000000000000000000e+00
0.000000000000000000e+00
0.000000000000000000e+00
0.000000000000000000e+00
0.000000000000000000e+00
0.000000000000000000e+00
0.000000000000000000e+00
0.000000000000000000e+00
0.000000000000000000e+00
0.000000000000000000e+00
0.000000000000000000e+00
0.000000000000000000e+00
1.230715447488967884e+00
1.182041580245927292e+01
4.838003041766779688e+01
7.094555888454033266e+01
7.369403090162325043e+01
6.541204307370810511e+01
5.281056081551287207e+01
3.415960808453643693e+01
3.071285788373259962e+01
1.310262921609897546e+01
1.427572033586294609e+01
9.774548106594727059e+00
7.880689705130611067e+00
3.564925064250642261e+00
3.233159899793770720e+00
3.027846121792274747e+00
1.792038798678711853e+00
9.764383520706854114e-01
4.531757794580669185e-01
3.173821819192618743e-01
1.208496056233345634e-01
0.000000000000000000e+00
0.000000000000000000e+00
0.000000000000000000e+00
0.000000000000000000e+00
0.000000000000000000e+00
0.000000000000000000e+00
0.000000000000000000e+00
0.000000000000000000e+00
0.000000000000000000e+00
0.000000000000000000e+00
0.000000000000000000e+00
0.000000000000000000e+00
0.000000000000000000e+00
0.000000000000000000e+00
0.000000000000000000e+00
6.153577237444839199e+00
3.073308108639410818e+01
6.413166822807126266e+01
6.671000313023942851e+01
5.011194101310380944e+01
3.673827076742509945e+01
3.040608046953771648e+01
1.882264118943844622e+01
1.830958835376366522e+01
1.261734665253975329e+01
1.157490838042941483e+01
6.516365404396484706e+00
5.034885089389002033e+00
2.944938096554878371e+00
3.441750861070787870e+00
3.027846121792274747e+00
1.181983037426384442e+00
9.373808179878579949e-01
5.520504949761906310e-01
2.270503301422412135e-01
9.582519233769458411e-02
0.000000000000000000e+00
0.000000000000000000e+00
0.000000000000000000e+00
0.000000000000000000e+00
0.000000000000000000e+00
0.000000000000000000e+00
0.000000000000000000e+00
0.000000000000000000e+00
0.000000000000000000e+00
0.000000000000000000e+00
0.000000000000000000e+00
0.000000000000000000e+00
0.000000000000000000e+00
0.000000000000000000e+00
1.307719656795440555e+00
7.633530958093976970e+00
2.953717073973523100e+01
7.092249481475563755e+01
6.975725316035821777e+01
5.400333586733667346e+01
4.126865730490901996e+01
3.136193845999703811e+01
2.480496038304392670e+01
1.254842745962563022e+01
9.450110118071568976e+00
6.308673326269876647e+00
5.787454190214707417e+00
7.108762259341618872e+00
3.283620710471088167e+00
2.014957645011232756e+00
1.460136728939122275e+00
1.645568544452323145e+00
9.913406120350320982e-01
8.202082157393757456e-01
4.366966602050463275e-01
1.757809007552835201e-01
7.263183368271117213e-02
0.000000000000000000e+00
0.000000000000000000e+00
0.000000000000000000e+00
0.000000000000000000e+00
0.000000000000000000e+00
0.000000000000000000e+00
0.000000000000000000e+00
0.000000000000000000e+00
0.000000000000000000e+00
0.000000000000000000e+00
0.000000000000000000e+00
0.000000000000000000e+00
0.000000000000000000e+00
0.000000000000000000e+00
0.000000000000000000e+00
6.538598283977202996e+00
3.562314447110522764e+01
5.415147968951458779e+01
5.082778795057487287e+01
3.825397753955128621e+01
3.070777921868164029e+01
2.259950280983112947e+01
2.150532922971225247e+01
1.840368028419387869e+01
8.365618306417086814e+00
7.087582588553676288e+00
5.823390762710655366e+00
6.173284469562354992e+00
4.146777984615944490e+00
2.845804615741609478e+00
2.944938096554878371e+00
8.343638451080698237e-01
7.898729013371150742e-01
8.388266717219501345e-01
4.101041078696878728e-01
3.954988620724947390e-01
1.464840839627362667e-01
6.317138475765216032e-02
0.000000000000000000e+00
0.000000000000000000e+00
0.000000000000000000e+00
0.000000000000000000e+00
0.000000000000000000e+00
0.000000000000000000e+00
0.000000000000000000e+00
0.000000000000000000e+00
0.000000000000000000e+00
0.000000000000000000e+00
0.000000000000000000e+00
0.000000000000000000e+00
0.000000000000000000e+00
0.000000000000000000e+00
0.000000000000000000e+00
1.070443852032057386e+01
2.484667347911337032e+01
6.106824766475181576e+01
6.522791871691529764e+01
3.900737214811559994e+01
2.137722274269042089e+01
2.964889028010641070e+01
1.375621910163633999e+01
9.856609230284783862e+00
1.040208016063132312e+01
4.879944012076633975e+00
9.450110118071568976e+00
6.308673326269876647e+00
4.244133072824118891e+00
1.777190564835404718e+00
2.189080473647392111e+00
1.239973935391527782e+00
1.668727690216139647e+00
1.382277577339951380e+00
6.863127314088683928e-01
4.882191760353427057e-01
2.389472291687989303e-01
1.318356755664626401e-01
5.371093583259314158e-02
0.000000000000000000e+00
0.000000000000000000e+00
0.000000000000000000e+00
0.000000000000000000e+00
0.000000000000000000e+00
0.000000000000000000e+00
0.000000000000000000e+00
0.000000000000000000e+00
0.000000000000000000e+00
0.000000000000000000e+00
0.000000000000000000e+00
0.000000000000000000e+00
0.000000000000000000e+00
0.000000000000000000e+00
1.386476391214087167e+00
2.728153838002840281e+00
1.873276741056100292e+01
3.923158970386321442e+01
3.562314447110522764e+01
3.076788618722419599e+01
2.009470686418076113e+01
1.800187178331825066e+01
1.164777832432751836e+01
1.080845786557140897e+01
7.168443076570751415e+00
4.800960074137534228e+00
6.274213729812815110e+00
2.362527529517892244e+00
1.941130254236885122e+00
4.629963352171766466e+00
3.850579557143376963e+00
2.626896568376870356e+00
1.549967419239409727e+00
7.300683644695611374e-01
4.607591924466504785e-01
7.244412164871387727e-01
4.491616419525152892e-01
1.565516329036958365e-01
1.025388587739153867e-01
4.394531113575802367e-02
0.000000000000000000e+00
0.000000000000000000e+00
0.000000000000000000e+00
0.000000000000000000e+00
0.000000000000000000e+00
0.000000000000000000e+00
0.000000000000000000e+00
0.000000000000000000e+00
0.000000000000000000e+00
0.000000000000000000e+00
0.000000000000000000e+00
0.000000000000000000e+00
0.000000000000000000e+00
0.000000000000000000e+00
0.000000000000000000e+00
2.772952782428174334e+00
2.182523070402272225e+01
5.218413778656280044e+01
4.315474867424953942e+01
2.798961351301124978e+01
3.076788618722419599e+01
1.891266528393483526e+01
1.350140383748868800e+01
1.058888938575228877e+01
9.825870786883099228e+00
3.584221538285375708e+00
5.601120086493789785e+00
4.182809153208543407e+00
1.181263764758946122e+00
9.705651271184425610e-01
2.314981676085883233e+00
2.073388992307972245e+00
1.094540236823696056e+00
6.199869676957638909e-01
5.214774031925436537e-01
5.265819342247434198e-01
6.481842463305979019e-01
4.491616419525152892e-01
1.565516329036958365e-01
9.765605597515750191e-02
3.936767455911656388e-02
0.000000000000000000e+00
0.000000000000000000e+00
0.000000000000000000e+00
0.000000000000000000e+00
0.000000000000000000e+00
0.000000000000000000e+00
0.000000000000000000e+00
0.000000000000000000e+00
0.000000000000000000e+00
0.000000000000000000e+00
0.000000000000000000e+00
0.000000000000000000e+00
0.000000000000000000e+00
0.000000000000000000e+00
0.000000000000000000e+00
1.405830553902068791e+00
2.218362225942539467e+01
2.864561529902982429e+01
4.147969926624222126e+01
1.700035553834072743e+01
2.671735835332891895e+01
9.845723579911743073e+00
1.063837422221334528e+01
9.000935891659125332e+00
5.294444692876144387e+00
1.965174157376619934e+00
8.064498461142095564e+00
2.400480037068767114e+00
4.879944012076633975e+00
0.000000000000000000e+00
2.426412817796106403e+00
1.543321117390588748e+00
2.369587419780539772e+00
6.567241420942175889e-01
1.704964161163350589e+00
3.128864419155261700e-01
5.265819342247434198e-01
3.050278806261637055e-01
2.148164374555507905e-01
8.239559626510307988e-02
7.568344338074706190e-02
2.532958905741608188e-02
0.000000000000000000e+00
0.000000000000000000e+00
0.000000000000000000e+00
0.000000000000000000e+00
0.000000000000000000e+00
0.000000000000000000e+00
0.000000000000000000e+00
0.000000000000000000e+00
0.000000000000000000e+00
0.000000000000000000e+00
0.000000000000000000e+00
0.000000000000000000e+00
0.000000000000000000e+00
0.000000000000000000e+00
0.000000000000000000e+00
5.690477118859171846e+00
7.029152769510344179e+00
2.911600421549583118e+01
3.410192297503550662e+01
2.943720593088157855e+01
1.830807519513616910e+01
1.017804127745863596e+01
4.922861789955871537e+00
7.092249481475563222e+00
5.625584932286953332e+00
3.176666815725686988e+00
3.930348314753239869e+00
1.792110769142687854e+00
2.400480037068767114e+00
1.394269717736181136e+00
1.181263764758946122e+00
2.911695381355327683e+00
1.157490838042941617e+00
5.923968549451349430e-01
1.532356331553174522e+00
6.199869676957638909e-01
2.085909612770174559e-01
2.632909671123717099e-01
4.194133358609750672e-01
9.764383520706854114e-02
1.565516329036958365e-01
5.371083078633662883e-02
2.136230402432681696e-02
0.000000000000000000e+00
0.000000000000000000e+00
0.000000000000000000e+00
0.000000000000000000e+00
0.000000000000000000e+00
0.000000000000000000e+00
0.000000000000000000e+00
0.000000000000000000e+00
0.000000000000000000e+00
0.000000000000000000e+00
0.000000000000000000e+00
0.000000000000000000e+00
0.000000000000000000e+00
0.000000000000000000e+00
0.000000000000000000e+00
1.437240467635767294e+00
9.958334958003550952e+00
2.389911941633516790e+01
4.298076812763670063e+01
2.182523070402272225e+01
9.366383705280501459e+00
1.176947691115896433e+01
8.905786117776306909e+00
6.153577237444839199e+00
0.000000000000000000e+00
2.250233972914781333e+00
4.235555754300915687e+00
4.912935393441549614e+00
1.792110769142687854e+00
1.600320024712511335e+00
1.394269717736181136e+00
1.181263764758946122e+00
1.455847690677663842e+00
1.157490838042941617e+00
5.923968549451349430e-01
4.378160947294784111e-01
4.649902257718229182e-01
5.214774031925436537e-01
2.632909671123717099e-01
2.287709104696227791e-01
1.171726022484822494e-01
1.153538347711443035e-01
6.103503498447344217e-02
2.593994060096827675e-02
0.000000000000000000e+00
0.000000000000000000e+00
0.000000000000000000e+00
0.000000000000000000e+00
0.000000000000000000e+00
0.000000000000000000e+00
0.000000000000000000e+00
0.000000000000000000e+00
0.000000000000000000e+00
0.000000000000000000e+00
0.000000000000000000e+00
0.000000000000000000e+00
0.000000000000000000e+00
0.000000000000000000e+00
0.000000000000000000e+00
1.450024003277625040e+00
7.186202338178836690e+00
3.129762415372544382e+01
3.936325550925792527e+01
2.911600421549583118e+01
6.820384595007100259e+00
8.028328890240430837e+00
9.154037597568084550e+00
3.816765479046988485e+00
7.384292684933807749e+00
4.728166320983708815e+00
1.125116986457390666e+00
0.000000000000000000e+00
9.825870786883099672e-01
8.960553845713439269e-01
2.400480037068767114e+00
2.091404576604271703e+00
1.771895647138419072e+00
1.941130254236885122e+00
1.157490838042941617e+00
5.923968549451349430e-01
0.000000000000000000e+00
6.199869676957638909e-01
4.171819225540349119e-01
2.632909671123717099e-01
1.525139403130818527e-01
2.148164374555507905e-01
4.943735775906184238e-02
3.173821819192618882e-02
1.647949167590925801e-02
0.000000000000000000e+00
0.000000000000000000e+00
0.000000000000000000e+00
0.000000000000000000e+00
0.000000000000000000e+00
0.000000000000000000e+00
0.000000000000000000e+00
0.000000000000000000e+00
0.000000000000000000e+00
0.000000000000000000e+00
0.000000000000000000e+00
0.000000000000000000e+00
0.000000000000000000e+00
0.000000000000000000e+00
0.000000000000000000e+00
0.000000000000000000e+00
7.250120016388125421e+00
2.299584748217227670e+01
2.418452775515148190e+01
1.124664443121655033e+01
1.386476391214087123e+01
6.820384595007100259e+00
9.366383705280501459e+00
7.846317940772642885e+00
3.816765479046988485e+00
4.922861789955871537e+00
2.364083160491854407e+00
2.250233972914781333e+00
0.000000000000000000e+00
2.947761236064930124e+00
0.000000000000000000e+00
8.001600123562556677e-01
0.000000000000000000e+00
5.906318823794730610e-01
4.852825635592212805e-01
0.000000000000000000e+00
8.885952824177023590e-01
8.756321894589568222e-01
3.099934838478819454e-01
1.042954806385087280e-01
1.316454835561858550e-01
2.287709104696227791e-01
1.367013692898959576e-01
4.943735775906184238e-02
3.906242239006300215e-02
1.129150355571560335e-02
0.000000000000000000e+00
0.000000000000000000e+00
0.000000000000000000e+00
0.000000000000000000e+00
0.000000000000000000e+00
0.000000000000000000e+00
0.000000000000000000e+00
0.000000000000000000e+00
0.000000000000000000e+00
0.000000000000000000e+00
0.000000000000000000e+00
0.000000000000000000e+00
0.000000000000000000e+00
0.000000000000000000e+00
0.000000000000000000e+00
0.000000000000000000e+00
4.383731294581753701e+00
2.465040805571962679e+01
2.299584748217227670e+01
1.564881207686272191e+01
1.124664443121655033e+01
6.932381956070435614e+00
4.092230757004260866e+00
1.338054815040071732e+00
5.230878627181762219e+00
0.000000000000000000e+00
3.692146342466903874e+00
2.364083160491854407e+00
0.000000000000000000e+00
3.176666815725686988e+00
0.000000000000000000e+00
8.960553845713439269e-01
8.001600123562556677e-01
6.971348588680905678e-01
1.771895647138419072e+00
9.705651271184425610e-01
7.716605586952943741e-01
0.000000000000000000e+00
6.567241420942175889e-01
0.000000000000000000e+00
0.000000000000000000e+00
2.632909671123717099e-01
1.143854552348113895e-01
7.811506816565483291e-02
4.119779813255153994e-02
4.394522518882088002e-02
6.713866979074142698e-03
0.000000000000000000e+00
0.000000000000000000e+00
0.000000000000000000e+00
0.000000000000000000e+00
0.000000000000000000e+00
0.000000000000000000e+00
0.000000000000000000e+00
0.000000000000000000e+00
0.000000000000000000e+00
0.000000000000000000e+00
0.000000000000000000e+00
0.000000000000000000e+00
0.000000000000000000e+00
0.000000000000000000e+00
0.000000000000000000e+00
0.000000000000000000e+00
5.884510697214938801e+00
2.045741270804818157e+01
1.595026403605387522e+01
8.623442805814603318e+00
7.113096398573964585e+00
4.217491661706206152e+00
0.000000000000000000e+00
1.364076919001420141e+00
2.676109630080143464e+00
0.000000000000000000e+00
1.272255159682329495e+00
2.461430894977935768e+00
1.182041580245927204e+00
2.250233972914781333e+00
0.000000000000000000e+00
3.930348314753239869e+00
0.000000000000000000e+00
3.200640049425022671e+00
6.971348588680905678e-01
0.000000000000000000e+00
4.852825635592212805e-01
7.716605586952943741e-01
2.961984274725674715e-01
0.000000000000000000e+00
1.549967419239409727e-01
0.000000000000000000e+00
6.582274177809292748e-02
3.812848507827046318e-02
3.905753408282741646e-02
2.471867887953092119e-02
1.708980979565256214e-02
8.239745837954629004e-03
0.000000000000000000e+00
0.000000000000000000e+00
0.000000000000000000e+00
0.000000000000000000e+00
0.000000000000000000e+00
0.000000000000000000e+00
0.000000000000000000e+00
0.000000000000000000e+00
0.000000000000000000e+00
0.000000000000000000e+00
0.000000000000000000e+00
0.000000000000000000e+00
0.000000000000000000e+00
0.000000000000000000e+00
0.000000000000000000e+00
0.000000000000000000e+00
2.959731964091544931e+00
1.765353209164481640e+01
2.045741270804818157e+01
1.015016802294337595e+01
7.186202338178836690e+00
7.113096398573964585e+00
1.405830553902068791e+00
2.772952782428174334e+00
1.364076919001420141e+00
1.338054815040071732e+00
1.307719656795440555e+00
0.000000000000000000e+00
1.230715447488967884e+00
1.182041580245927204e+00
0.000000000000000000e+00
2.117777877150457844e+00
9.825870786883099672e-01
0.000000000000000000e+00
8.001600123562556677e-01
0.000000000000000000e+00
5.906318823794730610e-01
4.852825635592212805e-01
0.000000000000000000e+00
0.000000000000000000e+00
2.189080473647392056e-01
1.549967419239409727e-01
1.042954806385087280e-01
6.582274177809292748e-02
1.143854552348113895e-01
9.764383520706854114e-02
2.471867887953092119e-02
1.953121119503150108e-02
8.544921609730726439e-03
0.000000000000000000e+00
0.000000000000000000e+00
0.000000000000000000e+00
0.000000000000000000e+00
0.000000000000000000e+00
0.000000000000000000e+00
0.000000000000000000e+00
0.000000000000000000e+00
0.000000000000000000e+00
0.000000000000000000e+00
0.000000000000000000e+00
0.000000000000000000e+00
0.000000000000000000e+00
0.000000000000000000e+00
0.000000000000000000e+00
0.000000000000000000e+00
4.462854109223843402e+00
2.219798973068658654e+01
1.912465976594855022e+01
1.022870635402409079e+01
4.350072009832874897e+00
1.437240467635767294e+00
2.845238559429585923e+00
2.811661107804137583e+00
0.000000000000000000e+00
4.092230757004260866e+00
1.338054815040071732e+00
1.307719656795440555e+00
0.000000000000000000e+00
2.461430894977935768e+00
1.182041580245927204e+00
1.125116986457390666e+00
0.000000000000000000e+00
0.000000000000000000e+00
0.000000000000000000e+00
0.000000000000000000e+00
6.971348588680905678e-01
1.181263764758946122e+00
0.000000000000000000e+00
3.858302793476471870e-01
2.961984274725674715e-01
0.000000000000000000e+00
0.000000000000000000e+00
2.085909612770174559e-01
1.974682253342787686e-01
7.625697015654092636e-02
1.952876704141370823e-02
0.000000000000000000e+00
9.765605597515750538e-03
7.629394294402434135e-03
0.000000000000000000e+00
0.000000000000000000e+00
0.000000000000000000e+00
0.000000000000000000e+00
0.000000000000000000e+00
0.000000000000000000e+00
0.000000000000000000e+00
0.000000000000000000e+00
0.000000000000000000e+00
0.000000000000000000e+00
0.000000000000000000e+00
0.000000000000000000e+00
0.000000000000000000e+00
0.000000000000000000e+00
0.000000000000000000e+00
1.500678269864276437e+00
0.000000000000000000e+00
1.041332625485563490e+01
2.515772169477813236e+01
1.324014906873361141e+01
7.306218824302922243e+00
2.900048006555250080e+00
2.874480935271534587e+00
0.000000000000000000e+00
0.000000000000000000e+00
0.000000000000000000e+00
0.000000000000000000e+00
0.000000000000000000e+00
1.307719656795440555e+00
0.000000000000000000e+00
0.000000000000000000e+00
1.182041580245927204e+00
0.000000000000000000e+00
1.058888938575228922e+00
1.965174157376619934e+00
8.960553845713439269e-01
8.001600123562556677e-01
0.000000000000000000e+00
5.906318823794730610e-01
0.000000000000000000e+00
0.000000000000000000e+00
0.000000000000000000e+00
0.000000000000000000e+00
0.000000000000000000e+00
2.085909612770174559e-01
0.000000000000000000e+00
0.000000000000000000e+00
7.811506816565483291e-02
1.647911925302061528e-02
1.464840839627362667e-02
5.798339663745850393e-03
0.000000000000000000e+00
0.000000000000000000e+00
0.000000000000000000e+00
0.000000000000000000e+00
0.000000000000000000e+00
0.000000000000000000e+00
0.000000000000000000e+00
0.000000000000000000e+00
0.000000000000000000e+00
0.000000000000000000e+00
0.000000000000000000e+00
0.000000000000000000e+00
0.000000000000000000e+00
0.000000000000000000e+00
0.000000000000000000e+00
0.000000000000000000e+00
3.001356539728552875e+00
1.046162452879113580e+01
1.338856232767153109e+01
8.879195892274633906e+00
2.942255348607469401e+00
1.461243764860584493e+00
2.900048006555250080e+00
0.000000000000000000e+00
1.422619279714792961e+00
2.811661107804137583e+00
0.000000000000000000e+00
0.000000000000000000e+00
0.000000000000000000e+00
0.000000000000000000e+00
0.000000000000000000e+00
0.000000000000000000e+00
0.000000000000000000e+00
0.000000000000000000e+00
0.000000000000000000e+00
0.000000000000000000e+00
0.000000000000000000e+00
0.000000000000000000e+00
0.000000000000000000e+00
1.181263764758946122e+00
4.852825635592212805e-01
3.858302793476471870e-01
0.000000000000000000e+00
0.000000000000000000e+00
1.549967419239409727e-01
2.085909612770174559e-01
1.974682253342787686e-01
0.000000000000000000e+00
1.952876704141370823e-02
1.647911925302061528e-02
2.441401399378937635e-03
3.662109261313168350e-03
0.000000000000000000e+00
0.000000000000000000e+00
0.000000000000000000e+00
0.000000000000000000e+00
0.000000000000000000e+00
0.000000000000000000e+00
0.000000000000000000e+00
0.000000000000000000e+00
0.000000000000000000e+00
0.000000000000000000e+00
0.000000000000000000e+00
0.000000000000000000e+00
0.000000000000000000e+00
0.000000000000000000e+00
0.000000000000000000e+00
0.000000000000000000e+00
1.506195209978576255e+00
7.503391349321382187e+00
1.494517789827305165e+01
4.462854109223843402e+00
2.959731964091544931e+00
0.000000000000000000e+00
1.461243764860584493e+00
0.000000000000000000e+00
0.000000000000000000e+00
0.000000000000000000e+00
0.000000000000000000e+00
0.000000000000000000e+00
0.000000000000000000e+00
0.000000000000000000e+00
0.000000000000000000e+00
0.000000000000000000e+00
0.000000000000000000e+00
0.000000000000000000e+00
0.000000000000000000e+00
1.058888938575228922e+00
0.000000000000000000e+00
0.000000000000000000e+00
1.600320024712511335e+00
0.000000000000000000e+00
0.000000000000000000e+00
0.000000000000000000e+00
0.000000000000000000e+00
0.000000000000000000e+00
0.000000000000000000e+00
1.549967419239409727e-01
0.000000000000000000e+00
0.000000000000000000e+00
3.812848507827046318e-02
0.000000000000000000e+00
1.647911925302061528e-02
1.953121119503150108e-02
2.441406174208779045e-03
0.000000000000000000e+00
0.000000000000000000e+00
0.000000000000000000e+00
0.000000000000000000e+00
0.000000000000000000e+00
0.000000000000000000e+00
0.000000000000000000e+00
0.000000000000000000e+00
0.000000000000000000e+00
0.000000000000000000e+00
0.000000000000000000e+00
0.000000000000000000e+00
0.000000000000000000e+00
0.000000000000000000e+00
0.000000000000000000e+00
0.000000000000000000e+00
1.511150001924220776e+00
1.054336646985003334e+01
1.200542615891421150e+01
5.978071159309220839e+00
1.487618036407947875e+00
1.479865982045772466e+00
1.471127674303734700e+00
0.000000000000000000e+00
1.450024003277625040e+00
1.437240467635767294e+00
1.422619279714792961e+00
0.000000000000000000e+00
0.000000000000000000e+00
0.000000000000000000e+00
0.000000000000000000e+00
0.000000000000000000e+00
1.272255159682329495e+00
0.000000000000000000e+00
0.000000000000000000e+00
0.000000000000000000e+00
0.000000000000000000e+00
0.000000000000000000e+00
0.000000000000000000e+00
0.000000000000000000e+00
0.000000000000000000e+00
0.000000000000000000e+00
0.000000000000000000e+00
0.000000000000000000e+00
0.000000000000000000e+00
0.000000000000000000e+00
4.649902257718229182e-01
0.000000000000000000e+00
0.000000000000000000e+00
3.812848507827046318e-02
0.000000000000000000e+00
2.471867887953092119e-02
4.882802798757875269e-03
2.746581945984876479e-03
0.000000000000000000e+00
0.000000000000000000e+00
0.000000000000000000e+00
0.000000000000000000e+00
0.000000000000000000e+00
0.000000000000000000e+00
0.000000000000000000e+00
0.000000000000000000e+00
0.000000000000000000e+00
0.000000000000000000e+00
0.000000000000000000e+00
0.000000000000000000e+00
0.000000000000000000e+00
0.000000000000000000e+00
0.000000000000000000e+00
0.000000000000000000e+00
3.031224203472683065e+00
9.066900011545325100e+00
6.024780839914305020e+00
7.503391349321382187e+00
1.494517789827305210e+00
2.975236072815895749e+00
0.000000000000000000e+00
0.000000000000000000e+00
1.461243764860584493e+00
2.900048006555250080e+00
0.000000000000000000e+00
0.000000000000000000e+00
0.000000000000000000e+00
0.000000000000000000e+00
0.000000000000000000e+00
1.338054815040071732e+00
0.000000000000000000e+00
0.000000000000000000e+00
0.000000000000000000e+00
0.000000000000000000e+00
0.000000000000000000e+00
0.000000000000000000e+00
0.000000000000000000e+00
0.000000000000000000e+00
0.000000000000000000e+00
6.971348588680905678e-01
0.000000000000000000e+00
0.000000000000000000e+00
0.000000000000000000e+00
2.961984274725674715e-01
0.000000000000000000e+00
0.000000000000000000e+00
0.000000000000000000e+00
0.000000000000000000e+00
0.000000000000000000e+00
3.905753408282741646e-02
8.239559626510307641e-03
9.765605597515750538e-03
1.831054630656584175e-03
0.000000000000000000e+00
0.000000000000000000e+00
0.000000000000000000e+00
0.000000000000000000e+00
0.000000000000000000e+00
0.000000000000000000e+00
0.000000000000000000e+00
0.000000000000000000e+00
0.000000000000000000e+00
0.000000000000000000e+00
0.000000000000000000e+00
0.000000000000000000e+00
0.000000000000000000e+00
0.000000000000000000e+00
0.000000000000000000e+00
0.000000000000000000e+00
0.000000000000000000e+00
6.062448406945366131e+00
9.066900011545325100e+00
1.506195209978576255e+00
0.000000000000000000e+00
2.989035579654610419e+00
0.000000000000000000e+00
0.000000000000000000e+00
0.000000000000000000e+00
0.000000000000000000e+00
0.000000000000000000e+00
0.000000000000000000e+00
0.000000000000000000e+00
0.000000000000000000e+00
0.000000000000000000e+00
1.364076919001420141e+00
0.000000000000000000e+00
0.000000000000000000e+00
0.000000000000000000e+00
0.000000000000000000e+00
0.000000000000000000e+00
0.000000000000000000e+00
0.000000000000000000e+00
0.000000000000000000e+00
0.000000000000000000e+00
0.000000000000000000e+00
0.000000000000000000e+00
0.000000000000000000e+00
0.000000000000000000e+00
0.000000000000000000e+00
0.000000000000000000e+00
0.000000000000000000e+00
1.549967419239409727e-01
0.000000000000000000e+00
0.000000000000000000e+00
0.000000000000000000e+00
1.952876704141370823e-02
8.239559626510307641e-03
0.000000000000000000e+00
1.831054630656584175e-03
0.000000000000000000e+00
0.000000000000000000e+00
0.000000000000000000e+00
0.000000000000000000e+00
0.000000000000000000e+00
0.000000000000000000e+00
0.000000000000000000e+00
0.000000000000000000e+00
0.000000000000000000e+00
0.000000000000000000e+00
0.000000000000000000e+00
0.000000000000000000e+00
0.000000000000000000e+00
0.000000000000000000e+00
0.000000000000000000e+00
0.000000000000000000e+00
1.523287812427410515e+00
6.078563983201253684e+00
7.578060508681707219e+00
7.555750009621103658e+00
1.506195209978576255e+00
1.500678269864276437e+00
0.000000000000000000e+00
0.000000000000000000e+00
0.000000000000000000e+00
0.000000000000000000e+00
0.000000000000000000e+00
0.000000000000000000e+00
0.000000000000000000e+00
0.000000000000000000e+00
0.000000000000000000e+00
0.000000000000000000e+00
1.364076919001420141e+00
0.000000000000000000e+00
0.000000000000000000e+00
0.000000000000000000e+00
0.000000000000000000e+00
0.000000000000000000e+00
0.000000000000000000e+00
0.000000000000000000e+00
0.000000000000000000e+00
0.000000000000000000e+00
0.000000000000000000e+00
0.000000000000000000e+00
0.000000000000000000e+00
9.705651271184425610e-01
0.000000000000000000e+00
0.000000000000000000e+00
0.000000000000000000e+00
0.000000000000000000e+00
0.000000000000000000e+00
0.000000000000000000e+00
3.812848507827046318e-02
0.000000000000000000e+00
8.239559626510307641e-03
4.882802798757875269e-03
1.525878858880486957e-03
0.000000000000000000e+00
0.000000000000000000e+00
0.000000000000000000e+00
0.000000000000000000e+00
0.000000000000000000e+00
0.000000000000000000e+00
0.000000000000000000e+00
0.000000000000000000e+00
0.000000000000000000e+00
0.000000000000000000e+00
0.000000000000000000e+00
0.000000000000000000e+00
0.000000000000000000e+00
0.000000000000000000e+00
0.000000000000000000e+00
0.000000000000000000e+00
0.000000000000000000e+00
9.139726874564463088e+00
4.558922987400940485e+00
3.031224203472683065e+00
0.000000000000000000e+00
0.000000000000000000e+00
0.000000000000000000e+00
0.000000000000000000e+00
0.000000000000000000e+00
0.000000000000000000e+00
0.000000000000000000e+00
0.000000000000000000e+00
0.000000000000000000e+00
0.000000000000000000e+00
0.000000000000000000e+00
0.000000000000000000e+00
0.000000000000000000e+00
0.000000000000000000e+00
0.000000000000000000e+00
0.000000000000000000e+00
0.000000000000000000e+00
0.000000000000000000e+00
0.000000000000000000e+00
0.000000000000000000e+00
2.117777877150457844e+00
0.000000000000000000e+00
0.000000000000000000e+00
0.000000000000000000e+00
0.000000000000000000e+00
0.000000000000000000e+00
0.000000000000000000e+00
0.000000000000000000e+00
2.961984274725674715e-01
2.189080473647392056e-01
0.000000000000000000e+00
1.042954806385087280e-01
1.316454835561858550e-01
0.000000000000000000e+00
0.000000000000000000e+00
8.239559626510307641e-03
0.000000000000000000e+00
2.441406174208779045e-03
0.000000000000000000e+00
0.000000000000000000e+00
0.000000000000000000e+00
0.000000000000000000e+00
0.000000000000000000e+00
0.000000000000000000e+00
0.000000000000000000e+00
0.000000000000000000e+00
0.000000000000000000e+00
0.000000000000000000e+00
0.000000000000000000e+00
0.000000000000000000e+00
0.000000000000000000e+00
0.000000000000000000e+00
0.000000000000000000e+00
0.000000000000000000e+00
0.000000000000000000e+00
1.526596647263466888e+00
4.569863437282231544e+00
3.039281991600626842e+00
3.031224203472683065e+00
1.511150001924220776e+00
0.000000000000000000e+00
0.000000000000000000e+00
0.000000000000000000e+00
0.000000000000000000e+00
0.000000000000000000e+00
0.000000000000000000e+00
0.000000000000000000e+00
0.000000000000000000e+00
0.000000000000000000e+00
0.000000000000000000e+00
0.000000000000000000e+00
0.000000000000000000e+00
0.000000000000000000e+00
0.000000000000000000e+00
0.000000000000000000e+00
0.000000000000000000e+00
0.000000000000000000e+00
0.000000000000000000e+00
0.000000000000000000e+00
0.000000000000000000e+00
0.000000000000000000e+00
0.000000000000000000e+00
0.000000000000000000e+00
0.000000000000000000e+00
0.000000000000000000e+00
0.000000000000000000e+00
0.000000000000000000e+00
2.961984274725674715e-01
0.000000000000000000e+00
0.000000000000000000e+00
0.000000000000000000e+00
0.000000000000000000e+00
3.812848507827046318e-02
0.000000000000000000e+00
8.239559626510307641e-03
0.000000000000000000e+00
1.525878858880486957e-03
0.000000000000000000e+00
0.000000000000000000e+00
0.000000000000000000e+00
0.000000000000000000e+00
0.000000000000000000e+00
0.000000000000000000e+00
0.000000000000000000e+00
0.000000000000000000e+00
0.000000000000000000e+00
0.000000000000000000e+00
0.000000000000000000e+00
0.000000000000000000e+00
0.000000000000000000e+00
0.000000000000000000e+00
0.000000000000000000e+00
0.000000000000000000e+00
0.000000000000000000e+00
7.648028285660716463e+00
1.526596647263466888e+00
1.523287812427410515e+00
0.000000000000000000e+00
0.000000000000000000e+00
0.000000000000000000e+00
0.000000000000000000e+00
0.000000000000000000e+00
0.000000000000000000e+00
0.000000000000000000e+00
0.000000000000000000e+00
0.000000000000000000e+00
0.000000000000000000e+00
1.450024003277625040e+00
0.000000000000000000e+00
0.000000000000000000e+00
0.000000000000000000e+00
0.000000000000000000e+00
0.000000000000000000e+00
0.000000000000000000e+00
0.000000000000000000e+00
0.000000000000000000e+00
0.000000000000000000e+00
0.000000000000000000e+00
0.000000000000000000e+00
0.000000000000000000e+00
0.000000000000000000e+00
0.000000000000000000e+00
0.000000000000000000e+00
0.000000000000000000e+00
0.000000000000000000e+00
0.000000000000000000e+00
0.000000000000000000e+00
0.000000000000000000e+00
0.000000000000000000e+00
0.000000000000000000e+00
1.042954806385087280e-01
0.000000000000000000e+00
0.000000000000000000e+00
0.000000000000000000e+00
1.647911925302061528e-02
2.441401399378937635e-03
6.103515435521947611e-04
0.000000000000000000e+00
0.000000000000000000e+00
0.000000000000000000e+00
0.000000000000000000e+00
0.000000000000000000e+00
0.000000000000000000e+00
0.000000000000000000e+00
0.000000000000000000e+00
0.000000000000000000e+00
0.000000000000000000e+00
0.000000000000000000e+00
0.000000000000000000e+00
0.000000000000000000e+00
0.000000000000000000e+00
0.000000000000000000e+00
0.000000000000000000e+00
0.000000000000000000e+00
4.597043897901196274e+00
4.588816971396429523e+00
1.526596647263466888e+00
0.000000000000000000e+00
0.000000000000000000e+00
1.515612101736341533e+00
0.000000000000000000e+00
0.000000000000000000e+00
0.000000000000000000e+00
0.000000000000000000e+00
0.000000000000000000e+00
0.000000000000000000e+00
1.471127674303734700e+00
0.000000000000000000e+00
0.000000000000000000e+00
0.000000000000000000e+00
0.000000000000000000e+00
0.000000000000000000e+00
0.000000000000000000e+00
0.000000000000000000e+00
0.000000000000000000e+00
0.000000000000000000e+00
0.000000000000000000e+00
0.000000000000000000e+00
1.182041580245927204e+00
0.000000000000000000e+00
0.000000000000000000e+00
0.000000000000000000e+00
0.000000000000000000e+00
8.001600123562556677e-01
0.000000000000000000e+00
0.000000000000000000e+00
0.000000000000000000e+00
0.000000000000000000e+00
0.000000000000000000e+00
0.000000000000000000e+00
0.000000000000000000e+00
0.000000000000000000e+00
0.000000000000000000e+00
0.000000000000000000e+00
0.000000000000000000e+00
0.000000000000000000e+00
4.882802798757875269e-03
0.000000000000000000e+00
0.000000000000000000e+00
0.000000000000000000e+00
0.000000000000000000e+00
0.000000000000000000e+00
0.000000000000000000e+00
0.000000000000000000e+00
0.000000000000000000e+00
0.000000000000000000e+00
0.000000000000000000e+00
0.000000000000000000e+00
0.000000000000000000e+00
0.000000000000000000e+00
0.000000000000000000e+00
0.000000000000000000e+00
0.000000000000000000e+00
0.000000000000000000e+00
0.000000000000000000e+00
9.209114506706628234e+00
4.597043897901196274e+00
1.529605657132143248e+00
0.000000000000000000e+00
0.000000000000000000e+00
0.000000000000000000e+00
0.000000000000000000e+00
0.000000000000000000e+00
0.000000000000000000e+00
0.000000000000000000e+00
0.000000000000000000e+00
0.000000000000000000e+00
1.479865982045772466e+00
0.000000000000000000e+00
0.000000000000000000e+00
0.000000000000000000e+00
0.000000000000000000e+00
0.000000000000000000e+00
0.000000000000000000e+00
0.000000000000000000e+00
0.000000000000000000e+00
0.000000000000000000e+00
0.000000000000000000e+00
0.000000000000000000e+00
0.000000000000000000e+00
0.000000000000000000e+00
0.000000000000000000e+00
0.000000000000000000e+00
0.000000000000000000e+00
0.000000000000000000e+00
0.000000000000000000e+00
0.000000000000000000e+00
0.000000000000000000e+00
0.000000000000000000e+00
0.000000000000000000e+00
0.000000000000000000e+00
0.000000000000000000e+00
0.000000000000000000e+00
0.000000000000000000e+00
0.000000000000000000e+00
0.000000000000000000e+00
1.952876704141370823e-02
0.000000000000000000e+00
0.000000000000000000e+00
1.525878858880486957e-03
0.000000000000000000e+00
0.000000000000000000e+00
0.000000000000000000e+00
0.000000000000000000e+00
0.000000000000000000e+00
0.000000000000000000e+00
0.000000000000000000e+00
0.000000000000000000e+00
0.000000000000000000e+00
0.000000000000000000e+00
0.000000000000000000e+00
0.000000000000000000e+00
0.000000000000000000e+00
0.000000000000000000e+00
0.000000000000000000e+00
0.000000000000000000e+00
0.000000000000000000e+00
0.000000000000000000e+00
0.000000000000000000e+00
0.000000000000000000e+00
0.000000000000000000e+00
0.000000000000000000e+00
1.523287812427410515e+00
0.000000000000000000e+00
0.000000000000000000e+00
0.000000000000000000e+00
0.000000000000000000e+00
0.000000000000000000e+00
0.000000000000000000e+00
0.000000000000000000e+00
0.000000000000000000e+00
0.000000000000000000e+00
0.000000000000000000e+00
0.000000000000000000e+00
0.000000000000000000e+00
0.000000000000000000e+00
0.000000000000000000e+00
0.000000000000000000e+00
0.000000000000000000e+00
0.000000000000000000e+00
0.000000000000000000e+00
0.000000000000000000e+00
0.000000000000000000e+00
0.000000000000000000e+00
0.000000000000000000e+00
0.000000000000000000e+00
0.000000000000000000e+00
0.000000000000000000e+00
0.000000000000000000e+00
6.971348588680905678e-01
0.000000000000000000e+00
0.000000000000000000e+00
0.000000000000000000e+00
0.000000000000000000e+00
0.000000000000000000e+00
0.000000000000000000e+00
0.000000000000000000e+00
0.000000000000000000e+00
3.812848507827046318e-02
1.952876704141370823e-02
0.000000000000000000e+00
2.441401399378937635e-03
6.103515435521947611e-04
0.000000000000000000e+00
0.000000000000000000e+00
0.000000000000000000e+00
0.000000000000000000e+00
0.000000000000000000e+00
0.000000000000000000e+00
0.000000000000000000e+00
0.000000000000000000e+00
0.000000000000000000e+00
0.000000000000000000e+00
0.000000000000000000e+00
0.000000000000000000e+00
0.000000000000000000e+00
0.000000000000000000e+00
0.000000000000000000e+00
0.000000000000000000e+00
0.000000000000000000e+00
0.000000000000000000e+00
1.537144204738476017e+00
0.000000000000000000e+00
0.000000000000000000e+00
0.000000000000000000e+00
0.000000000000000000e+00
0.000000000000000000e+00
0.000000000000000000e+00
0.000000000000000000e+00
0.000000000000000000e+00
0.000000000000000000e+00
0.000000000000000000e+00
0.000000000000000000e+00
0.000000000000000000e+00
0.000000000000000000e+00
0.000000000000000000e+00
0.000000000000000000e+00
1.450024003277625040e+00
0.000000000000000000e+00
0.000000000000000000e+00
0.000000000000000000e+00
0.000000000000000000e+00
0.000000000000000000e+00
0.000000000000000000e+00
0.000000000000000000e+00
0.000000000000000000e+00
0.000000000000000000e+00
0.000000000000000000e+00
0.000000000000000000e+00
0.000000000000000000e+00
0.000000000000000000e+00
0.000000000000000000e+00
0.000000000000000000e+00
0.000000000000000000e+00
0.000000000000000000e+00
0.000000000000000000e+00
0.000000000000000000e+00
0.000000000000000000e+00
0.000000000000000000e+00
0.000000000000000000e+00
0.000000000000000000e+00
0.000000000000000000e+00
7.625697015654092636e-02
0.000000000000000000e+00
0.000000000000000000e+00
4.882802798757875269e-03
6.103515435521947611e-04
0.000000000000000000e+00
