# pd_vector
0.000000000000000000e+00
0.000000000000000000e+00
0.000000000000000000e+00
0.000000000000000000e+00
0.000000000000000000e+00
0.000000000000000000e+00
0.000000000000000000e+00
0.000000000000000000e+00
0.000000000000000000e+00
0.000000000000000000e+00
0.000000000000000000e+00
0.000000000000000000e+00
0.000000000000000000e+00
4.272460804865363219e-03
0.000000000000000000e+00
0.000000000000000000e+00
0.000000000000000000e+00
0.000000000000000000e+00
0.000000000000000000e+00
3.570556529780339466e-02
0.000000000000000000e+00
0.000000000000000000e+00
0.000000000000000000e+00
0.000000000000000000e+00
0.000000000000000000e+00
0.000000000000000000e+00
4.556274272617134025e-01
0.000000000000000000e+00
0.000000000000000000e+00
0.000000000000000000e+00
0.000000000000000000e+00
0.000000000000000000e+00
0.000000000000000000e+00
0.000000000000000000e+00
1.458740189089745565e+00
0.000000000000000000e+00
0.000000000000000000e+00
0.000000000000000000e+00
0.000000000000000000e+00
0.000000000000000000e+00
0.000000000000000000e+00
0.000000000000000000e+00
3.173821819192618743e-01
5.205993490728444861e+00
0.000000000000000000e+00
0.000000000000000000e+00
0.000000000000000000e+00
0.000000000000000000e+00
0.000000000000000000e+00
0.000000000000000000e+00
0.000000000000000000e+00
1.647911925302061528e-02
2.758783581298199561e+00
9.642028509265797354e+00
0.000000000000000000e+00
0.000000000000000000e+00
0.000000000000000000e+00
0.000000000000000000e+00
0.000000000000000000e+00
0.000000000000000000e+00
0.000000000000000000e+00
0.000000000000000000e+00
4.696548987110875095e-01
5.349110466039252110e+00
8.857116424257673870e+00
0.000000000000000000e+00
0.000000000000000000e+00
0.000000000000000000e+00
0.000000000000000000e+00
0.000000000000000000e+00
0.000000000000000000e+00
0.000000000000000000e+00
0.000000000000000000e+00
3.124602726626193316e-01
2.554263484218195490e+00
5.905749985097649812e+00
8.676452367366223939e+00
0.000000000000000000e+00
0.000000000000000000e+00
0.000000000000000000e+00
0.000000000000000000e+00
0.000000000000000000e+00
0.000000000000000000e+00
0.000000000000000000e+00
0.000000000000000000e+00
7.625697015654092636e-02
2.245808209762576446e+00
3.806676547447762182e+00
7.814925879411979359e+00
8.541564676241190313e+00
0.000000000000000000e+00
0.000000000000000000e+00
0.000000000000000000e+00
0.000000000000000000e+00
0.000000000000000000e+00
0.000000000000000000e+00
0.000000000000000000e+00
0.000000000000000000e+00
0.000000000000000000e+00
1.143854552348113895e-01
2.070049306389853072e+00
7.374405865726725295e+00
1.032712791937290575e+01
8.053588617171209663e+00
0.000000000000000000e+00
0.000000000000000000e+00
0.000000000000000000e+00
0.000000000000000000e+00
0.000000000000000000e+00
0.000000000000000000e+00
0.000000000000000000e+00
0.000000000000000000e+00
0.000000000000000000e+00
6.582274177809292748e-02
1.067597582191572858e+00
6.307791754376627757e+00
1.198855925657249699e+01
1.166745728763194379e+01
7.278442156859922463e+00
0.000000000000000000e+00
0.000000000000000000e+00
0.000000000000000000e+00
0.000000000000000000e+00
0.000000000000000000e+00
0.000000000000000000e+00
0.000000000000000000e+00
0.000000000000000000e+00
0.000000000000000000e+00
0.000000000000000000e+00
3.291137088904646513e-01
4.461032754157644220e+00
1.218595063384215393e+01
1.638848409712900178e+01
1.231687005986674066e+01
6.432800093268356889e+00
0.000000000000000000e+00
0.000000000000000000e+00
0.000000000000000000e+00
0.000000000000000000e+00
0.000000000000000000e+00
0.000000000000000000e+00
0.000000000000000000e+00
0.000000000000000000e+00
0.000000000000000000e+00
0.000000000000000000e+00
2.085909612770174559e-01
2.501264187567531216e+00
1.136228855332459808e+01
2.111059717176821948e+01
1.853900915964819163e+01
1.201901908914251038e+01
5.588073556992118718e+00
0.000000000000000000e+00
0.000000000000000000e+00
0.000000000000000000e+00
0.000000000000000000e+00
0.000000000000000000e+00
0.000000000000000000e+00
0.000000000000000000e+00
0.000000000000000000e+00
0.000000000000000000e+00
0.000000000000000000e+00
0.000000000000000000e+00
1.773023170854648445e+00
9.083538365376824686e+00
2.078002436765740413e+01
2.528975331863075127e+01
1.949479807632338790e+01
1.072751774887105114e+01
4.559631206106670831e+00
0.000000000000000000e+00
0.000000000000000000e+00
0.000000000000000000e+00
0.000000000000000000e+00
0.000000000000000000e+00
0.000000000000000000e+00
0.000000000000000000e+00
0.000000000000000000e+00
0.000000000000000000e+00
0.000000000000000000e+00
0.000000000000000000e+00
1.084977193467586698e+00
5.736251435117980080e+00
2.185315027032685364e+01
3.153225715972967436e+01
2.915644919283066727e+01
1.833302016898543485e+01
9.323711944228163517e+00
3.758849980966191495e+00
0.000000000000000000e+00
0.000000000000000000e+00
0.000000000000000000e+00
0.000000000000000000e+00
0.000000000000000000e+00
0.000000000000000000e+00
0.000000000000000000e+00
0.000000000000000000e+00
0.000000000000000000e+00
0.000000000000000000e+00
0.000000000000000000e+00
1.094540236823696056e+00
5.269889225413993294e+00
1.783452718918499258e+01
3.462276217527688260e+01
3.458253596599131185e+01
2.700828481827515759e+01
1.595178743692395607e+01
7.629379373059180125e+00
3.103027247419358314e+00
0.000000000000000000e+00
0.000000000000000000e+00
0.000000000000000000e+00
0.000000000000000000e+00
0.000000000000000000e+00
0.000000000000000000e+00
0.000000000000000000e+00
0.000000000000000000e+00
0.000000000000000000e+00
0.000000000000000000e+00
0.000000000000000000e+00
0.000000000000000000e+00
4.815977042024262467e+00
1.627465790201380358e+01
3.525187245581594908e+01
4.048098619352715133e+01
3.584077597357423883e+01
2.402038346093885934e+01
1.379302281477825431e+01
6.437975490162258119e+00
2.486572188431641628e+00
0.000000000000000000e+00
0.000000000000000000e+00
0.000000000000000000e+00
0.000000000000000000e+00
0.000000000000000000e+00
0.000000000000000000e+00
0.000000000000000000e+00
0.000000000000000000e+00
0.000000000000000000e+00
0.000000000000000000e+00
0.000000000000000000e+00
3.858302793476471870e-01
2.073388992307972245e+00
1.160212651033117837e+01
3.487426693288671942e+01
4.401269282945068539e+01
4.377212328243179940e+01
3.328616747333011716e+01
2.136447114330659502e+01
1.193912189881343622e+01
5.280751226856642333e+00
2.008361754058496818e+00
0.000000000000000000e+00
0.000000000000000000e+00
0.000000000000000000e+00
0.000000000000000000e+00
0.000000000000000000e+00
0.000000000000000000e+00
0.000000000000000000e+00
0.000000000000000000e+00
0.000000000000000000e+00
0.000000000000000000e+00
0.000000000000000000e+00
0.000000000000000000e+00
2.700811955433530365e+00
1.036694496153986123e+01
3.239839100998140253e+01
5.021894438335687738e+01
4.818451205499103196e+01
4.028351796819287500e+01
2.768128016682435799e+01
1.802505197922485181e+01
9.706201240029141530e+00
4.304190667105067369e+00
1.613159129608450648e+00
0.000000000000000000e+00
0.000000000000000000e+00
0.000000000000000000e+00
0.000000000000000000e+00
0.000000000000000000e+00
0.000000000000000000e+00
0.000000000000000000e+00
0.000000000000000000e+00
0.000000000000000000e+00
0.000000000000000000e+00
0.000000000000000000e+00
5.906318823794730610e-01
4.852825635592212805e-01
5.015793631519413154e+00
3.198943016703728759e+01
4.640850604132471346e+01
6.215369351150032884e+01
4.922746686137612215e+01
3.883541764907482730e+01
2.424971650978001492e+01
1.380683829827949083e+01
7.341447627220683891e+00
3.278802079365913169e+00
1.294860799645981109e+00
0.000000000000000000e+00
0.000000000000000000e+00
0.000000000000000000e+00
0.000000000000000000e+00
0.000000000000000000e+00
0.000000000000000000e+00
0.000000000000000000e+00
0.000000000000000000e+00
0.000000000000000000e+00
0.000000000000000000e+00
0.000000000000000000e+00
0.000000000000000000e+00
5.906318823794730610e-01
5.338108199151434086e+00
2.160649564346824292e+01
5.035373267033646982e+01
6.151316130949171423e+01
5.238889877029205167e+01
4.265685158115007169e+01
3.041010670147893080e+01
1.868295768835252701e+01
1.109233967952298627e+01
6.138471921750179305e+00
2.656244722524284008e+00
1.060485806921938501e+00
0.000000000000000000e+00
0.000000000000000000e+00
0.000000000000000000e+00
0.000000000000000000e+00
0.000000000000000000e+00
0.000000000000000000e+00
0.000000000000000000e+00
0.000000000000000000e+00
0.000000000000000000e+00
0.000000000000000000e+00
0.000000000000000000e+00
0.000000000000000000e+00
0.000000000000000000e+00
2.953159411897365416e+00
1.747017228813196610e+01
3.935468849346001008e+01
6.427505876154714315e+01
6.479678201996280507e+01
4.928896393181322821e+01
3.639912274283954474e+01
2.264302317166396605e+01
1.483198069544721065e+01
8.846531469760410715e+00
4.474080877195096839e+00
2.165523041249117764e+00
8.166503652728366314e-01
0.000000000000000000e+00
0.000000000000000000e+00
0.000000000000000000e+00
0.000000000000000000e+00
0.000000000000000000e+00
0.000000000000000000e+00
0.000000000000000000e+00
0.000000000000000000e+00
0.000000000000000000e+00
0.000000000000000000e+00
0.000000000000000000e+00
0.000000000000000000e+00
0.000000000000000000e+00
3.485674294340452839e+00
1.535642894186629981e+01
3.639619226694159693e+01
5.903203274019001867e+01
7.671539271539496951e+01
5.188120722544319108e+01
4.541404538371470778e+01
2.377936958557998892e+01
1.994429075876215762e+01
1.216298673996827695e+01
7.030356134908934962e+00
3.707801831929638414e+00
1.687008366970845996e+00
6.713866979074142316e-01
0.000000000000000000e+00
0.000000000000000000e+00
0.000000000000000000e+00
0.000000000000000000e+00
0.000000000000000000e+00
0.000000000000000000e+00
0.000000000000000000e+00
0.000000000000000000e+00
0.000000000000000000e+00
0.000000000000000000e+00
0.000000000000000000e+00
0.000000000000000000e+00
0.000000000000000000e+00
3.200640049425022671e+00
1.115415774188944908e+01
3.307538541325049408e+01
6.308673326269876469e+01
7.832354670757237614e+01
5.835109021209579083e+01
4.837867846760736512e+01
3.502926367481065739e+01
2.169345997280981564e+01
1.329619383917477116e+01
9.875277635272050603e+00
5.409468470471597179e+00
2.974481025170220949e+00
1.381833192048478764e+00
5.322265459775138430e-01
0.000000000000000000e+00
0.000000000000000000e+00
0.000000000000000000e+00
0.000000000000000000e+00
0.000000000000000000e+00
0.000000000000000000e+00
0.000000000000000000e+00
0.000000000000000000e+00
0.000000000000000000e+00
0.000000000000000000e+00
0.000000000000000000e+00
0.000000000000000000e+00
0.000000000000000000e+00
0.000000000000000000e+00
6.401280098850045341e+00
2.579398977811935012e+01
5.729129259080888659e+01
7.085125427964631228e+01
6.713446860649061421e+01
5.005753424286390185e+01
3.371183929416983460e+01
2.712442983668967145e+01
1.595720853769183556e+01
1.066328416805105483e+01
8.159495806749879065e+00
4.101041078696878728e+00
2.076369025880597352e+00
1.054685404531701121e+00
3.988647337113592761e-01
0.000000000000000000e+00
0.000000000000000000e+00
0.000000000000000000e+00
0.000000000000000000e+00
0.000000000000000000e+00
0.000000000000000000e+00
0.000000000000000000e+00
0.000000000000000000e+00
0.000000000000000000e+00
0.000000000000000000e+00
0.000000000000000000e+00
0.000000000000000000e+00
0.000000000000000000e+00
1.965174157376619934e+00
1.075266461485612624e+01
2.720544042011269426e+01
5.158797955623870024e+01
7.678214470933150437e+01
6.308673326269876469e+01
5.324457854997530859e+01
4.265257355604971679e+01
2.692568982586292137e+01
1.890960251472079889e+01
1.366270796364464424e+01
9.281006590711102788e+00
6.214943067758085249e+00
3.417534232247398940e+00
2.043410787374556392e+00
8.544904897826282042e-01
3.448486221069900215e-01
0.000000000000000000e+00
0.000000000000000000e+00
0.000000000000000000e+00
0.000000000000000000e+00
0.000000000000000000e+00
0.000000000000000000e+00
0.000000000000000000e+00
0.000000000000000000e+00
0.000000000000000000e+00
0.000000000000000000e+00
0.000000000000000000e+00
0.000000000000000000e+00
0.000000000000000000e+00
0.000000000000000000e+00
2.947761236064930124e+00
1.881716307599822358e+01
4.400880067959406006e+01
7.110775560454523259e+01
8.446035918026464628e+01
5.677805993642888893e+01
4.282716100758883471e+01
3.021223960220188332e+01
2.254752887856813715e+01
1.379471003123074624e+01
1.001236614129683744e+01
6.253160468918828485e+00
4.461032754157644220e+00
2.343452044969644987e+00
1.606714127169510009e+00
7.153306100180287785e-01
2.685546791629657148e-01
0.000000000000000000e+00
0.000000000000000000e+00
0.000000000000000000e+00
0.000000000000000000e+00
0.000000000000000000e+00
0.000000000000000000e+00
0.000000000000000000e+00
0.000000000000000000e+00
0.000000000000000000e+00
0.000000000000000000e+00
0.000000000000000000e+00
0.000000000000000000e+00
0.000000000000000000e+00
0.000000000000000000e+00
5.294444692876144387e+00
1.572139325901295948e+01
4.569882461313854094e+01
6.081216093907543296e+01
6.762208131020479129e+01
6.142571576746519924e+01
4.852825635592212450e+01
3.472472514128824628e+01
2.132628677802485839e+01
1.598028745762596259e+01
1.270973283776315910e+01
8.135047489803680421e+00
5.331642084025527417e+00
3.279049716731259778e+00
2.030991772307025656e+00
9.969867148077472541e-01
5.615223218571556707e-01
2.218627860812227848e-01
0.000000000000000000e+00
0.000000000000000000e+00
0.000000000000000000e+00
0.000000000000000000e+00
0.000000000000000000e+00
0.000000000000000000e+00
0.000000000000000000e+00
0.000000000000000000e+00
0.000000000000000000e+00
0.000000000000000000e+00
0.000000000000000000e+00
0.000000000000000000e+00
0.000000000000000000e+00
0.000000000000000000e+00
2.250233972914781333e+00
1.270666726290274795e+01
3.537313483277915793e+01
6.361993230456541681e+01
6.481296100085670275e+01
6.692494645133669451e+01
5.079434188463468303e+01
3.251393175846782668e+01
2.160649564346824292e+01
1.451372294615580572e+01
1.138321846296643791e+01
7.129850128501284523e+00
6.153433357672015269e+00
4.081009990241761365e+00
2.478351530087580024e+00
1.796646567810061157e+00
9.722680359282163121e-01
4.687490686807560536e-01
1.782226507172408603e-01
0.000000000000000000e+00
0.000000000000000000e+00
0.000000000000000000e+00
0.000000000000000000e+00
0.000000000000000000e+00
0.000000000000000000e+00
0.000000000000000000e+00
0.000000000000000000e+00
0.000000000000000000e+00
0.000000000000000000e+00
0.000000000000000000e+00
0.000000000000000000e+00
0.000000000000000000e+00
0.000000000000000000e+00
0.000000000000000000e+00
4.500467945829562666e+00
3.494333497298255509e+01
5.797263764261028740e+01
7.437259691942153950e+01
6.001200092671917474e+01
5.158797955623870024e+01
2.953159411897365416e+01
2.717582355931639171e+01
1.967734424673000504e+01
1.095934181648499717e+01
1.072649432087222188e+01
7.129850128501284523e+00
4.797592109371401570e+00
3.620250797795110831e+00
2.630865470400661987e+00
1.601358897395924075e+00
8.981119992896234860e-01
3.808586183031142935e-01
1.547241162904813838e-01
0.000000000000000000e+00
0.000000000000000000e+00
0.000000000000000000e+00
0.000000000000000000e+00
0.000000000000000000e+00
0.000000000000000000e+00
0.000000000000000000e+00
0.000000000000000000e+00
0.000000000000000000e+00
0.000000000000000000e+00
0.000000000000000000e+00
0.000000000000000000e+00
0.000000000000000000e+00
0.000000000000000000e+00
0.000000000000000000e+00
9.456332641967417629e+00
1.350140383748868800e+01
5.400333586733667346e+01
6.583333427211677247e+01
3.853038153656778775e+01
4.080816063016904138e+01
2.858252921359171239e+01
2.303464341279945060e+01
1.941130254236885122e+01
8.874096424995885357e+00
8.885952824177024922e+00
7.005057515671654578e+00
4.029915290022465513e+00
2.503091535324209360e+00
2.896200638236088754e+00
1.563267888209088907e+00
1.035024653194926536e+00
6.838834490003555810e-01
2.954095693248514620e-01
1.232910117975433428e-01
0.000000000000000000e+00
0.000000000000000000e+00
0.000000000000000000e+00
0.000000000000000000e+00
0.000000000000000000e+00
0.000000000000000000e+00
0.000000000000000000e+00
0.000000000000000000e+00
0.000000000000000000e+00
0.000000000000000000e+00
0.000000000000000000e+00
0.000000000000000000e+00
0.000000000000000000e+00
0.000000000000000000e+00
1.272255159682329495e+00
3.692146342466903874e+00
2.009470686418076113e+01
4.500467945829562666e+01
5.400333586733667346e+01
5.600746348523367146e+01
4.211460307485316434e+01
3.200640049425022937e+01
2.300545034264698785e+01
1.890022023614313795e+01
1.261734665253975329e+01
9.259926704343532933e+00
6.220166976923916735e+00
4.815977042024262467e+00
3.874918548098524429e+00
2.920273457878244550e+00
1.579745802674230148e+00
1.067597582191572858e+00
8.592657498222031620e-01
4.531757794580669185e-01
2.319331329409990705e-01
9.552001656591847800e-02
0.000000000000000000e+00
0.000000000000000000e+00
0.000000000000000000e+00
0.000000000000000000e+00
0.000000000000000000e+00
0.000000000000000000e+00
0.000000000000000000e+00
0.000000000000000000e+00
0.000000000000000000e+00
0.000000000000000000e+00
0.000000000000000000e+00
0.000000000000000000e+00
0.000000000000000000e+00
0.000000000000000000e+00
1.307719656795440555e+00
0.000000000000000000e+00
1.353786992237864695e+01
3.900737214811559994e+01
5.513073233641214443e+01
5.823889162163759181e+01
4.126865730490901996e+01
2.508955076799762907e+01
2.400480037068766848e+01
1.533696689509799249e+01
1.063137388283051443e+01
1.116149896186209034e+01
6.944945028257649255e+00
4.442976412088512461e+00
4.815977042024262467e+00
2.479947870783055563e+00
2.294500574047192210e+00
1.382277577339951380e+00
1.029469097113302478e+00
6.053917782838249551e-01
4.202175409520256810e-01
1.806637035540413772e-01
8.331298569487458061e-02
0.000000000000000000e+00
0.000000000000000000e+00
0.000000000000000000e+00
0.000000000000000000e+00
0.000000000000000000e+00
0.000000000000000000e+00
0.000000000000000000e+00
0.000000000000000000e+00
0.000000000000000000e+00
0.000000000000000000e+00
0.000000000000000000e+00
0.000000000000000000e+00
0.000000000000000000e+00
0.000000000000000000e+00
0.000000000000000000e+00
5.230878627181762219e+00
1.399480675650562489e+01
3.938289431964697229e+01
4.728166320983709170e+01
3.037815863434954622e+01
3.070777921868164029e+01
2.751243820327267997e+01
2.867377230628300566e+01
1.520304023476885824e+01
1.115415774188944908e+01
7.087582588553676288e+00
8.249803580506760881e+00
3.858302793476471759e+00
2.665785847253107299e+00
4.159252899930044656e+00
2.324951128859114480e+00
1.668727690216139647e+00
1.118986610227579837e+00
9.532121269567616073e-01
3.710465737868604563e-01
2.966241465543710820e-01
1.489254853621151953e-01
5.493163891969753132e-02
0.000000000000000000e+00
0.000000000000000000e+00
0.000000000000000000e+00
0.000000000000000000e+00
0.000000000000000000e+00
0.000000000000000000e+00
0.000000000000000000e+00
0.000000000000000000e+00
0.000000000000000000e+00
0.000000000000000000e+00
0.000000000000000000e+00
0.000000000000000000e+00
0.000000000000000000e+00
0.000000000000000000e+00
0.000000000000000000e+00
1.338054815040071732e+00
1.569263588154528577e+01
3.562314447110522764e+01
3.692146342466903519e+01
3.664328898762374109e+01
3.037815863434954622e+01
2.117777877150457755e+01
2.456467696720774896e+01
1.523294153771284698e+01
1.360272021005634713e+01
1.115415774188944908e+01
5.906318823794730832e+00
5.823390762710655366e+00
3.858302793476471759e+00
2.961984274725674826e+00
2.845804615741609478e+00
1.704964161163350589e+00
1.460136728939122275e+00
5.924046760028363057e-01
7.244412164871387727e-01
4.101041078696878728e-01
2.801450273013504355e-01
1.123044643714311286e-01
5.187988120193655350e-02
0.000000000000000000e+00
0.000000000000000000e+00
0.000000000000000000e+00
0.000000000000000000e+00
0.000000000000000000e+00
0.000000000000000000e+00
0.000000000000000000e+00
0.000000000000000000e+00
0.000000000000000000e+00
0.000000000000000000e+00
0.000000000000000000e+00
0.000000000000000000e+00
0.000000000000000000e+00
0.000000000000000000e+00
0.000000000000000000e+00
0.000000000000000000e+00
4.014164445120215419e+00
2.092351450872704888e+01
3.943990995015221301e+01
4.307504066211387794e+01
2.836899792590225289e+01
2.587769068851998355e+01
1.376555620147797576e+01
1.179104494425972049e+01
1.612899692228419113e+01
4.000800061781278671e+00
4.879944012076633975e+00
5.315686941415257216e+00
4.367543072032991525e+00
3.858302793476471759e+00
2.073388992307972245e+00
2.189080473647392111e+00
1.394970677315468865e+00
9.386593257465785101e-01
9.215183848933009569e-01
5.719272761740569200e-01
3.124602726626193316e-01
6.591647701208246113e-02
1.171872671701890134e-01
4.028320187444485445e-02
0.000000000000000000e+00
0.000000000000000000e+00
0.000000000000000000e+00
0.000000000000000000e+00
0.000000000000000000e+00
0.000000000000000000e+00
0.000000000000000000e+00
0.000000000000000000e+00
0.000000000000000000e+00
0.000000000000000000e+00
0.000000000000000000e+00
0.000000000000000000e+00
0.000000000000000000e+00
0.000000000000000000e+00
0.000000000000000000e+00
5.545905564856348668e+00
5.456307676005680563e+00
2.542304148576136313e+01
4.053930936065865609e+01
3.053412383237590788e+01
2.584502439726832534e+01
1.536654054319705409e+01
1.462652082394607866e+01
1.270666726290274795e+01
3.930348314753239869e+00
7.168443076570751415e+00
4.800960074137534228e+00
8.365618306417086814e+00
2.953159411897365416e+00
1.455847690677663842e+00
1.157490838042941617e+00
1.777190564835404718e+00
1.751264378917913644e+00
7.749837096197048636e-01
1.564432209577630850e+00
5.924046760028363057e-01
6.863127314088683928e-01
2.148164374555507905e-01
1.647911925302061598e-01
8.544904897826281764e-02
3.479003798247510409e-02
0.000000000000000000e+00
0.000000000000000000e+00
0.000000000000000000e+00
0.000000000000000000e+00
0.000000000000000000e+00
0.000000000000000000e+00
0.000000000000000000e+00
0.000000000000000000e+00
0.000000000000000000e+00
0.000000000000000000e+00
0.000000000000000000e+00
0.000000000000000000e+00
0.000000000000000000e+00
0.000000000000000000e+00
0.000000000000000000e+00
0.000000000000000000e+00
4.159429173642261723e+00
1.636892302801704346e+01
4.415580889632236961e+01
2.876983244949969176e+01
2.290059287428193002e+01
1.230715447488967840e+01
1.182041580245927292e+01
1.125116986457390666e+01
9.530000447177060963e+00
7.860696629506479738e+00
7.168443076570751415e+00
2.400480037068767114e+00
4.879944012076633975e+00
5.315686941415257216e+00
2.426412817796106403e+00
1.157490838042941617e+00
1.184793709890269886e+00
1.094540236823696056e+00
6.199869676957638909e-01
8.343638451080698237e-01
7.898729013371150742e-01
4.194133358609750672e-01
2.343452044969644987e-01
1.071142751446339941e-01
5.371083078633662883e-02
2.746581945984876566e-02
0.000000000000000000e+00
0.000000000000000000e+00
0.000000000000000000e+00
0.000000000000000000e+00
0.000000000000000000e+00
0.000000000000000000e+00
0.000000000000000000e+00
0.000000000000000000e+00
0.000000000000000000e+00
0.000000000000000000e+00
0.000000000000000000e+00
0.000000000000000000e+00
0.000000000000000000e+00
0.000000000000000000e+00
0.000000000000000000e+00
0.000000000000000000e+00
1.405830553902068791e+00
2.218362225942539467e+01
2.864561529902982429e+01
3.211331556096172335e+01
1.961579485193160721e+01
1.653931707587028299e+01
1.107643902740071162e+01
7.092249481475563222e+00
7.875818905201734665e+00
8.471111508601831375e+00
5.895522472129860247e+00
0.000000000000000000e+00
4.000800061781278671e+00
2.091404576604271703e+00
2.362527529517892244e+00
1.941130254236885122e+00
3.858302793476471870e-01
5.923968549451349430e-01
8.756321894589568222e-01
4.649902257718229182e-01
6.257728838310523400e-01
5.924046760028363057e-01
3.050278806261637055e-01
1.367013692898959576e-01
8.239559626510307988e-02
4.882802798757875096e-02
2.319335865498340157e-02
0.000000000000000000e+00
0.000000000000000000e+00
0.000000000000000000e+00
0.000000000000000000e+00
0.000000000000000000e+00
0.000000000000000000e+00
0.000000000000000000e+00
0.000000000000000000e+00
0.000000000000000000e+00
0.000000000000000000e+00
0.000000000000000000e+00
0.000000000000000000e+00
0.000000000000000000e+00
0.000000000000000000e+00
0.000000000000000000e+00
0.000000000000000000e+00
2.845238559429585923e+00
1.546413609292275737e+01
2.772952782428174245e+01
2.455338454202556164e+01
1.338054815040071688e+01
1.046175725436352444e+01
6.361275798411647031e+00
1.599930081735658227e+01
8.274291061721489982e+00
4.500467945829562666e+00
6.353333631451373975e+00
2.947761236064930124e+00
1.792110769142687854e+00
8.001600123562556677e-01
1.394269717736181136e+00
2.362527529517892244e+00
9.705651271184425610e-01
1.929151396738235880e+00
1.184793709890269886e+00
1.094540236823696056e+00
7.749837096197048636e-01
1.042954806385087280e-01
3.291137088904646513e-01
1.525139403130818527e-01
1.171726022484822494e-01
6.591647701208246113e-02
5.371083078633662883e-02
1.983642516544632806e-02
0.000000000000000000e+00
0.000000000000000000e+00
0.000000000000000000e+00
0.000000000000000000e+00
0.000000000000000000e+00
0.000000000000000000e+00
0.000000000000000000e+00
0.000000000000000000e+00
0.000000000000000000e+00
0.000000000000000000e+00
0.000000000000000000e+00
0.000000000000000000e+00
0.000000000000000000e+00
0.000000000000000000e+00
0.000000000000000000e+00
0.000000000000000000e+00
0.000000000000000000e+00
1.564881207686272191e+01
3.795742495535585448e+01
2.357009865063948340e+01
1.364076919001420052e+01
9.366383705280501459e+00
1.046175725436352444e+01
5.089020638729317980e+00
6.153577237444839199e+00
1.182041580245927204e+00
1.125116986457390666e+00
4.235555754300915687e+00
5.895522472129860247e+00
1.792110769142687854e+00
1.600320024712511335e+00
4.879944012076633975e+00
1.181263764758946122e+00
1.941130254236885122e+00
7.716605586952943741e-01
0.000000000000000000e+00
4.378160947294784111e-01
1.084977193467586698e+00
4.171819225540349119e-01
2.632909671123717099e-01
7.625697015654092636e-02
9.764383520706854114e-02
5.767691738557215175e-02
3.662102099068406669e-02
1.739501899123755205e-02
0.000000000000000000e+00
0.000000000000000000e+00
0.000000000000000000e+00
0.000000000000000000e+00
0.000000000000000000e+00
0.000000000000000000e+00
0.000000000000000000e+00
0.000000000000000000e+00
0.000000000000000000e+00
0.000000000000000000e+00
0.000000000000000000e+00
0.000000000000000000e+00
0.000000000000000000e+00
0.000000000000000000e+00
0.000000000000000000e+00
1.461243764860584493e+00
0.000000000000000000e+00
1.006068327345037083e+01
2.560714703486627286e+01
1.968162775462896263e+01
2.495657504185356856e+01
1.500484610901562199e+01
6.690274075200358439e+00
5.230878627181762219e+00
5.089020638729317980e+00
2.461430894977935768e+00
1.182041580245927204e+00
2.250233972914781333e+00
3.176666815725686988e+00
1.965174157376619934e+00
1.792110769142687854e+00
8.001600123562556677e-01
2.788539435472362271e+00
0.000000000000000000e+00
1.941130254236885122e+00
3.858302793476471870e-01
8.885952824177023590e-01
2.189080473647392056e-01
3.099934838478819454e-01
5.214774031925436537e-01
2.632909671123717099e-01
3.812848507827046318e-01
1.367013692898959576e-01
8.239559626510307988e-02
3.173821819192618882e-02
1.464843704525267340e-02
0.000000000000000000e+00
0.000000000000000000e+00
0.000000000000000000e+00
0.000000000000000000e+00
0.000000000000000000e+00
0.000000000000000000e+00
0.000000000000000000e+00
0.000000000000000000e+00
0.000000000000000000e+00
0.000000000000000000e+00
0.000000000000000000e+00
0.000000000000000000e+00
0.000000000000000000e+00
0.000000000000000000e+00
0.000000000000000000e+00
0.000000000000000000e+00
0.000000000000000000e+00
5.800096013110500159e+00
2.730756888507957925e+01
2.560714703486627286e+01
8.434983323412412304e+00
1.109181112971269734e+01
8.184461514008521732e+00
4.014164445120215419e+00
5.230878627181762219e+00
1.272255159682329495e+00
1.230715447488967884e+00
1.182041580245927204e+00
1.125116986457390666e+00
1.058888938575228922e+00
1.965174157376619934e+00
8.960553845713439269e-01
0.000000000000000000e+00
2.091404576604271703e+00
0.000000000000000000e+00
0.000000000000000000e+00
7.716605586952943741e-01
8.885952824177023590e-01
4.378160947294784111e-01
1.549967419239409727e-01
0.000000000000000000e+00
1.974682253342787686e-01
3.812848507827046318e-02
1.757589033727233740e-01
3.295823850604123056e-02
2.441401399378937548e-02
1.281738241459609053e-02
0.000000000000000000e+00
0.000000000000000000e+00
0.000000000000000000e+00
0.000000000000000000e+00
0.000000000000000000e+00
0.000000000000000000e+00
0.000000000000000000e+00
0.000000000000000000e+00
0.000000000000000000e+00
0.000000000000000000e+00
0.000000000000000000e+00
0.000000000000000000e+00
0.000000000000000000e+00
0.000000000000000000e+00
0.000000000000000000e+00
0.000000000000000000e+00
0.000000000000000000e+00
2.922487529721168986e+00
2.320038405244200064e+01
1.724688561162920664e+01
9.958334958003550952e+00
1.124664443121655033e+01
6.932381956070435614e+00
2.728153838002840281e+00
1.338054815040071732e+00
3.923158970386321442e+00
1.272255159682329495e+00
0.000000000000000000e+00
1.182041580245927204e+00
0.000000000000000000e+00
2.117777877150457844e+00
9.825870786883099672e-01
0.000000000000000000e+00
1.600320024712511335e+00
0.000000000000000000e+00
5.906318823794730610e-01
4.852825635592212805e-01
1.543321117390588748e+00
2.961984274725674715e-01
2.189080473647392056e-01
0.000000000000000000e+00
0.000000000000000000e+00
2.632909671123717099e-01
7.625697015654092636e-02
3.905753408282741646e-02
2.471867887953092119e-02
1.464840839627362667e-02
7.019042750850240132e-03
0.000000000000000000e+00
0.000000000000000000e+00
0.000000000000000000e+00
0.000000000000000000e+00
0.000000000000000000e+00
0.000000000000000000e+00
0.000000000000000000e+00
0.000000000000000000e+00
0.000000000000000000e+00
0.000000000000000000e+00
0.000000000000000000e+00
0.000000000000000000e+00
0.000000000000000000e+00
0.000000000000000000e+00
0.000000000000000000e+00
0.000000000000000000e+00
0.000000000000000000e+00
2.942255348607469401e+00
1.022870635402409079e+01
1.450024003277625084e+01
7.186202338178836690e+00
7.113096398573964585e+00
7.029152769510344179e+00
4.159429173642261723e+00
0.000000000000000000e+00
4.014164445120215419e+00
0.000000000000000000e+00
0.000000000000000000e+00
1.230715447488967884e+00
1.182041580245927204e+00
1.125116986457390666e+00
1.058888938575228922e+00
0.000000000000000000e+00
8.960553845713439269e-01
1.600320024712511335e+00
0.000000000000000000e+00
0.000000000000000000e+00
0.000000000000000000e+00
3.858302793476471870e-01
0.000000000000000000e+00
4.378160947294784111e-01
1.549967419239409727e-01
2.085909612770174559e-01
6.582274177809292748e-02
1.143854552348113895e-01
3.905753408282741646e-02
4.119779813255153994e-02
1.464840839627362667e-02
7.019042750850240132e-03
0.000000000000000000e+00
0.000000000000000000e+00
0.000000000000000000e+00
0.000000000000000000e+00
0.000000000000000000e+00
0.000000000000000000e+00
0.000000000000000000e+00
0.000000000000000000e+00
0.000000000000000000e+00
0.000000000000000000e+00
0.000000000000000000e+00
0.000000000000000000e+00
0.000000000000000000e+00
0.000000000000000000e+00
0.000000000000000000e+00
0.000000000000000000e+00
1.487618036407947875e+00
2.959731964091544931e+00
1.912465976594855022e+01
1.315119388374526110e+01
4.350072009832874897e+00
1.437240467635767294e+00
1.422619279714792961e+00
2.811661107804137583e+00
2.772952782428174334e+00
1.364076919001420141e+00
2.676109630080143464e+00
0.000000000000000000e+00
0.000000000000000000e+00
1.230715447488967884e+00
1.182041580245927204e+00
1.125116986457390666e+00
2.117777877150457844e+00
9.825870786883099672e-01
0.000000000000000000e+00
8.001600123562556677e-01
6.971348588680905678e-01
5.906318823794730610e-01
0.000000000000000000e+00
0.000000000000000000e+00
8.885952824177023590e-01
2.189080473647392056e-01
1.549967419239409727e-01
2.085909612770174559e-01
0.000000000000000000e+00
1.525139403130818527e-01
1.952876704141370823e-02
2.471867887953092119e-02
9.765605597515750538e-03
6.103515435521947828e-03
0.000000000000000000e+00
0.000000000000000000e+00
0.000000000000000000e+00
0.000000000000000000e+00
0.000000000000000000e+00
0.000000000000000000e+00
0.000000000000000000e+00
0.000000000000000000e+00
0.000000000000000000e+00
0.000000000000000000e+00
0.000000000000000000e+00
0.000000000000000000e+00
0.000000000000000000e+00
0.000000000000000000e+00
0.000000000000000000e+00
0.000000000000000000e+00
1.494517789827305210e+00
4.462854109223843402e+00
4.439597946137316953e+00
1.029789372012614379e+01
2.922487529721168986e+00
7.250120016388125421e+00
2.874480935271534587e+00
2.845238559429585923e+00
1.405830553902068791e+00
0.000000000000000000e+00
0.000000000000000000e+00
0.000000000000000000e+00
0.000000000000000000e+00
0.000000000000000000e+00
1.230715447488967884e+00
0.000000000000000000e+00
0.000000000000000000e+00
1.058888938575228922e+00
0.000000000000000000e+00
0.000000000000000000e+00
0.000000000000000000e+00
6.971348588680905678e-01
0.000000000000000000e+00
0.000000000000000000e+00
7.716605586952943741e-01
2.961984274725674715e-01
0.000000000000000000e+00
1.549967419239409727e-01
0.000000000000000000e+00
6.582274177809292748e-02
1.525139403130818527e-01
3.905753408282741646e-02
2.471867887953092119e-02
4.882802798757875269e-03
5.798339663745850393e-03
0.000000000000000000e+00
0.000000000000000000e+00
0.000000000000000000e+00
0.000000000000000000e+00
0.000000000000000000e+00
0.000000000000000000e+00
0.000000000000000000e+00
0.000000000000000000e+00
0.000000000000000000e+00
0.000000000000000000e+00
0.000000000000000000e+00
0.000000000000000000e+00
0.000000000000000000e+00
0.000000000000000000e+00
0.000000000000000000e+00
0.000000000000000000e+00
0.000000000000000000e+00
8.967106738963831702e+00
1.338856232767153109e+01
1.331879383841195263e+01
4.413383022911204101e+00
0.000000000000000000e+00
0.000000000000000000e+00
1.437240467635767294e+00
0.000000000000000000e+00
0.000000000000000000e+00
1.386476391214087167e+00
0.000000000000000000e+00
0.000000000000000000e+00
1.307719656795440555e+00
0.000000000000000000e+00
1.230715447488967884e+00
1.182041580245927204e+00
2.250233972914781333e+00
0.000000000000000000e+00
0.000000000000000000e+00
0.000000000000000000e+00
0.000000000000000000e+00
0.000000000000000000e+00
5.906318823794730610e-01
0.000000000000000000e+00
0.000000000000000000e+00
0.000000000000000000e+00
0.000000000000000000e+00
0.000000000000000000e+00
0.000000000000000000e+00
6.582274177809292748e-02
3.812848507827046318e-02
1.952876704141370823e-02
4.943735775906184238e-02
1.708980979565256214e-02
3.967285033089265785e-03
0.000000000000000000e+00
0.000000000000000000e+00
0.000000000000000000e+00
0.000000000000000000e+00
0.000000000000000000e+00
0.000000000000000000e+00
0.000000000000000000e+00
0.000000000000000000e+00
0.000000000000000000e+00
0.000000000000000000e+00
0.000000000000000000e+00
0.000000000000000000e+00
0.000000000000000000e+00
0.000000000000000000e+00
0.000000000000000000e+00
0.000000000000000000e+00
0.000000000000000000e+00
1.500678269864276437e+00
1.494517789827305165e+01
1.190094429126358300e+01
4.439597946137316953e+00
0.000000000000000000e+00
1.461243764860584493e+00
5.800096013110500159e+00
1.437240467635767294e+00
0.000000000000000000e+00
1.405830553902068791e+00
2.772952782428174334e+00
1.364076919001420141e+00
1.338054815040071732e+00
1.307719656795440555e+00
0.000000000000000000e+00
1.230715447488967884e+00
0.000000000000000000e+00
0.000000000000000000e+00
0.000000000000000000e+00
9.825870786883099672e-01
0.000000000000000000e+00
0.000000000000000000e+00
1.394269717736181136e+00
0.000000000000000000e+00
0.000000000000000000e+00
0.000000000000000000e+00
0.000000000000000000e+00
2.189080473647392056e-01
0.000000000000000000e+00
0.000000000000000000e+00
6.582274177809292748e-02
0.000000000000000000e+00
3.905753408282741646e-02
3.295823850604123056e-02
2.197261259441044001e-02
3.356933489537071349e-03
0.000000000000000000e+00
0.000000000000000000e+00
0.000000000000000000e+00
0.000000000000000000e+00
0.000000000000000000e+00
0.000000000000000000e+00
0.000000000000000000e+00
0.000000000000000000e+00
0.000000000000000000e+00
0.000000000000000000e+00
0.000000000000000000e+00
0.000000000000000000e+00
0.000000000000000000e+00
0.000000000000000000e+00
0.000000000000000000e+00
0.000000000000000000e+00
0.000000000000000000e+00
6.024780839914305020e+00
7.503391349321382187e+00
1.046162452879113580e+01
4.462854109223843402e+00
5.919463928183089863e+00
1.471127674303734700e+00
1.461243764860584493e+00
0.000000000000000000e+00
1.437240467635767294e+00
1.422619279714792961e+00
0.000000000000000000e+00
0.000000000000000000e+00
0.000000000000000000e+00
0.000000000000000000e+00
2.615439313590881110e+00
1.272255159682329495e+00
0.000000000000000000e+00
1.182041580245927204e+00
0.000000000000000000e+00
0.000000000000000000e+00
1.965174157376619934e+00
0.000000000000000000e+00
0.000000000000000000e+00
0.000000000000000000e+00
5.906318823794730610e-01
0.000000000000000000e+00
0.000000000000000000e+00
0.000000000000000000e+00
2.189080473647392056e-01
0.000000000000000000e+00
0.000000000000000000e+00
6.582274177809292748e-02
0.000000000000000000e+00
7.811506816565483291e-02
3.295823850604123056e-02
7.324204198136813337e-03
1.831054630656584175e-03
0.000000000000000000e+00
0.000000000000000000e+00
0.000000000000000000e+00
0.000000000000000000e+00
0.000000000000000000e+00
0.000000000000000000e+00
0.000000000000000000e+00
0.000000000000000000e+00
0.000000000000000000e+00
0.000000000000000000e+00
0.000000000000000000e+00
0.000000000000000000e+00
0.000000000000000000e+00
0.000000000000000000e+00
0.000000000000000000e+00
0.000000000000000000e+00
0.000000000000000000e+00
1.511150001924220776e+00
3.012390419957152510e+00
6.002713079457105749e+00
5.978071159309220839e+00
2.975236072815895749e+00
0.000000000000000000e+00
0.000000000000000000e+00
0.000000000000000000e+00
1.450024003277625040e+00
0.000000000000000000e+00
0.000000000000000000e+00
1.405830553902068791e+00
0.000000000000000000e+00
0.000000000000000000e+00
0.000000000000000000e+00
0.000000000000000000e+00
1.272255159682329495e+00
1.230715447488967884e+00
0.000000000000000000e+00
0.000000000000000000e+00
0.000000000000000000e+00
0.000000000000000000e+00
0.000000000000000000e+00
0.000000000000000000e+00
0.000000000000000000e+00
0.000000000000000000e+00
4.852825635592212805e-01
3.858302793476471870e-01
2.961984274725674715e-01
0.000000000000000000e+00
0.000000000000000000e+00
0.000000000000000000e+00
0.000000000000000000e+00
3.812848507827046318e-02
1.952876704141370823e-02
1.647911925302061528e-02
2.441401399378937635e-03
3.051757717760973914e-03
0.000000000000000000e+00
0.000000000000000000e+00
0.000000000000000000e+00
0.000000000000000000e+00
0.000000000000000000e+00
0.000000000000000000e+00
0.000000000000000000e+00
0.000000000000000000e+00
0.000000000000000000e+00
0.000000000000000000e+00
0.000000000000000000e+00
0.000000000000000000e+00
0.000000000000000000e+00
0.000000000000000000e+00
0.000000000000000000e+00
0.000000000000000000e+00
0.000000000000000000e+00
1.515612101736341533e+00
7.555750009621103658e+00
7.530976049892881719e+00
0.000000000000000000e+00
1.494517789827305210e+00
1.487618036407947875e+00
0.000000000000000000e+00
4.413383022911204101e+00
0.000000000000000000e+00
1.450024003277625040e+00
0.000000000000000000e+00
1.422619279714792961e+00
0.000000000000000000e+00
0.000000000000000000e+00
0.000000000000000000e+00
0.000000000000000000e+00
0.000000000000000000e+00
0.000000000000000000e+00
0.000000000000000000e+00
1.182041580245927204e+00
0.000000000000000000e+00
0.000000000000000000e+00
9.825870786883099672e-01
0.000000000000000000e+00
8.001600123562556677e-01
0.000000000000000000e+00
0.000000000000000000e+00
0.000000000000000000e+00
0.000000000000000000e+00
0.000000000000000000e+00
0.000000000000000000e+00
0.000000000000000000e+00
2.085909612770174559e-01
0.000000000000000000e+00
0.000000000000000000e+00
1.952876704141370823e-02
1.647911925302061528e-02
4.882802798757875269e-03
1.220703087104389522e-03
0.000000000000000000e+00
0.000000000000000000e+00
0.000000000000000000e+00
0.000000000000000000e+00
0.000000000000000000e+00
0.000000000000000000e+00
0.000000000000000000e+00
0.000000000000000000e+00
0.000000000000000000e+00
0.000000000000000000e+00
0.000000000000000000e+00
0.000000000000000000e+00
0.000000000000000000e+00
0.000000000000000000e+00
0.000000000000000000e+00
0.000000000000000000e+00
0.000000000000000000e+00
0.000000000000000000e+00
3.031224203472683065e+00
4.533450005772662550e+00
4.518585629935728321e+00
1.500678269864276437e+00
0.000000000000000000e+00
1.487618036407947875e+00
1.479865982045772466e+00
0.000000000000000000e+00
0.000000000000000000e+00
0.000000000000000000e+00
0.000000000000000000e+00
1.422619279714792961e+00
0.000000000000000000e+00
0.000000000000000000e+00
0.000000000000000000e+00
0.000000000000000000e+00
0.000000000000000000e+00
1.272255159682329495e+00
0.000000000000000000e+00
0.000000000000000000e+00
0.000000000000000000e+00
0.000000000000000000e+00
9.825870786883099672e-01
0.000000000000000000e+00
0.000000000000000000e+00
0.000000000000000000e+00
0.000000000000000000e+00
0.000000000000000000e+00
0.000000000000000000e+00
0.000000000000000000e+00
0.000000000000000000e+00
3.099934838478819454e-01
0.000000000000000000e+00
0.000000000000000000e+00
0.000000000000000000e+00
1.952876704141370823e-02
0.000000000000000000e+00
4.882802798757875269e-03
1.525878858880486957e-03
0.000000000000000000e+00
0.000000000000000000e+00
0.000000000000000000e+00
0.000000000000000000e+00
0.000000000000000000e+00
0.000000000000000000e+00
0.000000000000000000e+00
0.000000000000000000e+00
0.000000000000000000e+00
0.000000000000000000e+00
0.000000000000000000e+00
0.000000000000000000e+00
0.000000000000000000e+00
0.000000000000000000e+00
0.000000000000000000e+00
0.000000000000000000e+00
0.000000000000000000e+00
0.000000000000000000e+00
6.078563983201253684e+00
6.062448406945366131e+00
0.000000000000000000e+00
1.506195209978576255e+00
0.000000000000000000e+00
0.000000000000000000e+00
1.487618036407947875e+00
0.000000000000000000e+00
0.000000000000000000e+00
1.461243764860584493e+00
0.000000000000000000e+00
0.000000000000000000e+00
0.000000000000000000e+00
0.000000000000000000e+00
0.000000000000000000e+00
0.000000000000000000e+00
0.000000000000000000e+00
0.000000000000000000e+00
0.000000000000000000e+00
1.230715447488967884e+00
0.000000000000000000e+00
0.000000000000000000e+00
0.000000000000000000e+00
0.000000000000000000e+00
0.000000000000000000e+00
0.000000000000000000e+00
6.971348588680905678e-01
5.906318823794730610e-01
0.000000000000000000e+00
0.000000000000000000e+00
0.000000000000000000e+00
2.189080473647392056e-01
1.549967419239409727e-01
1.042954806385087280e-01
0.000000000000000000e+00
0.000000000000000000e+00
0.000000000000000000e+00
1.647911925302061528e-02
4.882802798757875269e-03
6.103515435521947611e-04
0.000000000000000000e+00
0.000000000000000000e+00
0.000000000000000000e+00
0.000000000000000000e+00
0.000000000000000000e+00
0.000000000000000000e+00
0.000000000000000000e+00
0.000000000000000000e+00
0.000000000000000000e+00
0.000000000000000000e+00
0.000000000000000000e+00
0.000000000000000000e+00
0.000000000000000000e+00
0.000000000000000000e+00
0.000000000000000000e+00
0.000000000000000000e+00
0.000000000000000000e+00
0.000000000000000000e+00
7.616439062137052574e+00
0.000000000000000000e+00
1.515612101736341533e+00
0.000000000000000000e+00
3.012390419957152510e+00
0.000000000000000000e+00
0.000000000000000000e+00
0.000000000000000000e+00
0.000000000000000000e+00
0.000000000000000000e+00
0.000000000000000000e+00
0.000000000000000000e+00
0.000000000000000000e+00
0.000000000000000000e+00
1.405830553902068791e+00
0.000000000000000000e+00
0.000000000000000000e+00
0.000000000000000000e+00
0.000000000000000000e+00
0.000000000000000000e+00
0.000000000000000000e+00
0.000000000000000000e+00
0.000000000000000000e+00
0.000000000000000000e+00
0.000000000000000000e+00
0.000000000000000000e+00
0.000000000000000000e+00
0.000000000000000000e+00
0.000000000000000000e+00
0.000000000000000000e+00
0.000000000000000000e+00
0.000000000000000000e+00
0.000000000000000000e+00
0.000000000000000000e+00
1.042954806385087280e-01
0.000000000000000000e+00
0.000000000000000000e+00
1.952876704141370823e-02
0.000000000000000000e+00
4.882802798757875269e-03
1.525878858880486957e-03
0.000000000000000000e+00
0.000000000000000000e+00
0.000000000000000000e+00
0.000000000000000000e+00
0.000000000000000000e+00
0.000000000000000000e+00
0.000000000000000000e+00
0.000000000000000000e+00
0.000000000000000000e+00
0.000000000000000000e+00
0.000000000000000000e+00
0.000000000000000000e+00
0.000000000000000000e+00
0.000000000000000000e+00
0.000000000000000000e+00
0.000000000000000000e+00
0.000000000000000000e+00
1.529605657132143248e+00
4.579789941790400221e+00
4.569863437282231544e+00
1.519640995800313421e+00
1.515612101736341533e+00
0.000000000000000000e+00
0.000000000000000000e+00
0.000000000000000000e+00
0.000000000000000000e+00
0.000000000000000000e+00
0.000000000000000000e+00
0.000000000000000000e+00
0.000000000000000000e+00
0.000000000000000000e+00
0.000000000000000000e+00
0.000000000000000000e+00
0.000000000000000000e+00
0.000000000000000000e+00
1.364076919001420141e+00
0.000000000000000000e+00
0.000000000000000000e+00
0.000000000000000000e+00
0.000000000000000000e+00
0.000000000000000000e+00
0.000000000000000000e+00
0.000000000000000000e+00
0.000000000000000000e+00
0.000000000000000000e+00
0.000000000000000000e+00
0.000000000000000000e+00
0.000000000000000000e+00
0.000000000000000000e+00
0.000000000000000000e+00
2.961984274725674715e-01
0.000000000000000000e+00
0.000000000000000000e+00
1.042954806385087280e-01
0.000000000000000000e+00
7.625697015654092636e-02
0.000000000000000000e+00
0.000000000000000000e+00
0.000000000000000000e+00
1.525878858880486957e-03
0.000000000000000000e+00
0.000000000000000000e+00
0.000000000000000000e+00
0.000000000000000000e+00
0.000000000000000000e+00
0.000000000000000000e+00
0.000000000000000000e+00
0.000000000000000000e+00
0.000000000000000000e+00
0.000000000000000000e+00
0.000000000000000000e+00
0.000000000000000000e+00
0.000000000000000000e+00
0.000000000000000000e+00
0.000000000000000000e+00
0.000000000000000000e+00
0.000000000000000000e+00
0.000000000000000000e+00
1.529605657132143248e+00
3.053193294526933776e+00
3.046575624854821029e+00
0.000000000000000000e+00
0.000000000000000000e+00
0.000000000000000000e+00
0.000000000000000000e+00
0.000000000000000000e+00
0.000000000000000000e+00
1.487618036407947875e+00
0.000000000000000000e+00
0.000000000000000000e+00
0.000000000000000000e+00
0.000000000000000000e+00
0.000000000000000000e+00
0.000000000000000000e+00
0.000000000000000000e+00
0.000000000000000000e+00
0.000000000000000000e+00
0.000000000000000000e+00
0.000000000000000000e+00
0.000000000000000000e+00
0.000000000000000000e+00
0.000000000000000000e+00
0.000000000000000000e+00
0.000000000000000000e+00
0.000000000000000000e+00
0.000000000000000000e+00
0.000000000000000000e+00
0.000000000000000000e+00
0.000000000000000000e+00
0.000000000000000000e+00
3.858302793476471870e-01
0.000000000000000000e+00
2.189080473647392056e-01
0.000000000000000000e+00
1.042954806385087280e-01
0.000000000000000000e+00
0.000000000000000000e+00
1.952876704141370823e-02
0.000000000000000000e+00
2.441401399378937635e-03
1.525878858880486957e-03
0.000000000000000000e+00
0.000000000000000000e+00
0.000000000000000000e+00
0.000000000000000000e+00
0.000000000000000000e+00
0.000000000000000000e+00
0.000000000000000000e+00
0.000000000000000000e+00
0.000000000000000000e+00
0.000000000000000000e+00
0.000000000000000000e+00
0.000000000000000000e+00
0.000000000000000000e+00
0.000000000000000000e+00
0.000000000000000000e+00
0.000000000000000000e+00
0.000000000000000000e+00
0.000000000000000000e+00
9.194087795802392549e+00
3.059211314264286496e+00
0.000000000000000000e+00
0.000000000000000000e+00
0.000000000000000000e+00
3.031224203472683065e+00
0.000000000000000000e+00
0.000000000000000000e+00
0.000000000000000000e+00
0.000000000000000000e+00
0.000000000000000000e+00
0.000000000000000000e+00
0.000000000000000000e+00
0.000000000000000000e+00
0.000000000000000000e+00
0.000000000000000000e+00
0.000000000000000000e+00
0.000000000000000000e+00
0.000000000000000000e+00
0.000000000000000000e+00
1.338054815040071732e+00
0.000000000000000000e+00
0.000000000000000000e+00
0.000000000000000000e+00
0.000000000000000000e+00
0.000000000000000000e+00
0.000000000000000000e+00
0.000000000000000000e+00
0.000000000000000000e+00
0.000000000000000000e+00
0.000000000000000000e+00
0.000000000000000000e+00
0.000000000000000000e+00
0.000000000000000000e+00
0.000000000000000000e+00
0.000000000000000000e+00
1.549967419239409727e-01
0.000000000000000000e+00
0.000000000000000000e+00
3.812848507827046318e-02
0.000000000000000000e+00
1.647911925302061528e-02
0.000000000000000000e+00
9.155273153282920875e-04
0.000000000000000000e+00
0.000000000000000000e+00
0.000000000000000000e+00
0.000000000000000000e+00
0.000000000000000000e+00
0.000000000000000000e+00
0.000000000000000000e+00
0.000000000000000000e+00
0.000000000000000000e+00
0.000000000000000000e+00
0.000000000000000000e+00
0.000000000000000000e+00
0.000000000000000000e+00
0.000000000000000000e+00
0.000000000000000000e+00
0.000000000000000000e+00
0.000000000000000000e+00
0.000000000000000000e+00
4.604557253353314117e+00
0.000000000000000000e+00
0.000000000000000000e+00
0.000000000000000000e+00
0.000000000000000000e+00
0.000000000000000000e+00
0.000000000000000000e+00
0.000000000000000000e+00
0.000000000000000000e+00
0.000000000000000000e+00
0.000000000000000000e+00
0.000000000000000000e+00
0.000000000000000000e+00
0.000000000000000000e+00
0.000000000000000000e+00
0.000000000000000000e+00
1.437240467635767294e+00
0.000000000000000000e+00
0.000000000000000000e+00
0.000000000000000000e+00
0.000000000000000000e+00
0.000000000000000000e+00
0.000000000000000000e+00
0.000000000000000000e+00
1.230715447488967884e+00
0.000000000000000000e+00
0.000000000000000000e+00
0.000000000000000000e+00
0.000000000000000000e+00
0.000000000000000000e+00
0.000000000000000000e+00
0.000000000000000000e+00
5.906318823794730610e-01
0.000000000000000000e+00
0.000000000000000000e+00
0.000000000000000000e+00
0.000000000000000000e+00
0.000000000000000000e+00
0.000000000000000000e+00
0.000000000000000000e+00
0.000000000000000000e+00
0.000000000000000000e+00
8.239559626510307641e-03
0.000000000000000000e+00
0.000000000000000000e+00
0.000000000000000000e+00
0.000000000000000000e+00
0.000000000000000000e+00
0.000000000000000000e+00
0.000000000000000000e+00
0.000000000000000000e+00
0.000000000000000000e+00
0.000000000000000000e+00
0.000000000000000000e+00
0.000000000000000000e+00
0.000000000000000000e+00
0.000000000000000000e+00
0.000000000000000000e+00
0.000000000000000000e+00
0.000000000000000000e+00
0.000000000000000000e+00
0.000000000000000000e+00
0.000000000000000000e+00
3.074288409476952033e+00
1.534852417784438039e+00
3.064695931934130702e+00
0.000000000000000000e+00
0.000000000000000000e+00
1.523287812427410515e+00
0.000000000000000000e+00
0.000000000000000000e+00
0.000000000000000000e+00
0.000000000000000000e+00
0.000000000000000000e+00
0.000000000000000000e+00
0.000000000000000000e+00
0.000000000000000000e+00
0.000000000000000000e+00
0.000000000000000000e+00
0.000000000000000000e+00
0.000000000000000000e+00
0.000000000000000000e+00
0.000000000000000000e+00
0.000000000000000000e+00
0.000000000000000000e+00
0.000000000000000000e+00
0.000000000000000000e+00
0.000000000000000000e+00
0.000000000000000000e+00
0.000000000000000000e+00
0.000000000000000000e+00
0.000000000000000000e+00
0.000000000000000000e+00
0.000000000000000000e+00
0.000000000000000000e+00
0.000000000000000000e+00
0.000000000000000000e+00
0.000000000000000000e+00
0.000000000000000000e+00
0.000000000000000000e+00
0.000000000000000000e+00
1.549967419239409727e-01
0.000000000000000000e+00
0.000000000000000000e+00
3.812848507827046318e-02
0.000000000000000000e+00
8.239559626510307641e-03
0.000000000000000000e+00
6.103515435521947611e-04
0.000000000000000000e+00
