# pd_vector
0.000000000000000000e+00
0.000000000000000000e+00
0.000000000000000000e+00
0.000000000000000000e+00
0.000000000000000000e+00
0.000000000000000000e+00
0.000000000000000000e+00
0.000000000000000000e+00
0.000000000000000000e+00
0.000000000000000000e+00
0.000000000000000000e+00
0.000000000000000000e+00
0.000000000000000000e+00
3.356933489537071349e-03
0.000000000000000000e+00
0.000000000000000000e+00
0.000000000000000000e+00
0.000000000000000000e+00
0.000000000000000000e+00
2.655029214452047162e-02
0.000000000000000000e+00
0.000000000000000000e+00
0.000000000000000000e+00
0.000000000000000000e+00
0.000000000000000000e+00
0.000000000000000000e+00
2.581787029225783847e-01
0.000000000000000000e+00
0.000000000000000000e+00
0.000000000000000000e+00
0.000000000000000000e+00
0.000000000000000000e+00
0.000000000000000000e+00
0.000000000000000000e+00
1.304016072799264014e+00
0.000000000000000000e+00
0.000000000000000000e+00
0.000000000000000000e+00
0.000000000000000000e+00
0.000000000000000000e+00
0.000000000000000000e+00
0.000000000000000000e+00
2.197261259441044001e-01
7.574462655482737006e+00
0.000000000000000000e+00
0.000000000000000000e+00
0.000000000000000000e+00
0.000000000000000000e+00
0.000000000000000000e+00
0.000000000000000000e+00
0.000000000000000000e+00
0.000000000000000000e+00
2.844232630276462448e+00
1.243469199678886383e+01
0.000000000000000000e+00
0.000000000000000000e+00
0.000000000000000000e+00
0.000000000000000000e+00
0.000000000000000000e+00
0.000000000000000000e+00
0.000000000000000000e+00
0.000000000000000000e+00
4.366966602050463275e-01
7.604965359065390729e+00
1.032928434730556866e+01
0.000000000000000000e+00
0.000000000000000000e+00
0.000000000000000000e+00
0.000000000000000000e+00
0.000000000000000000e+00
0.000000000000000000e+00
0.000000000000000000e+00
0.000000000000000000e+00
1.171726022484822494e-01
2.826168951893035519e+00
7.324204198136812671e+00
9.534606637600610668e+00
0.000000000000000000e+00
0.000000000000000000e+00
0.000000000000000000e+00
0.000000000000000000e+00
0.000000000000000000e+00
0.000000000000000000e+00
0.000000000000000000e+00
0.000000000000000000e+00
0.000000000000000000e+00
1.347484925857545868e+00
5.207401683954514304e+00
9.626445717751151321e+00
8.893737516870805493e+00
0.000000000000000000e+00
0.000000000000000000e+00
0.000000000000000000e+00
0.000000000000000000e+00
0.000000000000000000e+00
0.000000000000000000e+00
0.000000000000000000e+00
0.000000000000000000e+00
0.000000000000000000e+00
3.812848507827046318e-01
2.655912317632264319e+00
9.491972689739874625e+00
1.189206621637480588e+01
7.884216063835475907e+00
0.000000000000000000e+00
0.000000000000000000e+00
0.000000000000000000e+00
0.000000000000000000e+00
0.000000000000000000e+00
0.000000000000000000e+00
0.000000000000000000e+00
0.000000000000000000e+00
0.000000000000000000e+00
6.582274177809292748e-02
1.296368492661195804e+00
7.694334214317001042e+00
1.441098978676652820e+01
1.251950637601519212e+01
6.976928494345138176e+00
0.000000000000000000e+00
0.000000000000000000e+00
0.000000000000000000e+00
0.000000000000000000e+00
0.000000000000000000e+00
0.000000000000000000e+00
0.000000000000000000e+00
0.000000000000000000e+00
0.000000000000000000e+00
0.000000000000000000e+00
5.924046760028363057e-01
5.147345485566512835e+00
1.314286021887142653e+01
1.800343778392502259e+01
1.230466305286984507e+01
5.885009582930261551e+00
0.000000000000000000e+00
0.000000000000000000e+00
0.000000000000000000e+00
0.000000000000000000e+00
0.000000000000000000e+00
0.000000000000000000e+00
0.000000000000000000e+00
0.000000000000000000e+00
0.000000000000000000e+00
0.000000000000000000e+00
3.128864419155261700e-01
3.356959830682739288e+00
1.193421582949865467e+01
2.118871223993387432e+01
1.869556079255188763e+01
1.099363050140335574e+01
4.957885588274478117e+00
0.000000000000000000e+00
0.000000000000000000e+00
0.000000000000000000e+00
0.000000000000000000e+00
0.000000000000000000e+00
0.000000000000000000e+00
0.000000000000000000e+00
0.000000000000000000e+00
0.000000000000000000e+00
0.000000000000000000e+00
0.000000000000000000e+00
2.190205093408683190e+00
1.039999320093868285e+01
2.222890680063168034e+01
2.431331496656006763e+01
1.777273011438273187e+01
9.792461012908919571e+00
4.004211301474173368e+00
0.000000000000000000e+00
0.000000000000000000e+00
0.000000000000000000e+00
0.000000000000000000e+00
0.000000000000000000e+00
0.000000000000000000e+00
0.000000000000000000e+00
0.000000000000000000e+00
0.000000000000000000e+00
0.000000000000000000e+00
0.000000000000000000e+00
1.239973935391527782e+00
9.386593257465785101e+00
2.376200978189154611e+01
3.012150321183366586e+01
2.659818071040547238e+01
1.686637855546659992e+01
8.022444998359189228e+00
3.243102926664586771e+00
0.000000000000000000e+00
0.000000000000000000e+00
0.000000000000000000e+00
0.000000000000000000e+00
0.000000000000000000e+00
0.000000000000000000e+00
0.000000000000000000e+00
0.000000000000000000e+00
0.000000000000000000e+00
0.000000000000000000e+00
0.000000000000000000e+00
0.000000000000000000e+00
5.889876193109756741e+00
2.127627805025577956e+01
3.363542104860548676e+01
3.301926807778222184e+01
2.419614236431158361e+01
1.415556343834470887e+01
6.603990785320026369e+00
2.608337321370304274e+00
0.000000000000000000e+00
0.000000000000000000e+00
0.000000000000000000e+00
0.000000000000000000e+00
0.000000000000000000e+00
0.000000000000000000e+00
0.000000000000000000e+00
0.000000000000000000e+00
0.000000000000000000e+00
0.000000000000000000e+00
0.000000000000000000e+00
2.961984274725674715e-01
4.159252899930044656e+00
1.844461228894897431e+01
3.566905437836998516e+01
4.100756812775189530e+01
3.351493838379973766e+01
2.171598895005204355e+01
1.184024718329531289e+01
5.539539775190809756e+00
2.089233333579162633e+00
0.000000000000000000e+00
0.000000000000000000e+00
0.000000000000000000e+00
0.000000000000000000e+00
0.000000000000000000e+00
0.000000000000000000e+00
0.000000000000000000e+00
0.000000000000000000e+00
0.000000000000000000e+00
0.000000000000000000e+00
0.000000000000000000e+00
7.716605586952943741e-01
2.665785847253107299e+00
1.773155183654387557e+01
3.704422131982189370e+01
4.933176234201462762e+01
4.021769522641477579e+01
2.844384986838976559e+01
1.710719992827840841e+01
9.327181497209668493e+00
4.189444801334256674e+00
1.605529735314048301e+00
0.000000000000000000e+00
0.000000000000000000e+00
0.000000000000000000e+00
0.000000000000000000e+00
0.000000000000000000e+00
0.000000000000000000e+00
0.000000000000000000e+00
0.000000000000000000e+00
0.000000000000000000e+00
0.000000000000000000e+00
0.000000000000000000e+00
0.000000000000000000e+00
1.543321117390588748e+00
1.806810407582661426e+01
3.371183929416983460e+01
5.176891180259628555e+01
4.839310301626805000e+01
3.561010330194827134e+01
2.318211892758844073e+01
1.339673419040980384e+01
7.745186048919689092e+00
3.415520557731133611e+00
1.307678182060577177e+00
0.000000000000000000e+00
0.000000000000000000e+00
0.000000000000000000e+00
0.000000000000000000e+00
0.000000000000000000e+00
0.000000000000000000e+00
0.000000000000000000e+00
0.000000000000000000e+00
0.000000000000000000e+00
0.000000000000000000e+00
0.000000000000000000e+00
0.000000000000000000e+00
0.000000000000000000e+00
8.102435866300590206e+00
3.169323173956471962e+01
4.553287385186575165e+01
5.688380428608633821e+01
4.244826061987305366e+01
2.830377896457995845e+01
1.853044374803944550e+01
1.109233967952298627e+01
6.262065316147833904e+00
2.619623701533599913e+00
1.022338835449926320e+00
0.000000000000000000e+00
0.000000000000000000e+00
0.000000000000000000e+00
0.000000000000000000e+00
0.000000000000000000e+00
0.000000000000000000e+00
0.000000000000000000e+00
0.000000000000000000e+00
0.000000000000000000e+00
0.000000000000000000e+00
0.000000000000000000e+00
0.000000000000000000e+00
0.000000000000000000e+00
6.308673326269876647e+00
3.163808290650706923e+01
4.650315311319309330e+01
5.866735669375010787e+01
4.479405841601894167e+01
3.525187245581594908e+01
2.323542784766680214e+01
1.464133827005585786e+01
8.983232839050305785e+00
4.556476473460199905e+00
1.943355513905634435e+00
8.129882560115234691e-01
0.000000000000000000e+00
0.000000000000000000e+00
0.000000000000000000e+00
0.000000000000000000e+00
0.000000000000000000e+00
0.000000000000000000e+00
0.000000000000000000e+00
0.000000000000000000e+00
0.000000000000000000e+00
0.000000000000000000e+00
0.000000000000000000e+00
0.000000000000000000e+00
6.971348588680905678e-01
1.771895647138419072e+00
2.620525843219795092e+01
4.861461519780354479e+01
6.160927291429403141e+01
6.457787397259806994e+01
4.339908773870347147e+01
3.024568938516753036e+01
1.790378576364127738e+01
1.208672976981173619e+01
6.327320521418041466e+00
3.534771079772922153e+00
1.738277796357803551e+00
6.497192181113112808e-01
0.000000000000000000e+00
0.000000000000000000e+00
0.000000000000000000e+00
0.000000000000000000e+00
0.000000000000000000e+00
0.000000000000000000e+00
0.000000000000000000e+00
0.000000000000000000e+00
0.000000000000000000e+00
0.000000000000000000e+00
0.000000000000000000e+00
0.000000000000000000e+00
0.000000000000000000e+00
2.091404576604271703e+00
1.771895647138419250e+01
4.464599584744836136e+01
7.292192279670531718e+01
6.160927291429403141e+01
4.312488533085362263e+01
3.332429951364731124e+01
2.231923285664086620e+01
1.408606674051188712e+01
9.074579448628369960e+00
5.643813674968561678e+00
2.743773355627932453e+00
1.264645924878289751e+00
5.157470543016046127e-01
0.000000000000000000e+00
0.000000000000000000e+00
0.000000000000000000e+00
0.000000000000000000e+00
0.000000000000000000e+00
0.000000000000000000e+00
0.000000000000000000e+00
0.000000000000000000e+00
0.000000000000000000e+00
0.000000000000000000e+00
0.000000000000000000e+00
0.000000000000000000e+00
0.000000000000000000e+00
1.600320024712511335e+00
9.759888024153267949e+00
4.193486364894258855e+01
5.871919019066577761e+01
6.404782637170943360e+01
5.094612952528160577e+01
3.918454047828831932e+01
2.929438422362484218e+01
1.846030007301604314e+01
1.118986610227579703e+01
6.634356403619060316e+00
4.257271215028188394e+00
2.224681099157783226e+00
9.790019611509539477e-01
3.912353394169568177e-01
0.000000000000000000e+00
0.000000000000000000e+00
0.000000000000000000e+00
0.000000000000000000e+00
0.000000000000000000e+00
0.000000000000000000e+00
0.000000000000000000e+00
0.000000000000000000e+00
0.000000000000000000e+00
0.000000000000000000e+00
0.000000000000000000e+00
0.000000000000000000e+00
0.000000000000000000e+00
2.688166153714031559e+00
5.601120086493789785e+00
2.997679893132789530e+01
5.729129259080888659e+01
7.861577529659385277e+01
4.977210603584648396e+01
4.709554996813822925e+01
2.714459787322766005e+01
2.014957645011232756e+01
1.439277632811420382e+01
9.412652074267288782e+00
5.032960030331700807e+00
3.007430124377711067e+00
1.631432806049040840e+00
7.739242436031232852e-01
3.256225484850959195e-01
0.000000000000000000e+00
0.000000000000000000e+00
0.000000000000000000e+00
0.000000000000000000e+00
0.000000000000000000e+00
0.000000000000000000e+00
0.000000000000000000e+00
0.000000000000000000e+00
0.000000000000000000e+00
0.000000000000000000e+00
0.000000000000000000e+00
0.000000000000000000e+00
1.058888938575228922e+00
0.000000000000000000e+00
7.168443076570751415e+00
3.600720055603150627e+01
6.831921616907287387e+01
7.028519400315730081e+01
5.241051686439590185e+01
5.440206938801825487e+01
3.139703331209215165e+01
2.276643692593287582e+01
1.642965464393774155e+01
8.030752009165171401e+00
5.331642084025527417e+00
4.041619418296669153e+00
2.538739715383782070e+00
1.318329540241649278e+00
6.835923918261025412e-01
2.554321209765935130e-01
0.000000000000000000e+00
0.000000000000000000e+00
0.000000000000000000e+00
0.000000000000000000e+00
0.000000000000000000e+00
0.000000000000000000e+00
0.000000000000000000e+00
0.000000000000000000e+00
0.000000000000000000e+00
0.000000000000000000e+00
0.000000000000000000e+00
0.000000000000000000e+00
1.125116986457390666e+00
1.058888938575228922e+00
7.860696629506479738e+00
1.971321846056956772e+01
5.841168090200666541e+01
6.831921616907287387e+01
5.256623753177310476e+01
4.901353891948134844e+01
3.086642234781177407e+01
2.280727891538769470e+01
1.904500012073231119e+01
1.053977845082798659e+01
6.570615280226049570e+00
3.883541764907482818e+00
2.974021836105096295e+00
1.620887664437337783e+00
1.186496586217484328e+00
5.322255050646084173e-01
2.084350521230745046e-01
0.000000000000000000e+00
0.000000000000000000e+00
0.000000000000000000e+00
0.000000000000000000e+00
0.000000000000000000e+00
0.000000000000000000e+00
0.000000000000000000e+00
0.000000000000000000e+00
0.000000000000000000e+00
0.000000000000000000e+00
0.000000000000000000e+00
0.000000000000000000e+00
0.000000000000000000e+00
0.000000000000000000e+00
3.176666815725686988e+00
1.080845786557140897e+01
4.749093538228122924e+01
6.561312101321296097e+01
5.228511441510678992e+01
5.138497376701415931e+01
3.882260508473770244e+01
2.083483508477294777e+01
2.251108048791512672e+01
1.313448284188435267e+01
8.059830580044931025e+00
6.570615280226049570e+00
2.896200638236088754e+00
3.164664261496448638e+00
1.659945198520165199e+00
7.497999260124379450e-01
4.248038434919351736e-01
1.577758740082423339e-01
0.000000000000000000e+00
0.000000000000000000e+00
0.000000000000000000e+00
0.000000000000000000e+00
0.000000000000000000e+00
0.000000000000000000e+00
0.000000000000000000e+00
0.000000000000000000e+00
0.000000000000000000e+00
0.000000000000000000e+00
0.000000000000000000e+00
0.000000000000000000e+00
0.000000000000000000e+00
0.000000000000000000e+00
3.375350959372171999e+00
1.694222301720366275e+01
5.305970224916873690e+01
6.003571076628004022e+01
7.041408108735049609e+01
4.391949610868970666e+01
2.362527529517892333e+01
2.426412817796106225e+01
1.736236257064412314e+01
8.293555969231888980e+00
1.028867822614274274e+01
5.114892483490051767e+00
4.276114706178858249e+00
3.751896281351296825e+00
1.715781828522170871e+00
9.959671191120991196e-01
6.921230086268658210e-01
3.051751749223672316e-01
1.281738241459609018e-01
0.000000000000000000e+00
0.000000000000000000e+00
0.000000000000000000e+00
0.000000000000000000e+00
0.000000000000000000e+00
0.000000000000000000e+00
0.000000000000000000e+00
0.000000000000000000e+00
0.000000000000000000e+00
0.000000000000000000e+00
0.000000000000000000e+00
0.000000000000000000e+00
0.000000000000000000e+00
1.230715447488967884e+00
0.000000000000000000e+00
5.625584932286953332e+00
3.494333497298255509e+01
5.600746348523367146e+01
5.376332307428063473e+01
4.800960074137533695e+01
4.043382181434925116e+01
2.303464341279945060e+01
1.164678152542131073e+01
1.157490838042941483e+01
9.774548106594727059e+00
6.786149468306915011e+00
3.409928322326701178e+00
2.398796054685700785e+00
2.040504995120880682e+00
1.334496977739466184e+00
8.202082157393757456e-01
6.179669719882731060e-01
2.685541539316831372e-01
1.269531210588565051e-01
0.000000000000000000e+00
0.000000000000000000e+00
0.000000000000000000e+00
0.000000000000000000e+00
0.000000000000000000e+00
0.000000000000000000e+00
0.000000000000000000e+00
0.000000000000000000e+00
0.000000000000000000e+00
0.000000000000000000e+00
0.000000000000000000e+00
0.000000000000000000e+00
0.000000000000000000e+00
0.000000000000000000e+00
0.000000000000000000e+00
1.063837422221334528e+01
3.712886055309389377e+01
5.823889162163759181e+01
5.600746348523367146e+01
5.286726768970929413e+01
3.440688053131899693e+01
2.300545034264698785e+01
1.594706082424577254e+01
1.213206408898053112e+01
8.874096424995885357e+00
5.627770121978781681e+00
5.253793136753740711e+00
3.564925064250642261e+00
1.877318651493157020e+00
2.040504995120880682e+00
9.150836418784911164e-01
1.035024653194926536e+00
5.355713757231700400e-01
1.757809007552835201e-01
8.972167690217262848e-02
0.000000000000000000e+00
0.000000000000000000e+00
0.000000000000000000e+00
0.000000000000000000e+00
0.000000000000000000e+00
0.000000000000000000e+00
0.000000000000000000e+00
0.000000000000000000e+00
0.000000000000000000e+00
0.000000000000000000e+00
0.000000000000000000e+00
0.000000000000000000e+00
0.000000000000000000e+00
0.000000000000000000e+00
1.272255159682329495e+00
9.845723579911743073e+00
3.073308108639410818e+01
4.725491343121041155e+01
4.235555754300915510e+01
3.733830899015578098e+01
2.240138461428359662e+01
1.760352027183762402e+01
1.882264118943844622e+01
1.004074200045104170e+01
1.019093383474364600e+01
6.559114748910002568e+00
4.442976412088512461e+00
1.751264378917913644e+00
2.944938096554878371e+00
1.460136728939122275e+00
1.843036769786601914e+00
7.244412164871387727e-01
5.663342442009975386e-01
3.378219446869226150e-01
1.879879077521781905e-01
6.439208784475654312e-02
0.000000000000000000e+00
0.000000000000000000e+00
0.000000000000000000e+00
0.000000000000000000e+00
0.000000000000000000e+00
0.000000000000000000e+00
0.000000000000000000e+00
0.000000000000000000e+00
0.000000000000000000e+00
0.000000000000000000e+00
0.000000000000000000e+00
0.000000000000000000e+00
0.000000000000000000e+00
0.000000000000000000e+00
1.307719656795440555e+00
6.361275798411647031e+00
2.338359350229038824e+01
3.191512266664003405e+01
4.950514740412518933e+01
3.176666815725686632e+01
2.554726404589606048e+01
1.523294153771284698e+01
1.520304023476885824e+01
6.971348588680905678e+00
7.087582588553676288e+00
6.793955889829097927e+00
3.472472514128824628e+00
4.146777984615944490e+00
3.283620710471088167e+00
2.324951128859114480e+00
1.668727690216139647e+00
1.382277577339951380e+00
8.006981866436797546e-01
3.710465737868604563e-01
2.719054676748401400e-01
1.513668867614941238e-01
5.798339663745850220e-02
0.000000000000000000e+00
0.000000000000000000e+00
0.000000000000000000e+00
0.000000000000000000e+00
0.000000000000000000e+00
0.000000000000000000e+00
0.000000000000000000e+00
0.000000000000000000e+00
0.000000000000000000e+00
0.000000000000000000e+00
0.000000000000000000e+00
0.000000000000000000e+00
0.000000000000000000e+00
0.000000000000000000e+00
0.000000000000000000e+00
3.923158970386321442e+00
2.417284803396426085e+01
4.553647155709181504e+01
3.782533056786967052e+01
3.262839260726433110e+01
2.011888983292934796e+01
1.670398033770127100e+01
1.433688615314150283e+01
9.601920148275068456e+00
7.668483447548996246e+00
8.859478235692096248e+00
2.911695381355327683e+00
3.472472514128824628e+00
1.480992137362837413e+00
1.532356331553174522e+00
7.749837096197048636e-01
1.668727690216139647e+00
6.582274177809293025e-01
3.050278806261637055e-01
3.124602726626193316e-01
1.647911925302061598e-01
1.171872671701890134e-01
4.241943227687753476e-02
0.000000000000000000e+00
0.000000000000000000e+00
0.000000000000000000e+00
0.000000000000000000e+00
0.000000000000000000e+00
0.000000000000000000e+00
0.000000000000000000e+00
0.000000000000000000e+00
0.000000000000000000e+00
0.000000000000000000e+00
0.000000000000000000e+00
0.000000000000000000e+00
0.000000000000000000e+00
0.000000000000000000e+00
0.000000000000000000e+00
0.000000000000000000e+00
1.438491622474984588e+01
3.307863415174056598e+01
2.707573984475729389e+01
2.836899792590225289e+01
1.462652082394607866e+01
1.906000089435412193e+01
1.473880618032464973e+01
1.433688615314150283e+01
5.601120086493789785e+00
4.879944012076633975e+00
4.725055059035784488e+00
3.882260508473770244e+00
2.314981676085883233e+00
5.923968549451349430e-01
1.532356331553174522e+00
1.084977193467586698e+00
5.214774031925436537e-01
1.053163868449486840e+00
4.194133358609750672e-01
2.929315056212056234e-01
1.977494310362473695e-01
6.835923918261024856e-02
4.425048690753412284e-02
0.000000000000000000e+00
0.000000000000000000e+00
0.000000000000000000e+00
0.000000000000000000e+00
0.000000000000000000e+00
0.000000000000000000e+00
0.000000000000000000e+00
0.000000000000000000e+00
0.000000000000000000e+00
0.000000000000000000e+00
0.000000000000000000e+00
0.000000000000000000e+00
0.000000000000000000e+00
0.000000000000000000e+00
0.000000000000000000e+00
6.820384595007100259e+00
1.070443852032057386e+01
2.746211279270425010e+01
3.943990995015221301e+01
2.953717073973523100e+01
1.418449896295112644e+01
2.025210575623303200e+01
1.164777832432751836e+01
1.179104494425972049e+01
9.856609230284783862e+00
4.800960074137534228e+00
6.971348588680905678e+00
5.906318823794730832e+00
1.941130254236885122e+00
1.543321117390588748e+00
1.777190564835404718e+00
1.532356331553174522e+00
7.749837096197048636e-01
6.257728838310523400e-01
5.265819342247434198e-01
3.050278806261637055e-01
2.148164374555507905e-01
9.887471551812368475e-02
7.568344338074706190e-02
2.990722563405754167e-02
0.000000000000000000e+00
0.000000000000000000e+00
0.000000000000000000e+00
0.000000000000000000e+00
0.000000000000000000e+00
0.000000000000000000e+00
0.000000000000000000e+00
0.000000000000000000e+00
0.000000000000000000e+00
0.000000000000000000e+00
0.000000000000000000e+00
0.000000000000000000e+00
0.000000000000000000e+00
0.000000000000000000e+00
0.000000000000000000e+00
0.000000000000000000e+00
1.227669227101278082e+01
3.211331556096172335e+01
3.400071107668145487e+01
2.290059287428193002e+01
2.215287805480142325e+01
1.182041580245927292e+01
1.012605287811651600e+01
1.058888938575228877e+01
5.895522472129860247e+00
2.688166153714031559e+00
4.000800061781278671e+00
2.788539435472362271e+00
1.771895647138419072e+00
4.852825635592212805e-01
2.314981676085883233e+00
1.184793709890269886e+00
1.751264378917913644e+00
7.749837096197048636e-01
6.257728838310523400e-01
3.291137088904646513e-01
2.287709104696227791e-01
2.538739715383782070e-01
1.235933943976546129e-01
5.126942938695769336e-02
2.075195248077462210e-02
0.000000000000000000e+00
0.000000000000000000e+00
0.000000000000000000e+00
0.000000000000000000e+00
0.000000000000000000e+00
0.000000000000000000e+00
0.000000000000000000e+00
0.000000000000000000e+00
0.000000000000000000e+00
0.000000000000000000e+00
0.000000000000000000e+00
0.000000000000000000e+00
0.000000000000000000e+00
0.000000000000000000e+00
0.000000000000000000e+00
0.000000000000000000e+00
9.705334738498610392e+00
2.591746146102698134e+01
3.211331556096172335e+01
2.092351450872704888e+01
1.653931707587028299e+01
4.922861789955871537e+00
9.456332641967417629e+00
2.250233972914781333e+00
7.412222570026602675e+00
2.947761236064930124e+00
2.688166153714031559e+00
3.200640049425022671e+00
2.788539435472362271e+00
5.906318823794730610e-01
1.455847690677663842e+00
1.929151396738235880e+00
1.777190564835404718e+00
1.094540236823696056e+00
1.549967419239409727e-01
6.257728838310523400e-01
5.924046760028363057e-01
2.668993955478932145e-01
1.171726022484822494e-01
1.071142751446339941e-01
7.080064058198919097e-02
2.166747979610291266e-02
0.000000000000000000e+00
0.000000000000000000e+00
0.000000000000000000e+00
0.000000000000000000e+00
0.000000000000000000e+00
0.000000000000000000e+00
0.000000000000000000e+00
0.000000000000000000e+00
0.000000000000000000e+00
0.000000000000000000e+00
0.000000000000000000e+00
0.000000000000000000e+00
0.000000000000000000e+00
0.000000000000000000e+00
0.000000000000000000e+00
0.000000000000000000e+00
7.029152769510344179e+00
1.663771669456904689e+01
2.728153838002840104e+01
2.007082222560107709e+01
1.700035553834072743e+01
1.017804127745863596e+01
1.353786992237864695e+01
5.910207901229636462e+00
7.875818905201734665e+00
5.294444692876144387e+00
3.930348314753239869e+00
1.792110769142687854e+00
1.600320024712511335e+00
2.091404576604271703e+00
1.771895647138419072e+00
0.000000000000000000e+00
3.086642234781177496e+00
1.480992137362837413e+00
4.378160947294784111e-01
4.649902257718229182e-01
3.128864419155261700e-01
1.974682253342787686e-01
1.525139403130818527e-01
1.367013692898959576e-01
7.415603663859277050e-02
4.394522518882088002e-02
1.525878858880486827e-02
0.000000000000000000e+00
0.000000000000000000e+00
0.000000000000000000e+00
0.000000000000000000e+00
0.000000000000000000e+00
0.000000000000000000e+00
0.000000000000000000e+00
0.000000000000000000e+00
0.000000000000000000e+00
0.000000000000000000e+00
0.000000000000000000e+00
0.000000000000000000e+00
0.000000000000000000e+00
0.000000000000000000e+00
0.000000000000000000e+00
2.874480935271534587e+00
9.958334958003550952e+00
1.405830553902068836e+01
2.495657504185356856e+01
1.909707686601988286e+01
1.873276741056100292e+01
6.538598283977202996e+00
5.089020638729317980e+00
7.384292684933807749e+00
1.182041580245927204e+00
1.125116986457390666e+00
2.117777877150457844e+00
9.825870786883099672e-01
1.792110769142687854e+00
8.001600123562556677e-01
1.394269717736181136e+00
1.181263764758946122e+00
2.426412817796106403e+00
1.157490838042941617e+00
2.961984274725674715e-01
0.000000000000000000e+00
3.099934838478819454e-01
2.085909612770174559e-01
1.316454835561858550e-01
7.625697015654092636e-02
1.171726022484822494e-01
4.943735775906184238e-02
1.953121119503150108e-02
1.281738241459609053e-02
0.000000000000000000e+00
0.000000000000000000e+00
0.000000000000000000e+00
0.000000000000000000e+00
0.000000000000000000e+00
0.000000000000000000e+00
0.000000000000000000e+00
0.000000000000000000e+00
0.000000000000000000e+00
0.000000000000000000e+00
0.000000000000000000e+00
0.000000000000000000e+00
0.000000000000000000e+00
0.000000000000000000e+00
0.000000000000000000e+00
1.450024003277625040e+00
1.006068327345037083e+01
1.707143135657751642e+01
2.249328886243310066e+01
1.663771669456904689e+01
8.184461514008521732e+00
4.014164445120215419e+00
5.230878627181762219e+00
1.272255159682329495e+00
0.000000000000000000e+00
3.546124740737781611e+00
4.500467945829562666e+00
0.000000000000000000e+00
9.825870786883099672e-01
8.960553845713439269e-01
3.200640049425022671e+00
1.394269717736181136e+00
1.181263764758946122e+00
0.000000000000000000e+00
7.716605586952943741e-01
8.885952824177023590e-01
2.189080473647392056e-01
0.000000000000000000e+00
1.042954806385087280e-01
2.632909671123717099e-01
0.000000000000000000e+00
3.905753408282741646e-02
4.943735775906184238e-02
3.173821819192618882e-02
8.239745837954629004e-03
0.000000000000000000e+00
0.000000000000000000e+00
0.000000000000000000e+00
0.000000000000000000e+00
0.000000000000000000e+00
0.000000000000000000e+00
0.000000000000000000e+00
0.000000000000000000e+00
0.000000000000000000e+00
0.000000000000000000e+00
0.000000000000000000e+00
0.000000000000000000e+00
0.000000000000000000e+00
0.000000000000000000e+00
0.000000000000000000e+00
0.000000000000000000e+00
2.900048006555250080e+00
1.006068327345037083e+01
2.276190847543668738e+01
1.124664443121655033e+01
4.159429173642261723e+00
6.820384595007100259e+00
1.338054815040071732e+00
2.615439313590881110e+00
3.816765479046988485e+00
2.461430894977935768e+00
1.182041580245927204e+00
2.250233972914781333e+00
3.176666815725686988e+00
9.825870786883099672e-01
1.792110769142687854e+00
0.000000000000000000e+00
6.971348588680905678e-01
5.906318823794730610e-01
4.852825635592212805e-01
0.000000000000000000e+00
0.000000000000000000e+00
2.189080473647392056e-01
1.549967419239409727e-01
2.085909612770174559e-01
1.974682253342787686e-01
3.812848507827046318e-02
7.811506816565483291e-02
3.295823850604123056e-02
1.464840839627362667e-02
7.629394294402434135e-03
0.000000000000000000e+00
0.000000000000000000e+00
0.000000000000000000e+00
0.000000000000000000e+00
0.000000000000000000e+00
0.000000000000000000e+00
0.000000000000000000e+00
0.000000000000000000e+00
0.000000000000000000e+00
0.000000000000000000e+00
0.000000000000000000e+00
0.000000000000000000e+00
0.000000000000000000e+00
0.000000000000000000e+00
0.000000000000000000e+00
1.471127674303734700e+00
4.383731294581753701e+00
1.160019202622100032e+01
1.006068327345037083e+01
8.535715678288758212e+00
5.623322215608275165e+00
2.772952782428174334e+00
1.364076919001420141e+00
1.338054815040071732e+00
0.000000000000000000e+00
0.000000000000000000e+00
2.461430894977935768e+00
1.182041580245927204e+00
2.250233972914781333e+00
2.117777877150457844e+00
9.825870786883099672e-01
3.584221538285375708e+00
0.000000000000000000e+00
6.971348588680905678e-01
1.181263764758946122e+00
0.000000000000000000e+00
0.000000000000000000e+00
2.961984274725674715e-01
0.000000000000000000e+00
4.649902257718229182e-01
4.171819225540349119e-01
0.000000000000000000e+00
7.625697015654092636e-02
1.171726022484822494e-01
1.647911925302061528e-02
1.953121119503150108e-02
7.629394294402434135e-03
0.000000000000000000e+00
0.000000000000000000e+00
0.000000000000000000e+00
0.000000000000000000e+00
0.000000000000000000e+00
0.000000000000000000e+00
0.000000000000000000e+00
0.000000000000000000e+00
0.000000000000000000e+00
0.000000000000000000e+00
0.000000000000000000e+00
0.000000000000000000e+00
0.000000000000000000e+00
0.000000000000000000e+00
0.000000000000000000e+00
1.479865982045772466e+00
1.471127674303734700e+00
2.922487529721168986e+00
1.885031204260912574e+01
5.748961870543069175e+00
7.113096398573964585e+00
0.000000000000000000e+00
2.772952782428174334e+00
1.364076919001420141e+00
0.000000000000000000e+00
0.000000000000000000e+00
1.272255159682329495e+00
0.000000000000000000e+00
0.000000000000000000e+00
2.250233972914781333e+00
1.058888938575228922e+00
9.825870786883099672e-01
0.000000000000000000e+00
8.001600123562556677e-01
0.000000000000000000e+00
1.181263764758946122e+00
0.000000000000000000e+00
7.716605586952943741e-01
0.000000000000000000e+00
4.378160947294784111e-01
0.000000000000000000e+00
2.085909612770174559e-01
0.000000000000000000e+00
0.000000000000000000e+00
3.905753408282741646e-02
8.239559626510307641e-03
1.953121119503150108e-02
4.882812348417558089e-03
0.000000000000000000e+00
0.000000000000000000e+00
0.000000000000000000e+00
0.000000000000000000e+00
0.000000000000000000e+00
0.000000000000000000e+00
0.000000000000000000e+00
0.000000000000000000e+00
0.000000000000000000e+00
0.000000000000000000e+00
0.000000000000000000e+00
0.000000000000000000e+00
0.000000000000000000e+00
0.000000000000000000e+00
0.000000000000000000e+00
0.000000000000000000e+00
0.000000000000000000e+00
1.029789372012614379e+01
5.844975059442337972e+00
5.800096013110500159e+00
2.874480935271534587e+00
4.267857839144379106e+00
0.000000000000000000e+00
1.386476391214087167e+00
0.000000000000000000e+00
0.000000000000000000e+00
2.615439313590881110e+00
2.544510319364658990e+00
1.230715447488967884e+00
0.000000000000000000e+00
0.000000000000000000e+00
2.117777877150457844e+00
0.000000000000000000e+00
8.960553845713439269e-01
0.000000000000000000e+00
0.000000000000000000e+00
5.906318823794730610e-01
0.000000000000000000e+00
7.716605586952943741e-01
0.000000000000000000e+00
6.567241420942175889e-01
0.000000000000000000e+00
0.000000000000000000e+00
0.000000000000000000e+00
0.000000000000000000e+00
0.000000000000000000e+00
3.295823850604123056e-02
1.220700699689468774e-02
3.356933489537071349e-03
0.000000000000000000e+00
0.000000000000000000e+00
0.000000000000000000e+00
0.000000000000000000e+00
0.000000000000000000e+00
0.000000000000000000e+00
0.000000000000000000e+00
0.000000000000000000e+00
0.000000000000000000e+00
0.000000000000000000e+00
0.000000000000000000e+00
0.000000000000000000e+00
0.000000000000000000e+00
0.000000000000000000e+00
0.000000000000000000e+00
0.000000000000000000e+00
1.487618036407947875e+00
5.919463928183089863e+00
1.029789372012614379e+01
5.844975059442337972e+00
4.350072009832874897e+00
1.437240467635767294e+00
0.000000000000000000e+00
2.811661107804137583e+00
2.772952782428174334e+00
0.000000000000000000e+00
0.000000000000000000e+00
2.615439313590881110e+00
1.272255159682329495e+00
1.230715447488967884e+00
1.182041580245927204e+00
0.000000000000000000e+00
0.000000000000000000e+00
0.000000000000000000e+00
8.960553845713439269e-01
0.000000000000000000e+00
0.000000000000000000e+00
5.906318823794730610e-01
0.000000000000000000e+00
0.000000000000000000e+00
0.000000000000000000e+00
2.189080473647392056e-01
0.000000000000000000e+00
1.042954806385087280e-01
6.582274177809292748e-02
0.000000000000000000e+00
0.000000000000000000e+00
1.647911925302061528e-02
9.765605597515750538e-03
3.967285033089265785e-03
0.000000000000000000e+00
0.000000000000000000e+00
0.000000000000000000e+00
0.000000000000000000e+00
0.000000000000000000e+00
0.000000000000000000e+00
0.000000000000000000e+00
0.000000000000000000e+00
0.000000000000000000e+00
0.000000000000000000e+00
0.000000000000000000e+00
0.000000000000000000e+00
0.000000000000000000e+00
0.000000000000000000e+00
0.000000000000000000e+00
0.000000000000000000e+00
2.989035579654610419e+00
1.338856232767153109e+01
1.479865982045772554e+01
7.355638371518673502e+00
1.461243764860584493e+00
2.900048006555250080e+00
1.437240467635767294e+00
0.000000000000000000e+00
1.405830553902068791e+00
0.000000000000000000e+00
1.364076919001420141e+00
1.338054815040071732e+00
0.000000000000000000e+00
1.272255159682329495e+00
1.230715447488967884e+00
0.000000000000000000e+00
1.125116986457390666e+00
0.000000000000000000e+00
0.000000000000000000e+00
0.000000000000000000e+00
0.000000000000000000e+00
0.000000000000000000e+00
0.000000000000000000e+00
0.000000000000000000e+00
0.000000000000000000e+00
0.000000000000000000e+00
6.567241420942175889e-01
0.000000000000000000e+00
0.000000000000000000e+00
0.000000000000000000e+00
3.812848507827046318e-02
1.952876704141370823e-02
3.295823850604123056e-02
7.324204198136813337e-03
4.577636576641460654e-03
0.000000000000000000e+00
0.000000000000000000e+00
0.000000000000000000e+00
0.000000000000000000e+00
0.000000000000000000e+00
0.000000000000000000e+00
0.000000000000000000e+00
0.000000000000000000e+00
0.000000000000000000e+00
0.000000000000000000e+00
0.000000000000000000e+00
0.000000000000000000e+00
0.000000000000000000e+00
0.000000000000000000e+00
0.000000000000000000e+00
1.506195209978576255e+00
1.500678269864276437e+00
1.494517789827305210e+00
1.487618036407947919e+01
0.000000000000000000e+00
4.413383022911204101e+00
2.922487529721168986e+00
1.450024003277625040e+00
0.000000000000000000e+00
2.845238559429585923e+00
0.000000000000000000e+00
1.386476391214087167e+00
1.364076919001420141e+00
0.000000000000000000e+00
0.000000000000000000e+00
0.000000000000000000e+00
0.000000000000000000e+00
1.182041580245927204e+00
0.000000000000000000e+00
0.000000000000000000e+00
9.825870786883099672e-01
0.000000000000000000e+00
0.000000000000000000e+00
0.000000000000000000e+00
0.000000000000000000e+00
0.000000000000000000e+00
0.000000000000000000e+00
0.000000000000000000e+00
0.000000000000000000e+00
0.000000000000000000e+00
0.000000000000000000e+00
0.000000000000000000e+00
0.000000000000000000e+00
0.000000000000000000e+00
8.239559626510307641e-03
9.765605597515750538e-03
3.356933489537071349e-03
0.000000000000000000e+00
0.000000000000000000e+00
0.000000000000000000e+00
0.000000000000000000e+00
0.000000000000000000e+00
0.000000000000000000e+00
0.000000000000000000e+00
0.000000000000000000e+00
0.000000000000000000e+00
0.000000000000000000e+00
0.000000000000000000e+00
0.000000000000000000e+00
0.000000000000000000e+00
0.000000000000000000e+00
0.000000000000000000e+00
0.000000000000000000e+00
0.000000000000000000e+00
4.502034809592829312e+00
1.345066010844574755e+01
1.487618036407947875e+00
2.959731964091544931e+00
0.000000000000000000e+00
0.000000000000000000e+00
1.450024003277625040e+00
0.000000000000000000e+00
2.845238559429585923e+00
1.405830553902068791e+00
0.000000000000000000e+00
1.364076919001420141e+00
0.000000000000000000e+00
0.000000000000000000e+00
2.544510319364658990e+00
0.000000000000000000e+00
0.000000000000000000e+00
2.250233972914781333e+00
0.000000000000000000e+00
0.000000000000000000e+00
8.960553845713439269e-01
0.000000000000000000e+00
0.000000000000000000e+00
0.000000000000000000e+00
0.000000000000000000e+00
0.000000000000000000e+00
0.000000000000000000e+00
0.000000000000000000e+00
0.000000000000000000e+00
2.085909612770174559e-01
6.582274177809292748e-02
7.625697015654092636e-02
3.905753408282741646e-02
8.239559626510307641e-03
9.765605597515750538e-03
2.441406174208779045e-03
0.000000000000000000e+00
0.000000000000000000e+00
0.000000000000000000e+00
0.000000000000000000e+00
0.000000000000000000e+00
0.000000000000000000e+00
0.000000000000000000e+00
0.000000000000000000e+00
0.000000000000000000e+00
0.000000000000000000e+00
0.000000000000000000e+00
0.000000000000000000e+00
0.000000000000000000e+00
0.000000000000000000e+00
0.000000000000000000e+00
0.000000000000000000e+00
0.000000000000000000e+00
1.204956167982861004e+01
6.002713079457105749e+00
4.483553369481915851e+00
1.487618036407947875e+00
0.000000000000000000e+00
1.471127674303734700e+00
2.922487529721168986e+00
0.000000000000000000e+00
0.000000000000000000e+00
0.000000000000000000e+00
0.000000000000000000e+00
0.000000000000000000e+00
0.000000000000000000e+00
0.000000000000000000e+00
1.307719656795440555e+00
0.000000000000000000e+00
0.000000000000000000e+00
0.000000000000000000e+00
0.000000000000000000e+00
0.000000000000000000e+00
0.000000000000000000e+00
0.000000000000000000e+00
0.000000000000000000e+00
0.000000000000000000e+00
0.000000000000000000e+00
0.000000000000000000e+00
0.000000000000000000e+00
2.961984274725674715e-01
2.189080473647392056e-01
0.000000000000000000e+00
0.000000000000000000e+00
6.582274177809292748e-02
3.812848507827046318e-02
0.000000000000000000e+00
8.239559626510307641e-03
2.441401399378937635e-03
1.220703087104389522e-03
0.000000000000000000e+00
0.000000000000000000e+00
0.000000000000000000e+00
0.000000000000000000e+00
0.000000000000000000e+00
0.000000000000000000e+00
0.000000000000000000e+00
0.000000000000000000e+00
0.000000000000000000e+00
0.000000000000000000e+00
0.000000000000000000e+00
0.000000000000000000e+00
0.000000000000000000e+00
0.000000000000000000e+00
0.000000000000000000e+00
0.000000000000000000e+00
1.515612101736341533e+00
6.044600007696883104e+00
9.037171259871456641e+00
6.002713079457105749e+00
4.483553369481915851e+00
4.462854109223843402e+00
1.479865982045772466e+00
1.471127674303734700e+00
1.461243764860584493e+00
0.000000000000000000e+00
0.000000000000000000e+00
0.000000000000000000e+00
0.000000000000000000e+00
0.000000000000000000e+00
0.000000000000000000e+00
0.000000000000000000e+00
0.000000000000000000e+00
0.000000000000000000e+00
0.000000000000000000e+00
1.182041580245927204e+00
0.000000000000000000e+00
0.000000000000000000e+00
0.000000000000000000e+00
0.000000000000000000e+00
0.000000000000000000e+00
0.000000000000000000e+00
0.000000000000000000e+00
0.000000000000000000e+00
0.000000000000000000e+00
0.000000000000000000e+00
0.000000000000000000e+00
0.000000000000000000e+00
0.000000000000000000e+00
6.582274177809292748e-02
3.812848507827046318e-02
0.000000000000000000e+00
1.647911925302061528e-02
9.765605597515750538e-03
6.103515435521947611e-04
0.000000000000000000e+00
0.000000000000000000e+00
0.000000000000000000e+00
0.000000000000000000e+00
0.000000000000000000e+00
0.000000000000000000e+00
0.000000000000000000e+00
0.000000000000000000e+00
0.000000000000000000e+00
0.000000000000000000e+00
0.000000000000000000e+00
0.000000000000000000e+00
0.000000000000000000e+00
0.000000000000000000e+00
0.000000000000000000e+00
0.000000000000000000e+00
0.000000000000000000e+00
1.515612101736341533e+00
4.533450005772662550e+00
4.518585629935728321e+00
1.500678269864276437e+00
0.000000000000000000e+00
1.487618036407947875e+00
0.000000000000000000e+00
1.471127674303734700e+00
0.000000000000000000e+00
1.450024003277625040e+00
0.000000000000000000e+00
0.000000000000000000e+00
0.000000000000000000e+00
0.000000000000000000e+00
1.364076919001420141e+00
0.000000000000000000e+00
0.000000000000000000e+00
0.000000000000000000e+00
0.000000000000000000e+00
0.000000000000000000e+00
0.000000000000000000e+00
0.000000000000000000e+00
0.000000000000000000e+00
0.000000000000000000e+00
8.001600123562556677e-01
0.000000000000000000e+00
0.000000000000000000e+00
0.000000000000000000e+00
3.858302793476471870e-01
0.000000000000000000e+00
0.000000000000000000e+00
0.000000000000000000e+00
0.000000000000000000e+00
6.582274177809292748e-02
3.812848507827046318e-02
0.000000000000000000e+00
0.000000000000000000e+00
4.882802798757875269e-03
3.051757717760973806e-04
0.000000000000000000e+00
0.000000000000000000e+00
0.000000000000000000e+00
0.000000000000000000e+00
0.000000000000000000e+00
0.000000000000000000e+00
0.000000000000000000e+00
0.000000000000000000e+00
0.000000000000000000e+00
0.000000000000000000e+00
0.000000000000000000e+00
0.000000000000000000e+00
0.000000000000000000e+00
0.000000000000000000e+00
0.000000000000000000e+00
0.000000000000000000e+00
0.000000000000000000e+00
1.519640995800313421e+00
7.578060508681707219e+00
0.000000000000000000e+00
1.506195209978576255e+00
0.000000000000000000e+00
0.000000000000000000e+00
0.000000000000000000e+00
0.000000000000000000e+00
0.000000000000000000e+00
0.000000000000000000e+00
0.000000000000000000e+00
1.437240467635767294e+00
0.000000000000000000e+00
0.000000000000000000e+00
0.000000000000000000e+00
0.000000000000000000e+00
0.000000000000000000e+00
0.000000000000000000e+00
0.000000000000000000e+00
0.000000000000000000e+00
0.000000000000000000e+00
0.000000000000000000e+00
0.000000000000000000e+00
0.000000000000000000e+00
0.000000000000000000e+00
0.000000000000000000e+00
0.000000000000000000e+00
0.000000000000000000e+00
4.852825635592212805e-01
0.000000000000000000e+00
2.961984274725674715e-01
0.000000000000000000e+00
0.000000000000000000e+00
1.042954806385087280e-01
0.000000000000000000e+00
3.812848507827046318e-02
0.000000000000000000e+00
0.000000000000000000e+00
0.000000000000000000e+00
9.155273153282920875e-04
0.000000000000000000e+00
0.000000000000000000e+00
0.000000000000000000e+00
0.000000000000000000e+00
0.000000000000000000e+00
0.000000000000000000e+00
0.000000000000000000e+00
0.000000000000000000e+00
0.000000000000000000e+00
0.000000000000000000e+00
0.000000000000000000e+00
0.000000000000000000e+00
0.000000000000000000e+00
0.000000000000000000e+00
0.000000000000000000e+00
0.000000000000000000e+00
1.526596647263466888e+00
1.523287812427410515e+00
1.519640995800313421e+00
1.515612101736341533e+00
0.000000000000000000e+00
0.000000000000000000e+00
1.500678269864276437e+00
0.000000000000000000e+00
0.000000000000000000e+00
0.000000000000000000e+00
0.000000000000000000e+00
0.000000000000000000e+00
1.450024003277625040e+00
0.000000000000000000e+00
0.000000000000000000e+00
0.000000000000000000e+00
0.000000000000000000e+00
0.000000000000000000e+00
0.000000000000000000e+00
0.000000000000000000e+00
0.000000000000000000e+00
0.000000000000000000e+00
0.000000000000000000e+00
0.000000000000000000e+00
0.000000000000000000e+00
0.000000000000000000e+00
0.000000000000000000e+00
0.000000000000000000e+00
0.000000000000000000e+00
0.000000000000000000e+00
0.000000000000000000e+00
0.000000000000000000e+00
0.000000000000000000e+00
0.000000000000000000e+00
0.000000000000000000e+00
0.000000000000000000e+00
0.000000000000000000e+00
7.625697015654092636e-02
0.000000000000000000e+00
0.000000000000000000e+00
2.441401399378937635e-03
6.103515435521947611e-04
0.000000000000000000e+00
0.000000000000000000e+00
0.000000000000000000e+00
0.000000000000000000e+00
0.000000000000000000e+00
0.000000000000000000e+00
0.000000000000000000e+00
0.000000000000000000e+00
0.000000000000000000e+00
0.000000000000000000e+00
0.000000000000000000e+00
0.000000000000000000e+00
0.000000000000000000e+00
0.000000000000000000e+00
0.000000000000000000e+00
0.000000000000000000e+00
0.000000000000000000e+00
0.000000000000000000e+00
4.569863437282231544e+00
1.519640995800313421e+00
3.031224203472683065e+00
0.000000000000000000e+00
1.506195209978576255e+00
0.000000000000000000e+00
1.494517789827305210e+00
1.487618036407947875e+00
0.000000000000000000e+00
0.000000000000000000e+00
0.000000000000000000e+00
0.000000000000000000e+00
0.000000000000000000e+00
0.000000000000000000e+00
1.405830553902068791e+00
0.000000000000000000e+00
0.000000000000000000e+00
0.000000000000000000e+00
0.000000000000000000e+00
0.000000000000000000e+00
0.000000000000000000e+00
0.000000000000000000e+00
0.000000000000000000e+00
0.000000000000000000e+00
0.000000000000000000e+00
0.000000000000000000e+00
0.000000000000000000e+00
0.000000000000000000e+00
0.000000000000000000e+00
0.000000000000000000e+00
0.000000000000000000e+00
0.000000000000000000e+00
0.000000000000000000e+00
0.000000000000000000e+00
0.000000000000000000e+00
0.000000000000000000e+00
0.000000000000000000e+00
1.952876704141370823e-02
8.239559626510307641e-03
4.882802798757875269e-03
9.155273153282920875e-04
0.000000000000000000e+00
0.000000000000000000e+00
0.000000000000000000e+00
0.000000000000000000e+00
0.000000000000000000e+00
0.000000000000000000e+00
0.000000000000000000e+00
0.000000000000000000e+00
0.000000000000000000e+00
0.000000000000000000e+00
0.000000000000000000e+00
0.000000000000000000e+00
0.000000000000000000e+00
0.000000000000000000e+00
0.000000000000000000e+00
0.000000000000000000e+00
0.000000000000000000e+00
0.000000000000000000e+00
9.159579883580800441e+00
3.046575624854821029e+00
1.519640995800313421e+00
1.515612101736341533e+00
0.000000000000000000e+00
0.000000000000000000e+00
0.000000000000000000e+00
0.000000000000000000e+00
0.000000000000000000e+00
0.000000000000000000e+00
0.000000000000000000e+00
0.000000000000000000e+00
0.000000000000000000e+00
0.000000000000000000e+00
0.000000000000000000e+00
0.000000000000000000e+00
0.000000000000000000e+00
0.000000000000000000e+00
0.000000000000000000e+00
0.000000000000000000e+00
0.000000000000000000e+00
0.000000000000000000e+00
0.000000000000000000e+00
0.000000000000000000e+00
0.000000000000000000e+00
0.000000000000000000e+00
0.000000000000000000e+00
0.000000000000000000e+00
0.000000000000000000e+00
0.000000000000000000e+00
0.000000000000000000e+00
0.000000000000000000e+00
0.000000000000000000e+00
0.000000000000000000e+00
0.000000000000000000e+00
0.000000000000000000e+00
0.000000000000000000e+00
0.000000000000000000e+00
1.952876704141370823e-02
8.239559626510307641e-03
2.441401399378937635e-03
3.051757717760973806e-04
0.000000000000000000e+00
0.000000000000000000e+00
0.000000000000000000e+00
0.000000000000000000e+00
0.000000000000000000e+00
0.000000000000000000e+00
0.000000000000000000e+00
0.000000000000000000e+00
0.000000000000000000e+00
0.000000000000000000e+00
0.000000000000000000e+00
0.000000000000000000e+00
0.000000000000000000e+00
0.000000000000000000e+00
0.000000000000000000e+00
0.000000000000000000e+00
0.000000000000000000e+00
3.064695931934130702e+00
9.177633942792859045e+00
1.526596647263466888e+00
0.000000000000000000e+00
1.519640995800313421e+00
0.000000000000000000e+00
0.000000000000000000e+00
0.000000000000000000e+00
0.000000000000000000e+00
0.000000000000000000e+00
1.487618036407947875e+00
1.479865982045772466e+00
0.000000000000000000e+00
0.000000000000000000e+00
0.000000000000000000e+00
0.000000000000000000e+00
0.000000000000000000e+00
0.000000000000000000e+00
0.000000000000000000e+00
0.000000000000000000e+00
0.000000000000000000e+00
0.000000000000000000e+00
0.000000000000000000e+00
0.000000000000000000e+00
0.000000000000000000e+00
0.000000000000000000e+00
0.000000000000000000e+00
0.000000000000000000e+00
0.000000000000000000e+00
0.000000000000000000e+00
0.000000000000000000e+00
0.000000000000000000e+00
4.852825635592212805e-01
0.000000000000000000e+00
0.000000000000000000e+00
0.000000000000000000e+00
0.000000000000000000e+00
0.000000000000000000e+00
0.000000000000000000e+00
0.000000000000000000e+00
0.000000000000000000e+00
0.000000000000000000e+00
0.000000000000000000e+00
3.051757717760973806e-04
0.000000000000000000e+00
0.000000000000000000e+00
0.000000000000000000e+00
0.000000000000000000e+00
0.000000000000000000e+00
0.000000000000000000e+00
0.000000000000000000e+00
0.000000000000000000e+00
0.000000000000000000e+00
0.000000000000000000e+00
0.000000000000000000e+00
0.000000000000000000e+00
0.000000000000000000e+00
0.000000000000000000e+00
0.000000000000000000e+00
0.000000000000000000e+00
0.000000000000000000e+00
0.000000000000000000e+00
3.064695931934130702e+00
0.000000000000000000e+00
0.000000000000000000e+00
0.000000000000000000e+00
0.000000000000000000e+00
0.000000000000000000e+00
1.511150001924220776e+00
0.000000000000000000e+00
0.000000000000000000e+00
0.000000000000000000e+00
0.000000000000000000e+00
0.000000000000000000e+00
0.000000000000000000e+00
0.000000000000000000e+00
0.000000000000000000e+00
0.000000000000000000e+00
0.000000000000000000e+00
0.000000000000000000e+00
0.000000000000000000e+00
0.000000000000000000e+00
0.000000000000000000e+00
0.000000000000000000e+00
0.000000000000000000e+00
0.000000000000000000e+00
0.000000000000000000e+00
0.000000000000000000e+00
0.000000000000000000e+00
0.000000000000000000e+00
0.000000000000000000e+00
0.000000000000000000e+00
0.000000000000000000e+00
0.000000000000000000e+00
0.000000000000000000e+00
0.000000000000000000e+00
2.961984274725674715e-01
0.000000000000000000e+00
0.000000000000000000e+00
0.000000000000000000e+00
0.000000000000000000e+00
0.000000000000000000e+00
0.000000000000000000e+00
0.000000000000000000e+00
2.441401399378937635e-03
3.051757717760973806e-04
0.000000000000000000e+00
0.000000000000000000e+00
0.000000000000000000e+00
0.000000000000000000e+00
0.000000000000000000e+00
0.000000000000000000e+00
0.000000000000000000e+00
0.000000000000000000e+00
0.000000000000000000e+00
0.000000000000000000e+00
0.000000000000000000e+00
0.000000000000000000e+00
0.000000000000000000e+00
0.000000000000000000e+00
0.000000000000000000e+00
0.000000000000000000e+00
0.000000000000000000e+00
0.000000000000000000e+00
0.000000000000000000e+00
0.000000000000000000e+00
1.529605657132143248e+00
0.000000000000000000e+00
0.000000000000000000e+00
0.000000000000000000e+00
0.000000000000000000e+00
0.000000000000000000e+00
0.000000000000000000e+00
0.000000000000000000e+00
0.000000000000000000e+00
0.000000000000000000e+00
0.000000000000000000e+00
0.000000000000000000e+00
0.000000000000000000e+00
0.000000000000000000e+00
0.000000000000000000e+00
0.000000000000000000e+00
0.000000000000000000e+00
0.000000000000000000e+00
0.000000000000000000e+00
0.000000000000000000e+00
0.000000000000000000e+00
0.000000000000000000e+00
0.000000000000000000e+00
0.000000000000000000e+00
0.000000000000000000e+00
0.000000000000000000e+00
0.000000000000000000e+00
0.000000000000000000e+00
0.000000000000000000e+00
0.000000000000000000e+00
0.000000000000000000e+00
0.000000000000000000e+00
0.000000000000000000e+00
0.000000000000000000e+00
0.000000000000000000e+00
0.000000000000000000e+00
0.000000000000000000e+00
6.582274177809292748e-02
0.000000000000000000e+00
0.000000000000000000e+00
0.000000000000000000e+00
0.000000000000000000e+00
1.220703087104389522e-03
0.000000000000000000e+00
0.000000000000000000e+00
0.000000000000000000e+00
0.000000000000000000e+00
0.000000000000000000e+00
0.000000000000000000e+00
0.000000000000000000e+00
0.000000000000000000e+00
0.000000000000000000e+00
0.000000000000000000e+00
0.000000000000000000e+00
0.000000000000000000e+00
0.000000000000000000e+00
0.000000000000000000e+00
0.000000000000000000e+00
0.000000000000000000e+00
0.000000000000000000e+00
0.000000000000000000e+00
0.000000000000000000e+00
1.534852417784438039e+00
0.000000000000000000e+00
0.000000000000000000e+00
1.526596647263466888e+00
0.000000000000000000e+00
0.000000000000000000e+00
0.000000000000000000e+00
0.000000000000000000e+00
0.000000000000000000e+00
0.000000000000000000e+00
0.000000000000000000e+00
0.000000000000000000e+00
0.000000000000000000e+00
0.000000000000000000e+00
0.000000000000000000e+00
0.000000000000000000e+00
0.000000000000000000e+00
0.000000000000000000e+00
0.000000000000000000e+00
0.000000000000000000e+00
0.000000000000000000e+00
0.000000000000000000e+00
0.000000000000000000e+00
0.000000000000000000e+00
0.000000000000000000e+00
0.000000000000000000e+00
1.125116986457390666e+00
0.000000000000000000e+00
0.000000000000000000e+00
0.000000000000000000e+00
0.000000000000000000e+00
0.000000000000000000e+00
0.000000000000000000e+00
0.000000000000000000e+00
0.000000000000000000e+00
0.000000000000000000e+00
0.000000000000000000e+00
0.000000000000000000e+00
0.000000000000000000e+00
0.000000000000000000e+00
0.000000000000000000e+00
0.000000000000000000e+00
0.000000000000000000e+00
0.000000000000000000e+00
0.000000000000000000e+00
0.000000000000000000e+00
