# pd_vector
0.000000000000000000e+00
0.000000000000000000e+00
0.000000000000000000e+00
0.000000000000000000e+00
0.000000000000000000e+00
0.000000000000000000e+00
0.000000000000000000e+00
0.000000000000000000e+00
0.000000000000000000e+00
0.000000000000000000e+00
0.000000000000000000e+00
0.000000000000000000e+00
0.000000000000000000e+00
1.068115201216340848e-02
0.000000000000000000e+00
0.000000000000000000e+00
0.000000000000000000e+00
0.000000000000000000e+00
0.000000000000000000e+00
1.678466744768535718e-02
0.000000000000000000e+00
0.000000000000000000e+00
0.000000000000000000e+00
0.000000000000000000e+00
0.000000000000000000e+00
0.000000000000000000e+00
8.425903058738049012e-01
0.000000000000000000e+00
0.000000000000000000e+00
0.000000000000000000e+00
0.000000000000000000e+00
0.000000000000000000e+00
0.000000000000000000e+00
0.000000000000000000e+00
1.804809514283839844e+00
0.000000000000000000e+00
0.000000000000000000e+00
0.000000000000000000e+00
0.000000000000000000e+00
0.000000000000000000e+00
0.000000000000000000e+00
0.000000000000000000e+00
4.785146742782717677e-01
7.497558360995160598e+00
0.000000000000000000e+00
0.000000000000000000e+00
0.000000000000000000e+00
0.000000000000000000e+00
0.000000000000000000e+00
0.000000000000000000e+00
0.000000000000000000e+00
2.471867887953092119e-02
3.088372770214355967e+00
1.224639854560301266e+01
0.000000000000000000e+00
0.000000000000000000e+00
0.000000000000000000e+00
0.000000000000000000e+00
0.000000000000000000e+00
0.000000000000000000e+00
0.000000000000000000e+00
0.000000000000000000e+00
6.262065316147833460e-01
5.959460815883987017e+00
1.307342488711623574e+01
0.000000000000000000e+00
0.000000000000000000e+00
0.000000000000000000e+00
0.000000000000000000e+00
0.000000000000000000e+00
0.000000000000000000e+00
0.000000000000000000e+00
0.000000000000000000e+00
1.367013692898959576e-01
2.455388768700071722e+00
9.685039351336245161e+00
1.271240194910511256e+01
0.000000000000000000e+00
0.000000000000000000e+00
0.000000000000000000e+00
0.000000000000000000e+00
0.000000000000000000e+00
0.000000000000000000e+00
0.000000000000000000e+00
0.000000000000000000e+00
0.000000000000000000e+00
7.420931475737209126e-01
5.685296142292112442e+00
1.231198725706798314e+01
1.203704796616460904e+01
0.000000000000000000e+00
0.000000000000000000e+00
0.000000000000000000e+00
0.000000000000000000e+00
0.000000000000000000e+00
0.000000000000000000e+00
0.000000000000000000e+00
0.000000000000000000e+00
0.000000000000000000e+00
2.668993955478932145e-01
2.831671221004987693e+00
1.191440321993390405e+01
1.543453964687364355e+01
1.091613735643100291e+01
0.000000000000000000e+00
0.000000000000000000e+00
0.000000000000000000e+00
0.000000000000000000e+00
0.000000000000000000e+00
0.000000000000000000e+00
0.000000000000000000e+00
0.000000000000000000e+00
0.000000000000000000e+00
0.000000000000000000e+00
1.715781828522170871e+00
9.803441054789681530e+00
1.917345525088948577e+01
1.699215373967740561e+01
9.705810245567001004e+00
0.000000000000000000e+00
0.000000000000000000e+00
0.000000000000000000e+00
0.000000000000000000e+00
0.000000000000000000e+00
0.000000000000000000e+00
0.000000000000000000e+00
0.000000000000000000e+00
0.000000000000000000e+00
1.042954806385087280e-01
7.898729013371150742e-01
7.206283679793117791e+00
2.099342456951973546e+01
2.496586566832623078e+01
1.696773972568361799e+01
8.419494367530750978e+00
0.000000000000000000e+00
0.000000000000000000e+00
0.000000000000000000e+00
0.000000000000000000e+00
0.000000000000000000e+00
0.000000000000000000e+00
0.000000000000000000e+00
0.000000000000000000e+00
0.000000000000000000e+00
0.000000000000000000e+00
3.128864419155261700e-01
4.739237408022690445e+00
1.944552738991793461e+01
3.107026836288920890e+01
2.755308739105046811e+01
1.551022309025439050e+01
7.101135033458009893e+00
0.000000000000000000e+00
0.000000000000000000e+00
0.000000000000000000e+00
0.000000000000000000e+00
0.000000000000000000e+00
0.000000000000000000e+00
0.000000000000000000e+00
0.000000000000000000e+00
0.000000000000000000e+00
0.000000000000000000e+00
0.000000000000000000e+00
3.754637302986314040e+00
1.592910351029848925e+01
3.248546928668643119e+01
3.616727656069818408e+01
2.688568306130313346e+01
1.407956187021833294e+01
5.924682433261154735e+00
0.000000000000000000e+00
0.000000000000000000e+00
0.000000000000000000e+00
0.000000000000000000e+00
0.000000000000000000e+00
0.000000000000000000e+00
0.000000000000000000e+00
0.000000000000000000e+00
0.000000000000000000e+00
0.000000000000000000e+00
0.000000000000000000e+00
1.084977193467586698e+00
1.157679835087446918e+01
3.449111669172069128e+01
4.518225481775049701e+01
3.755381902063856359e+01
2.447973165036212251e+01
1.215329616610835117e+01
4.751586766553836050e+00
0.000000000000000000e+00
0.000000000000000000e+00
0.000000000000000000e+00
0.000000000000000000e+00
0.000000000000000000e+00
0.000000000000000000e+00
0.000000000000000000e+00
0.000000000000000000e+00
0.000000000000000000e+00
0.000000000000000000e+00
0.000000000000000000e+00
1.532356331553174522e+00
9.299804515436457919e+00
3.139293967219112602e+01
4.673414666244597981e+01
5.093965606456934125e+01
3.659690943560929099e+01
2.133221987303518574e+01
9.951152103868549759e+00
3.871765016523347480e+00
0.000000000000000000e+00
0.000000000000000000e+00
0.000000000000000000e+00
0.000000000000000000e+00
0.000000000000000000e+00
0.000000000000000000e+00
0.000000000000000000e+00
0.000000000000000000e+00
0.000000000000000000e+00
0.000000000000000000e+00
0.000000000000000000e+00
2.961984274725674715e-01
6.348333373577436767e+00
2.665943961091784686e+01
4.766303465179849042e+01
5.752907631405322064e+01
4.678365119103786185e+01
3.083592315839224440e+01
1.745962684857534342e+01
8.061507420749251196e+00
3.103332423191134115e+00
0.000000000000000000e+00
0.000000000000000000e+00
0.000000000000000000e+00
0.000000000000000000e+00
0.000000000000000000e+00
0.000000000000000000e+00
0.000000000000000000e+00
0.000000000000000000e+00
0.000000000000000000e+00
0.000000000000000000e+00
0.000000000000000000e+00
7.716605586952943741e-01
6.220166976923916735e+00
2.451770130485079235e+01
4.820398673834564107e+01
6.362024318949032420e+01
5.937211308383982100e+01
4.243700389211502255e+01
2.599278893212164476e+01
1.422971947498330181e+01
6.560045560131205100e+00
2.480773848767895640e+00
0.000000000000000000e+00
0.000000000000000000e+00
0.000000000000000000e+00
0.000000000000000000e+00
0.000000000000000000e+00
0.000000000000000000e+00
0.000000000000000000e+00
0.000000000000000000e+00
0.000000000000000000e+00
0.000000000000000000e+00
0.000000000000000000e+00
0.000000000000000000e+00
2.314981676085883233e+00
1.717950879340891390e+01
5.034885089389001678e+01
7.424343938156772538e+01
7.404979125334119772e+01
5.140756132869057637e+01
3.591703294373077426e+01
2.157928758076214848e+01
1.111516593616240556e+01
5.097646121903221861e+00
1.963500915607410580e+00
0.000000000000000000e+00
0.000000000000000000e+00
0.000000000000000000e+00
0.000000000000000000e+00
0.000000000000000000e+00
0.000000000000000000e+00
0.000000000000000000e+00
0.000000000000000000e+00
0.000000000000000000e+00
0.000000000000000000e+00
0.000000000000000000e+00
0.000000000000000000e+00
9.705651271184425610e-01
1.041741754238647388e+01
4.354116883846742070e+01
8.099597752495350278e+01
7.842835141351413597e+01
6.601903924417602809e+01
4.186326377086709982e+01
3.080781594324253447e+01
1.685332595674002931e+01
9.368379295342219137e+00
4.057609125767794644e+00
1.568298291157364410e+00
0.000000000000000000e+00
0.000000000000000000e+00
0.000000000000000000e+00
0.000000000000000000e+00
0.000000000000000000e+00
0.000000000000000000e+00
0.000000000000000000e+00
0.000000000000000000e+00
0.000000000000000000e+00
0.000000000000000000e+00
0.000000000000000000e+00
0.000000000000000000e+00
1.181263764758946122e+00
1.019093383474364600e+01
4.051217933150295636e+01
6.101687605934890257e+01
8.340396604596563179e+01
8.400823412277600255e+01
5.590237762224067808e+01
3.350377556504930254e+01
2.283896256188400642e+01
1.314286021887142653e+01
7.151937755810947372e+00
3.161614812195724156e+00
1.236572227236746535e+00
0.000000000000000000e+00
0.000000000000000000e+00
0.000000000000000000e+00
0.000000000000000000e+00
0.000000000000000000e+00
0.000000000000000000e+00
0.000000000000000000e+00
0.000000000000000000e+00
0.000000000000000000e+00
0.000000000000000000e+00
0.000000000000000000e+00
0.000000000000000000e+00
1.394269717736181136e+00
5.315686941415257216e+00
2.863167124999405644e+01
7.369358335540061944e+01
8.708233767693484140e+01
8.406069018805985138e+01
6.509863160805521431e+01
4.442987475200472147e+01
2.711896961257428629e+01
1.666214797920419244e+01
1.091658077615026201e+01
5.883045573328359978e+00
2.639154912728631786e+00
1.009521453035330030e+00
0.000000000000000000e+00
0.000000000000000000e+00
0.000000000000000000e+00
0.000000000000000000e+00
0.000000000000000000e+00
0.000000000000000000e+00
0.000000000000000000e+00
0.000000000000000000e+00
0.000000000000000000e+00
0.000000000000000000e+00
0.000000000000000000e+00
0.000000000000000000e+00
8.001600123562556677e-01
3.485674294340452839e+00
1.771895647138419250e+01
6.842484146185020677e+01
9.375675788147826495e+01
9.063671880660564284e+01
7.092620734617550227e+01
4.944396067373717329e+01
3.452180409134638950e+01
2.330125058944489780e+01
1.319245583708157987e+01
7.909150651772551832e+00
4.531757794580669518e+00
2.099605203465886305e+00
7.980346431944946861e-01
0.000000000000000000e+00
0.000000000000000000e+00
0.000000000000000000e+00
0.000000000000000000e+00
0.000000000000000000e+00
0.000000000000000000e+00
0.000000000000000000e+00
0.000000000000000000e+00
0.000000000000000000e+00
0.000000000000000000e+00
0.000000000000000000e+00
0.000000000000000000e+00
0.000000000000000000e+00
6.401280098850045341e+00
2.370258520151507753e+01
6.733203459125992651e+01
9.414481733048893375e+01
9.491424871952121123e+01
8.589754396704456951e+01
5.801063255165588828e+01
4.107413660984435921e+01
2.419655150813402500e+01
1.783796302186318172e+01
9.837149150193779334e+00
6.620252027039247089e+00
3.353500767989695319e+00
1.726070789360908853e+00
6.347656052942824978e-01
0.000000000000000000e+00
0.000000000000000000e+00
0.000000000000000000e+00
0.000000000000000000e+00
0.000000000000000000e+00
0.000000000000000000e+00
0.000000000000000000e+00
0.000000000000000000e+00
0.000000000000000000e+00
0.000000000000000000e+00
0.000000000000000000e+00
0.000000000000000000e+00
0.000000000000000000e+00
3.584221538285375708e+00
1.520304023476885824e+01
4.461663096755779634e+01
8.268846353312622455e+01
8.977727425845593245e+01
7.909520726626767839e+01
6.309026505165687126e+01
4.159252899930044833e+01
2.991437119132060829e+01
1.908607295684709726e+01
1.382277577339951513e+01
8.273881261984691093e+00
5.272767101181701221e+00
2.686096438242360218e+00
1.428219818636678573e+00
4.998779141692474837e-01
0.000000000000000000e+00
0.000000000000000000e+00
0.000000000000000000e+00
0.000000000000000000e+00
0.000000000000000000e+00
0.000000000000000000e+00
0.000000000000000000e+00
0.000000000000000000e+00
0.000000000000000000e+00
0.000000000000000000e+00
0.000000000000000000e+00
0.000000000000000000e+00
0.000000000000000000e+00
3.930348314753239869e+00
1.344083076857015868e+01
4.000800061781278316e+01
8.644472249964323396e+01
1.086762663578230388e+02
9.511538245760736743e+01
6.597697776844766793e+01
4.739174839561079722e+01
2.845804615741609567e+01
2.076956341780809012e+01
1.585291305705332654e+01
1.033417045916058896e+01
5.833658216975380562e+00
4.022926010531223895e+00
2.183483301025231693e+00
1.083982221324248263e+00
4.010009641137919356e-01
0.000000000000000000e+00
0.000000000000000000e+00
0.000000000000000000e+00
0.000000000000000000e+00
0.000000000000000000e+00
0.000000000000000000e+00
0.000000000000000000e+00
0.000000000000000000e+00
0.000000000000000000e+00
0.000000000000000000e+00
0.000000000000000000e+00
0.000000000000000000e+00
0.000000000000000000e+00
0.000000000000000000e+00
9.825870786883099228e+00
4.301065845942450494e+01
8.081616124798182454e+01
9.899314995926886240e+01
1.033605794164077878e+02
7.618936247879774726e+01
4.244133072824119068e+01
3.584000972418066056e+01
2.232862083120339847e+01
1.441469699892651057e+01
7.926456528526663270e+00
6.648096919587385578e+00
5.337987910957864734e+00
2.870728755087815109e+00
1.895098714097370740e+00
8.227522715907019668e-01
3.433227432481095742e-01
0.000000000000000000e+00
0.000000000000000000e+00
0.000000000000000000e+00
0.000000000000000000e+00
0.000000000000000000e+00
0.000000000000000000e+00
0.000000000000000000e+00
0.000000000000000000e+00
0.000000000000000000e+00
0.000000000000000000e+00
0.000000000000000000e+00
0.000000000000000000e+00
0.000000000000000000e+00
1.125116986457390666e+00
3.176666815725686988e+00
2.456467696720774896e+01
8.781342768799170528e+01
9.201840142096939701e+01
1.045702288302135798e+02
6.319761141460362097e+01
5.143995173727745396e+01
4.089800961085060038e+01
2.754645375494877513e+01
2.101517254701496284e+01
1.224474261199133629e+01
9.595184218742803139e+00
5.858224018250270504e+00
3.850976992905316809e+00
2.050520539348439364e+00
1.392485576880241993e+00
6.982408002223761123e-01
2.713012611089505866e-01
0.000000000000000000e+00
0.000000000000000000e+00
0.000000000000000000e+00
0.000000000000000000e+00
0.000000000000000000e+00
0.000000000000000000e+00
0.000000000000000000e+00
0.000000000000000000e+00
0.000000000000000000e+00
0.000000000000000000e+00
0.000000000000000000e+00
0.000000000000000000e+00
0.000000000000000000e+00
0.000000000000000000e+00
3.375350959372171999e+00
3.070777921868164029e+01
7.467661798031156195e+01
9.408581537999111788e+01
9.281856143332565523e+01
6.483354187473241836e+01
4.902244623749626129e+01
3.688147483050082087e+01
2.816561039237824460e+01
1.925289778571688615e+01
1.291557479451961399e+01
1.115976541852375092e+01
8.239342970442189440e+00
4.081009990241761365e+00
3.050278806261637055e+00
1.523243829230269242e+00
1.293610861362118225e+00
5.883777372503239400e-01
2.206420829941184159e-01
0.000000000000000000e+00
0.000000000000000000e+00
0.000000000000000000e+00
0.000000000000000000e+00
0.000000000000000000e+00
0.000000000000000000e+00
0.000000000000000000e+00
0.000000000000000000e+00
0.000000000000000000e+00
0.000000000000000000e+00
0.000000000000000000e+00
0.000000000000000000e+00
0.000000000000000000e+00
0.000000000000000000e+00
2.364083160491854407e+00
1.912698876977564311e+01
5.823889162163759181e+01
1.100497528130907199e+02
8.781342768799170528e+01
5.121024079080036273e+01
4.810230526189825184e+01
3.543791294276838499e+01
2.620525843219795092e+01
2.507896815759706755e+01
1.777190564835404984e+01
1.619919550499070127e+01
7.904833838120989498e+00
5.319069512563944890e+00
4.081009990241761365e+00
2.745250925635473571e+00
1.503715062188855534e+00
9.557889166751957211e-01
4.199210406931772610e-01
1.416015581041091820e-01
0.000000000000000000e+00
0.000000000000000000e+00
0.000000000000000000e+00
0.000000000000000000e+00
0.000000000000000000e+00
0.000000000000000000e+00
0.000000000000000000e+00
0.000000000000000000e+00
0.000000000000000000e+00
0.000000000000000000e+00
0.000000000000000000e+00
0.000000000000000000e+00
0.000000000000000000e+00
0.000000000000000000e+00
1.230715447488967884e+00
1.418449896295112644e+01
4.950514740412518933e+01
8.788778190174400606e+01
6.976368258687000434e+01
6.810020922742214111e+01
5.201040080315662095e+01
3.137106864906407466e+01
2.835033035421470515e+01
1.649960716101352176e+01
1.774819284999177071e+01
1.007074653406729325e+01
5.253793136753740711e+00
4.184912031946406152e+00
3.024568938516753125e+00
2.896200638236088754e+00
1.944552738991793595e+00
1.152197255443408785e+00
7.003625682533761720e-01
3.149407805198829458e-01
1.373290972992438075e-01
0.000000000000000000e+00
0.000000000000000000e+00
0.000000000000000000e+00
0.000000000000000000e+00
0.000000000000000000e+00
0.000000000000000000e+00
0.000000000000000000e+00
0.000000000000000000e+00
0.000000000000000000e+00
0.000000000000000000e+00
0.000000000000000000e+00
0.000000000000000000e+00
0.000000000000000000e+00
0.000000000000000000e+00
1.272255159682329495e+00
9.845723579911743073e+00
6.028412059254228694e+01
7.088237014681561732e+01
7.729889251599171018e+01
6.092039887867521486e+01
4.390671384399585264e+01
3.680736056838775738e+01
2.649112463698744335e+01
1.535642894186629981e+01
1.213206408898053112e+01
1.041741754238647388e+01
8.589754396704456951e+00
4.378160947294784222e+00
5.579882709261875462e+00
3.650341822347805465e+00
2.172150478677066676e+00
1.677653343443900269e+00
1.191254789526236202e+00
5.850087334822318130e-01
2.734369567304409943e-01
1.129150355571560266e-01
0.000000000000000000e+00
0.000000000000000000e+00
0.000000000000000000e+00
0.000000000000000000e+00
0.000000000000000000e+00
0.000000000000000000e+00
0.000000000000000000e+00
0.000000000000000000e+00
0.000000000000000000e+00
0.000000000000000000e+00
0.000000000000000000e+00
0.000000000000000000e+00
0.000000000000000000e+00
0.000000000000000000e+00
0.000000000000000000e+00
8.905786117776306909e+00
4.184432521462490939e+01
5.437391269131265403e+01
7.650795507910257243e+01
5.929778056021282140e+01
3.144278651802591895e+01
3.225799384456838226e+01
2.720544042011269426e+01
2.230831548377889817e+01
1.122200576520998894e+01
9.705651271184425610e+00
7.330775307605296831e+00
4.146777984615944490e+00
4.378160947294784222e+00
3.409928322326701178e+00
3.128864419155261700e+00
2.172150478677066676e+00
1.525139403130818527e+00
7.616219146151346209e-01
4.366966602050463275e-01
1.928707105509360753e-01
8.972167690217262848e-02
0.000000000000000000e+00
0.000000000000000000e+00
0.000000000000000000e+00
0.000000000000000000e+00
0.000000000000000000e+00
0.000000000000000000e+00
0.000000000000000000e+00
0.000000000000000000e+00
0.000000000000000000e+00
0.000000000000000000e+00
0.000000000000000000e+00
0.000000000000000000e+00
0.000000000000000000e+00
0.000000000000000000e+00
0.000000000000000000e+00
2.615439313590881110e+00
2.035608255491727192e+01
6.768934961189323474e+01
6.383024533328006811e+01
5.175538137703996711e+01
3.917889072728347344e+01
1.768656741638957897e+01
2.060927384514091187e+01
2.000400030890639158e+01
1.185129260075753876e+01
1.004074200045104170e+01
7.279238453388319208e+00
7.330775307605296831e+00
3.850579557143376963e+00
3.502528757835827289e+00
4.494905515794288320e+00
1.981614132131665817e+00
1.448100319118044377e+00
9.913406120350320982e-01
6.249205453252386633e-01
3.460615043134329105e-01
1.757809007552835201e-01
7.446288831336776715e-02
0.000000000000000000e+00
0.000000000000000000e+00
0.000000000000000000e+00
0.000000000000000000e+00
0.000000000000000000e+00
0.000000000000000000e+00
0.000000000000000000e+00
0.000000000000000000e+00
0.000000000000000000e+00
0.000000000000000000e+00
0.000000000000000000e+00
0.000000000000000000e+00
0.000000000000000000e+00
0.000000000000000000e+00
0.000000000000000000e+00
4.014164445120215419e+00
2.092351450872704888e+01
4.452893058888152922e+01
5.415147968951458779e+01
3.546124740737781877e+01
3.150327562080693866e+01
1.694222301720366275e+01
1.965174157376619846e+01
2.060927384514091187e+01
2.000400030890639158e+01
8.365618306417086814e+00
8.859478235692096248e+00
4.367543072032991525e+00
4.244133072824118891e+00
3.258182702198242353e+00
1.970172426282652767e+00
1.549967419239409727e+00
1.773023170854648445e+00
7.898729013371150742e-01
6.863127314088683928e-01
7.030356134908934962e-01
2.554263484218195490e-01
1.416012811639783819e-01
6.225585744232386282e-02
0.000000000000000000e+00
0.000000000000000000e+00
0.000000000000000000e+00
0.000000000000000000e+00
0.000000000000000000e+00
0.000000000000000000e+00
0.000000000000000000e+00
0.000000000000000000e+00
0.000000000000000000e+00
0.000000000000000000e+00
0.000000000000000000e+00
0.000000000000000000e+00
0.000000000000000000e+00
0.000000000000000000e+00
0.000000000000000000e+00
2.728153838002840281e+00
2.274693185568121834e+01
4.707790764463585731e+01
4.198442026951687467e+01
5.292076424202561924e+01
2.245879002467261643e+01
2.925304164789215733e+01
1.164777832432751836e+01
1.179104494425972049e+01
9.856609230284783862e+00
7.201440111206300898e+00
4.879944012076633975e+00
5.315686941415257216e+00
4.852825635592212805e+00
3.472472514128824628e+00
3.850579557143376963e+00
1.751264378917913644e+00
9.299804515436458363e-01
1.147250287023596105e+00
3.291137088904646513e-01
4.575418209392455582e-01
2.929315056212056234e-01
1.977494310362473695e-01
1.147458657708100710e-01
4.943847502772777402e-02
0.000000000000000000e+00
0.000000000000000000e+00
0.000000000000000000e+00
0.000000000000000000e+00
0.000000000000000000e+00
0.000000000000000000e+00
0.000000000000000000e+00
0.000000000000000000e+00
0.000000000000000000e+00
0.000000000000000000e+00
0.000000000000000000e+00
0.000000000000000000e+00
0.000000000000000000e+00
0.000000000000000000e+00
0.000000000000000000e+00
1.386476391214087167e+00
1.636892302801704346e+01
5.619830223168301586e+01
5.230878627181762397e+01
4.198442026951687467e+01
2.830645529224626245e+01
1.891266528393483526e+01
1.462652082394607866e+01
1.164777832432751836e+01
8.843283708194789483e+00
6.272387691999407267e+00
1.120224017298757957e+01
6.274213729812815110e+00
4.725055059035784488e+00
2.426412817796106403e+00
2.314981676085883233e+00
2.961984274725674826e+00
2.407988521012131233e+00
1.549967419239409727e+00
7.300683644695611374e-01
6.582274177809293025e-01
4.956703060175160491e-01
4.882191760353427057e-01
1.565516329036958365e-01
8.544904897826281764e-02
4.272460804865363393e-02
0.000000000000000000e+00
0.000000000000000000e+00
0.000000000000000000e+00
0.000000000000000000e+00
0.000000000000000000e+00
0.000000000000000000e+00
0.000000000000000000e+00
0.000000000000000000e+00
0.000000000000000000e+00
0.000000000000000000e+00
0.000000000000000000e+00
0.000000000000000000e+00
0.000000000000000000e+00
0.000000000000000000e+00
0.000000000000000000e+00
2.811661107804137583e+00
1.247828752092678428e+01
5.047084600305254298e+01
4.683191852640251085e+01
3.269299141988601320e+01
3.435088931142289681e+01
2.092216260731245470e+01
9.456332641967417629e+00
7.875818905201734665e+00
6.353333631451373975e+00
6.878109550818169993e+00
8.960553845713439713e+00
4.800960074137534228e+00
4.182809153208543407e+00
3.543791294276838144e+00
9.705651271184425610e-01
1.929151396738235880e+00
8.885952824177023590e-01
1.751264378917913644e+00
7.749837096197048636e-01
8.343638451080698237e-01
9.215183848933009569e-01
3.050278806261637055e-01
2.734027385797919152e-01
1.483120732771855410e-01
1.098630629720522001e-01
3.143310449293802711e-02
0.000000000000000000e+00
0.000000000000000000e+00
0.000000000000000000e+00
0.000000000000000000e+00
0.000000000000000000e+00
0.000000000000000000e+00
0.000000000000000000e+00
0.000000000000000000e+00
0.000000000000000000e+00
0.000000000000000000e+00
0.000000000000000000e+00
0.000000000000000000e+00
0.000000000000000000e+00
0.000000000000000000e+00
0.000000000000000000e+00
0.000000000000000000e+00
1.265247498511861934e+01
3.188895699792400507e+01
4.092230757004260511e+01
3.211331556096172335e+01
3.007755210629513343e+01
7.633530958093976970e+00
7.384292684933807749e+00
1.418449896295112644e+01
6.750701918744343999e+00
4.235555754300915687e+00
2.947761236064930124e+00
4.480276922856719857e+00
5.601120086493789785e+00
4.182809153208543407e+00
1.771895647138419072e+00
1.941130254236885122e+00
1.543321117390588748e+00
1.777190564835404718e+00
1.532356331553174522e+00
6.199869676957638909e-01
7.300683644695611374e-01
2.632909671123717099e-01
4.575418209392455582e-01
1.757589033727233740e-01
1.400725136506752178e-01
6.347643638385237763e-02
2.410888597031169214e-02
0.000000000000000000e+00
0.000000000000000000e+00
0.000000000000000000e+00
0.000000000000000000e+00
0.000000000000000000e+00
0.000000000000000000e+00
0.000000000000000000e+00
0.000000000000000000e+00
0.000000000000000000e+00
0.000000000000000000e+00
0.000000000000000000e+00
0.000000000000000000e+00
0.000000000000000000e+00
0.000000000000000000e+00
0.000000000000000000e+00
0.000000000000000000e+00
1.422619279714792917e+01
1.546413609292275737e+01
4.298076812763670063e+01
2.182523070402272225e+01
2.140887704064114772e+01
1.569263588154528577e+01
1.017804127745863596e+01
6.153577237444839199e+00
3.546124740737781611e+00
7.875818905201734665e+00
5.294444692876144387e+00
5.895522472129860247e+00
2.688166153714031559e+00
2.400480037068767114e+00
4.182809153208543407e+00
1.181263764758946122e+00
1.455847690677663842e+00
1.543321117390588748e+00
1.184793709890269886e+00
6.567241420942175889e-01
3.099934838478819454e-01
1.042954806385087280e-01
1.974682253342787686e-01
3.431563657044341964e-01
1.562301363313096658e-01
9.063515589161338926e-02
6.347643638385237763e-02
2.166747979610291266e-02
0.000000000000000000e+00
0.000000000000000000e+00
0.000000000000000000e+00
0.000000000000000000e+00
0.000000000000000000e+00
0.000000000000000000e+00
0.000000000000000000e+00
0.000000000000000000e+00
0.000000000000000000e+00
0.000000000000000000e+00
0.000000000000000000e+00
0.000000000000000000e+00
0.000000000000000000e+00
0.000000000000000000e+00
0.000000000000000000e+00
2.900048006555250080e+00
2.874480935271534587e+00
2.560714703486627286e+01
3.373993329364964922e+01
2.772952782428174245e+01
1.227669227101278082e+01
1.204249333536064626e+01
1.176947691115896433e+01
5.089020638729317980e+00
6.153577237444839199e+00
2.364083160491854407e+00
3.375350959372171999e+00
0.000000000000000000e+00
2.947761236064930124e+00
5.376332307428063118e+00
4.000800061781278671e+00
1.394269717736181136e+00
2.362527529517892244e+00
1.455847690677663842e+00
1.157490838042941617e+00
2.961984274725674715e-01
8.756321894589568222e-01
1.549967419239409727e-01
1.042954806385087280e-01
2.632909671123717099e-01
2.668993955478932145e-01
1.171726022484822494e-01
4.943735775906184238e-02
3.906242239006300215e-02
1.678466744768535718e-02
0.000000000000000000e+00
0.000000000000000000e+00
0.000000000000000000e+00
0.000000000000000000e+00
0.000000000000000000e+00
0.000000000000000000e+00
0.000000000000000000e+00
0.000000000000000000e+00
0.000000000000000000e+00
0.000000000000000000e+00
0.000000000000000000e+00
0.000000000000000000e+00
0.000000000000000000e+00
0.000000000000000000e+00
0.000000000000000000e+00
1.461243764860584493e+00
5.800096013110500159e+00
1.437240467635767338e+01
3.129762415372544382e+01
1.686996664682482461e+01
6.932381956070435614e+00
1.227669227101278082e+01
6.690274075200358439e+00
3.923158970386321442e+00
1.272255159682329495e+00
3.692146342466903874e+00
0.000000000000000000e+00
1.125116986457390666e+00
2.117777877150457844e+00
1.965174157376619934e+00
0.000000000000000000e+00
8.001600123562556677e-01
0.000000000000000000e+00
1.181263764758946122e+00
4.852825635592212805e-01
0.000000000000000000e+00
0.000000000000000000e+00
6.567241420942175889e-01
4.649902257718229182e-01
3.128864419155261700e-01
1.974682253342787686e-01
2.287709104696227791e-01
3.905753408282741646e-02
5.767691738557215175e-02
4.638662658819981549e-02
1.190185509926779822e-02
0.000000000000000000e+00
0.000000000000000000e+00
0.000000000000000000e+00
0.000000000000000000e+00
0.000000000000000000e+00
0.000000000000000000e+00
0.000000000000000000e+00
0.000000000000000000e+00
0.000000000000000000e+00
0.000000000000000000e+00
0.000000000000000000e+00
0.000000000000000000e+00
0.000000000000000000e+00
0.000000000000000000e+00
0.000000000000000000e+00
1.471127674303734700e+00
7.306218824302922243e+00
2.900048006555250169e+01
3.161929028798688179e+01
1.991666991600710190e+01
1.405830553902068836e+01
9.705334738498610392e+00
8.184461514008521732e+00
1.338054815040071732e+00
2.615439313590881110e+00
2.544510319364658990e+00
1.230715447488967884e+00
1.182041580245927204e+00
3.375350959372171999e+00
3.176666815725686988e+00
9.825870786883099672e-01
1.792110769142687854e+00
8.001600123562556677e-01
1.394269717736181136e+00
0.000000000000000000e+00
4.852825635592212805e-01
7.716605586952943741e-01
2.961984274725674715e-01
2.189080473647392056e-01
6.199869676957638909e-01
3.128864419155261700e-01
1.974682253342787686e-01
1.906424253913523159e-01
9.764383520706854114e-02
8.239559626510307988e-02
3.662102099068406669e-02
1.068115201216340848e-02
0.000000000000000000e+00
0.000000000000000000e+00
0.000000000000000000e+00
0.000000000000000000e+00
0.000000000000000000e+00
0.000000000000000000e+00
0.000000000000000000e+00
0.000000000000000000e+00
0.000000000000000000e+00
0.000000000000000000e+00
0.000000000000000000e+00
0.000000000000000000e+00
0.000000000000000000e+00
0.000000000000000000e+00
0.000000000000000000e+00
0.000000000000000000e+00
2.942255348607469401e+00
2.337990023776935189e+01
1.595026403605387522e+01
2.299584748217227670e+01
1.138095423771834369e+01
5.623322215608275165e+00
2.772952782428174334e+00
1.364076919001420141e+00
2.676109630080143464e+00
2.615439313590881110e+00
0.000000000000000000e+00
2.461430894977935768e+00
1.182041580245927204e+00
1.125116986457390666e+00
1.058888938575228922e+00
9.825870786883099672e-01
1.792110769142687854e+00
1.600320024712511335e+00
0.000000000000000000e+00
0.000000000000000000e+00
1.941130254236885122e+00
7.716605586952943741e-01
5.923968549451349430e-01
6.567241420942175889e-01
1.549967419239409727e-01
0.000000000000000000e+00
1.974682253342787686e-01
7.625697015654092636e-02
9.764383520706854114e-02
4.119779813255153994e-02
2.685541539316831441e-02
7.629394294402434135e-03
0.000000000000000000e+00
0.000000000000000000e+00
0.000000000000000000e+00
0.000000000000000000e+00
0.000000000000000000e+00
0.000000000000000000e+00
0.000000000000000000e+00
0.000000000000000000e+00
0.000000000000000000e+00
0.000000000000000000e+00
0.000000000000000000e+00
0.000000000000000000e+00
0.000000000000000000e+00
0.000000000000000000e+00
0.000000000000000000e+00
0.000000000000000000e+00
1.479865982045772466e+00
1.324014906873361141e+01
1.607368141346642787e+01
1.450024003277625084e+01
4.311721402907301659e+00
2.845238559429585923e+00
4.217491661706206152e+00
2.772952782428174334e+00
1.364076919001420141e+00
0.000000000000000000e+00
3.923158970386321442e+00
2.544510319364658990e+00
2.461430894977935768e+00
1.182041580245927204e+00
1.125116986457390666e+00
1.058888938575228922e+00
1.965174157376619934e+00
0.000000000000000000e+00
0.000000000000000000e+00
1.394269717736181136e+00
5.906318823794730610e-01
4.852825635592212805e-01
3.858302793476471870e-01
1.184793709890269886e+00
8.756321894589568222e-01
1.549967419239409727e-01
3.128864419155261700e-01
6.582274177809292748e-02
1.525139403130818527e-01
5.858630112424112468e-02
8.239559626510307641e-03
1.708980979565256214e-02
5.798339663745850393e-03
0.000000000000000000e+00
0.000000000000000000e+00
0.000000000000000000e+00
0.000000000000000000e+00
0.000000000000000000e+00
0.000000000000000000e+00
0.000000000000000000e+00
0.000000000000000000e+00
0.000000000000000000e+00
0.000000000000000000e+00
0.000000000000000000e+00
0.000000000000000000e+00
0.000000000000000000e+00
0.000000000000000000e+00
0.000000000000000000e+00
0.000000000000000000e+00
2.975236072815895749e+00
1.183892785636617973e+01
1.765353209164481640e+01
1.168995011888467594e+01
8.700144019665749795e+00
4.311721402907301659e+00
0.000000000000000000e+00
1.405830553902068791e+00
0.000000000000000000e+00
0.000000000000000000e+00
1.338054815040071732e+00
0.000000000000000000e+00
1.272255159682329495e+00
2.461430894977935768e+00
0.000000000000000000e+00
0.000000000000000000e+00
0.000000000000000000e+00
0.000000000000000000e+00
8.960553845713439269e-01
0.000000000000000000e+00
6.971348588680905678e-01
5.906318823794730610e-01
0.000000000000000000e+00
0.000000000000000000e+00
0.000000000000000000e+00
0.000000000000000000e+00
0.000000000000000000e+00
1.042954806385087280e-01
1.316454835561858550e-01
1.143854552348113895e-01
1.952876704141370823e-02
4.119779813255153994e-02
4.882802798757875269e-03
5.798339663745850393e-03
0.000000000000000000e+00
0.000000000000000000e+00
0.000000000000000000e+00
0.000000000000000000e+00
0.000000000000000000e+00
0.000000000000000000e+00
0.000000000000000000e+00
0.000000000000000000e+00
0.000000000000000000e+00
0.000000000000000000e+00
0.000000000000000000e+00
0.000000000000000000e+00
0.000000000000000000e+00
0.000000000000000000e+00
0.000000000000000000e+00
0.000000000000000000e+00
4.483553369481915851e+00
7.438090182039739595e+00
1.183892785636617973e+01
7.355638371518673502e+00
5.844975059442337972e+00
4.350072009832874897e+00
4.311721402907301659e+00
2.845238559429585923e+00
2.811661107804137583e+00
1.386476391214087167e+00
1.364076919001420141e+00
0.000000000000000000e+00
1.307719656795440555e+00
0.000000000000000000e+00
1.230715447488967884e+00
0.000000000000000000e+00
2.250233972914781333e+00
1.058888938575228922e+00
0.000000000000000000e+00
0.000000000000000000e+00
0.000000000000000000e+00
0.000000000000000000e+00
5.906318823794730610e-01
0.000000000000000000e+00
0.000000000000000000e+00
5.923968549451349430e-01
6.567241420942175889e-01
0.000000000000000000e+00
0.000000000000000000e+00
1.316454835561858550e-01
0.000000000000000000e+00
5.858630112424112468e-02
3.295823850604123056e-02
1.708980979565256214e-02
3.356933489537071349e-03
0.000000000000000000e+00
0.000000000000000000e+00
0.000000000000000000e+00
0.000000000000000000e+00
0.000000000000000000e+00
0.000000000000000000e+00
0.000000000000000000e+00
0.000000000000000000e+00
0.000000000000000000e+00
0.000000000000000000e+00
0.000000000000000000e+00
0.000000000000000000e+00
0.000000000000000000e+00
0.000000000000000000e+00
0.000000000000000000e+00
0.000000000000000000e+00
0.000000000000000000e+00
1.195614231861844168e+01
5.950472145631791498e+00
8.879195892274633906e+00
0.000000000000000000e+00
4.383731294581753701e+00
1.450024003277625040e+00
0.000000000000000000e+00
1.422619279714792961e+00
2.811661107804137583e+00
0.000000000000000000e+00
0.000000000000000000e+00
0.000000000000000000e+00
1.307719656795440555e+00
0.000000000000000000e+00
2.461430894977935768e+00
1.182041580245927204e+00
1.125116986457390666e+00
0.000000000000000000e+00
9.825870786883099672e-01
8.960553845713439269e-01
8.001600123562556677e-01
0.000000000000000000e+00
0.000000000000000000e+00
0.000000000000000000e+00
0.000000000000000000e+00
0.000000000000000000e+00
0.000000000000000000e+00
0.000000000000000000e+00
1.042954806385087280e-01
1.974682253342787686e-01
3.812848507827046318e-02
3.905753408282741646e-02
1.647911925302061528e-02
2.441401399378937635e-03
3.356933489537071349e-03
0.000000000000000000e+00
0.000000000000000000e+00
0.000000000000000000e+00
0.000000000000000000e+00
0.000000000000000000e+00
0.000000000000000000e+00
0.000000000000000000e+00
0.000000000000000000e+00
0.000000000000000000e+00
0.000000000000000000e+00
0.000000000000000000e+00
0.000000000000000000e+00
0.000000000000000000e+00
0.000000000000000000e+00
0.000000000000000000e+00
1.511150001924220776e+00
1.506195209978576255e+00
3.001356539728552875e+00
8.967106738963831702e+00
1.190094429126358300e+01
5.919463928183089863e+00
4.413383022911204101e+00
1.461243764860584493e+00
1.450024003277625040e+00
1.437240467635767294e+00
2.845238559429585923e+00
0.000000000000000000e+00
1.386476391214087167e+00
0.000000000000000000e+00
0.000000000000000000e+00
0.000000000000000000e+00
0.000000000000000000e+00
0.000000000000000000e+00
0.000000000000000000e+00
1.125116986457390666e+00
0.000000000000000000e+00
1.965174157376619934e+00
0.000000000000000000e+00
0.000000000000000000e+00
6.971348588680905678e-01
1.181263764758946122e+00
0.000000000000000000e+00
0.000000000000000000e+00
0.000000000000000000e+00
0.000000000000000000e+00
3.099934838478819454e-01
1.042954806385087280e-01
6.582274177809292748e-02
0.000000000000000000e+00
5.858630112424112468e-02
1.647911925302061528e-02
1.464840839627362667e-02
3.356933489537071349e-03
0.000000000000000000e+00
0.000000000000000000e+00
0.000000000000000000e+00
0.000000000000000000e+00
0.000000000000000000e+00
0.000000000000000000e+00
0.000000000000000000e+00
0.000000000000000000e+00
0.000000000000000000e+00
0.000000000000000000e+00
0.000000000000000000e+00
0.000000000000000000e+00
0.000000000000000000e+00
0.000000000000000000e+00
0.000000000000000000e+00
0.000000000000000000e+00
1.511150001924220776e+00
6.024780839914305020e+00
6.002713079457105749e+00
1.494517789827305210e+00
0.000000000000000000e+00
0.000000000000000000e+00
4.413383022911204101e+00
1.461243764860584493e+00
1.450024003277625040e+00
0.000000000000000000e+00
1.422619279714792961e+00
0.000000000000000000e+00
0.000000000000000000e+00
1.364076919001420141e+00
0.000000000000000000e+00
0.000000000000000000e+00
0.000000000000000000e+00
1.230715447488967884e+00
2.364083160491854407e+00
0.000000000000000000e+00
0.000000000000000000e+00
9.825870786883099672e-01
0.000000000000000000e+00
0.000000000000000000e+00
0.000000000000000000e+00
0.000000000000000000e+00
0.000000000000000000e+00
0.000000000000000000e+00
0.000000000000000000e+00
0.000000000000000000e+00
0.000000000000000000e+00
0.000000000000000000e+00
0.000000000000000000e+00
7.625697015654092636e-02
0.000000000000000000e+00
2.471867887953092119e-02
1.220700699689468774e-02
2.136230402432681610e-03
0.000000000000000000e+00
0.000000000000000000e+00
0.000000000000000000e+00
0.000000000000000000e+00
0.000000000000000000e+00
0.000000000000000000e+00
0.000000000000000000e+00
0.000000000000000000e+00
0.000000000000000000e+00
0.000000000000000000e+00
0.000000000000000000e+00
0.000000000000000000e+00
0.000000000000000000e+00
0.000000000000000000e+00
0.000000000000000000e+00
0.000000000000000000e+00
3.031224203472683065e+00
6.044600007696883104e+00
1.355575688980718674e+01
4.502034809592829312e+00
1.494517789827305210e+00
4.462854109223843402e+00
2.959731964091544931e+00
1.471127674303734700e+00
0.000000000000000000e+00
0.000000000000000000e+00
2.874480935271534587e+00
0.000000000000000000e+00
0.000000000000000000e+00
1.386476391214087167e+00
0.000000000000000000e+00
0.000000000000000000e+00
0.000000000000000000e+00
0.000000000000000000e+00
0.000000000000000000e+00
0.000000000000000000e+00
0.000000000000000000e+00
0.000000000000000000e+00
0.000000000000000000e+00
0.000000000000000000e+00
8.001600123562556677e-01
0.000000000000000000e+00
0.000000000000000000e+00
4.852825635592212805e-01
3.858302793476471870e-01
0.000000000000000000e+00
0.000000000000000000e+00
0.000000000000000000e+00
0.000000000000000000e+00
6.582274177809292748e-02
3.812848507827046318e-02
3.905753408282741646e-02
0.000000000000000000e+00
2.441401399378937635e-03
1.525878858880486957e-03
0.000000000000000000e+00
0.000000000000000000e+00
0.000000000000000000e+00
0.000000000000000000e+00
0.000000000000000000e+00
0.000000000000000000e+00
0.000000000000000000e+00
0.000000000000000000e+00
0.000000000000000000e+00
0.000000000000000000e+00
0.000000000000000000e+00
0.000000000000000000e+00
0.000000000000000000e+00
0.000000000000000000e+00
0.000000000000000000e+00
0.000000000000000000e+00
0.000000000000000000e+00
4.546836305209025042e+00
6.044600007696883104e+00
1.506195209978576255e+00
1.500678269864276437e+00
2.989035579654610419e+00
2.975236072815895749e+00
0.000000000000000000e+00
0.000000000000000000e+00
1.461243764860584493e+00
0.000000000000000000e+00
0.000000000000000000e+00
0.000000000000000000e+00
1.405830553902068791e+00
0.000000000000000000e+00
0.000000000000000000e+00
1.338054815040071732e+00
0.000000000000000000e+00
0.000000000000000000e+00
1.230715447488967884e+00
0.000000000000000000e+00
1.125116986457390666e+00
0.000000000000000000e+00
0.000000000000000000e+00
0.000000000000000000e+00
0.000000000000000000e+00
0.000000000000000000e+00
0.000000000000000000e+00
0.000000000000000000e+00
0.000000000000000000e+00
2.961984274725674715e-01
0.000000000000000000e+00
0.000000000000000000e+00
1.042954806385087280e-01
6.582274177809292748e-02
3.812848507827046318e-02
1.952876704141370823e-02
2.471867887953092119e-02
4.882802798757875269e-03
3.662109261313168350e-03
0.000000000000000000e+00
0.000000000000000000e+00
0.000000000000000000e+00
0.000000000000000000e+00
0.000000000000000000e+00
0.000000000000000000e+00
0.000000000000000000e+00
0.000000000000000000e+00
0.000000000000000000e+00
0.000000000000000000e+00
0.000000000000000000e+00
0.000000000000000000e+00
0.000000000000000000e+00
0.000000000000000000e+00
0.000000000000000000e+00
0.000000000000000000e+00
0.000000000000000000e+00
7.598204979001566883e+00
3.031224203472683065e+00
7.555750009621103658e+00
0.000000000000000000e+00
3.001356539728552875e+00
0.000000000000000000e+00
1.487618036407947875e+00
1.479865982045772466e+00
1.471127674303734700e+00
0.000000000000000000e+00
1.450024003277625040e+00
0.000000000000000000e+00
0.000000000000000000e+00
0.000000000000000000e+00
0.000000000000000000e+00
0.000000000000000000e+00
0.000000000000000000e+00
0.000000000000000000e+00
0.000000000000000000e+00
0.000000000000000000e+00
0.000000000000000000e+00
0.000000000000000000e+00
1.058888938575228922e+00
0.000000000000000000e+00
0.000000000000000000e+00
0.000000000000000000e+00
0.000000000000000000e+00
0.000000000000000000e+00
0.000000000000000000e+00
0.000000000000000000e+00
0.000000000000000000e+00
0.000000000000000000e+00
0.000000000000000000e+00
0.000000000000000000e+00
6.582274177809292748e-02
3.812848507827046318e-02
0.000000000000000000e+00
8.239559626510307641e-03
0.000000000000000000e+00
1.831054630656584175e-03
0.000000000000000000e+00
0.000000000000000000e+00
0.000000000000000000e+00
0.000000000000000000e+00
0.000000000000000000e+00
0.000000000000000000e+00
0.000000000000000000e+00
0.000000000000000000e+00
0.000000000000000000e+00
0.000000000000000000e+00
0.000000000000000000e+00
0.000000000000000000e+00
0.000000000000000000e+00
0.000000000000000000e+00
0.000000000000000000e+00
0.000000000000000000e+00
0.000000000000000000e+00
9.139726874564463088e+00
1.215712796640250737e+01
1.060928471215439117e+01
3.022300003848441552e+00
0.000000000000000000e+00
0.000000000000000000e+00
1.494517789827305210e+00
0.000000000000000000e+00
0.000000000000000000e+00
0.000000000000000000e+00
0.000000000000000000e+00
0.000000000000000000e+00
0.000000000000000000e+00
0.000000000000000000e+00
0.000000000000000000e+00
1.386476391214087167e+00
0.000000000000000000e+00
0.000000000000000000e+00
0.000000000000000000e+00
0.000000000000000000e+00
0.000000000000000000e+00
0.000000000000000000e+00
0.000000000000000000e+00
0.000000000000000000e+00
0.000000000000000000e+00
0.000000000000000000e+00
0.000000000000000000e+00
0.000000000000000000e+00
0.000000000000000000e+00
0.000000000000000000e+00
0.000000000000000000e+00
0.000000000000000000e+00
0.000000000000000000e+00
0.000000000000000000e+00
0.000000000000000000e+00
6.582274177809292748e-02
0.000000000000000000e+00
1.952876704141370823e-02
0.000000000000000000e+00
2.441401399378937635e-03
1.220703087104389522e-03
0.000000000000000000e+00
0.000000000000000000e+00
0.000000000000000000e+00
0.000000000000000000e+00
0.000000000000000000e+00
0.000000000000000000e+00
0.000000000000000000e+00
0.000000000000000000e+00
0.000000000000000000e+00
0.000000000000000000e+00
0.000000000000000000e+00
0.000000000000000000e+00
0.000000000000000000e+00
0.000000000000000000e+00
0.000000000000000000e+00
0.000000000000000000e+00
0.000000000000000000e+00
3.053193294526933776e+00
6.093151249709642059e+00
3.039281991600626842e+00
0.000000000000000000e+00
0.000000000000000000e+00
0.000000000000000000e+00
0.000000000000000000e+00
0.000000000000000000e+00
0.000000000000000000e+00
0.000000000000000000e+00
1.471127674303734700e+00
0.000000000000000000e+00
0.000000000000000000e+00
0.000000000000000000e+00
0.000000000000000000e+00
0.000000000000000000e+00
0.000000000000000000e+00
0.000000000000000000e+00
0.000000000000000000e+00
0.000000000000000000e+00
0.000000000000000000e+00
0.000000000000000000e+00
1.182041580245927204e+00
0.000000000000000000e+00
0.000000000000000000e+00
0.000000000000000000e+00
0.000000000000000000e+00
0.000000000000000000e+00
0.000000000000000000e+00
0.000000000000000000e+00
0.000000000000000000e+00
0.000000000000000000e+00
0.000000000000000000e+00
0.000000000000000000e+00
0.000000000000000000e+00
0.000000000000000000e+00
0.000000000000000000e+00
3.812848507827046318e-02
0.000000000000000000e+00
8.239559626510307641e-03
2.441401399378937635e-03
1.831054630656584175e-03
0.000000000000000000e+00
0.000000000000000000e+00
0.000000000000000000e+00
0.000000000000000000e+00
0.000000000000000000e+00
0.000000000000000000e+00
0.000000000000000000e+00
0.000000000000000000e+00
0.000000000000000000e+00
0.000000000000000000e+00
0.000000000000000000e+00
0.000000000000000000e+00
0.000000000000000000e+00
0.000000000000000000e+00
0.000000000000000000e+00
0.000000000000000000e+00
0.000000000000000000e+00
7.648028285660716463e+00
6.106386589053867553e+00
3.046575624854821029e+00
0.000000000000000000e+00
1.515612101736341533e+00
0.000000000000000000e+00
3.012390419957152510e+00
1.500678269864276437e+00
0.000000000000000000e+00
0.000000000000000000e+00
0.000000000000000000e+00
0.000000000000000000e+00
0.000000000000000000e+00
0.000000000000000000e+00
0.000000000000000000e+00
0.000000000000000000e+00
0.000000000000000000e+00
0.000000000000000000e+00
0.000000000000000000e+00
0.000000000000000000e+00
0.000000000000000000e+00
0.000000000000000000e+00
0.000000000000000000e+00
0.000000000000000000e+00
0.000000000000000000e+00
0.000000000000000000e+00
0.000000000000000000e+00
0.000000000000000000e+00
0.000000000000000000e+00
0.000000000000000000e+00
0.000000000000000000e+00
0.000000000000000000e+00
0.000000000000000000e+00
0.000000000000000000e+00
0.000000000000000000e+00
0.000000000000000000e+00
0.000000000000000000e+00
0.000000000000000000e+00
0.000000000000000000e+00
0.000000000000000000e+00
0.000000000000000000e+00
2.441401399378937635e-03
2.136230402432681610e-03
0.000000000000000000e+00
0.000000000000000000e+00
0.000000000000000000e+00
0.000000000000000000e+00
0.000000000000000000e+00
0.000000000000000000e+00
0.000000000000000000e+00
0.000000000000000000e+00
0.000000000000000000e+00
0.000000000000000000e+00
0.000000000000000000e+00
0.000000000000000000e+00
0.000000000000000000e+00
0.000000000000000000e+00
0.000000000000000000e+00
0.000000000000000000e+00
0.000000000000000000e+00
1.532347965967065351e+00
4.588816971396429523e+00
4.579789941790400221e+00
1.523287812427410515e+00
0.000000000000000000e+00
0.000000000000000000e+00
1.511150001924220776e+00
0.000000000000000000e+00
0.000000000000000000e+00
0.000000000000000000e+00
0.000000000000000000e+00
0.000000000000000000e+00
0.000000000000000000e+00
0.000000000000000000e+00
0.000000000000000000e+00
0.000000000000000000e+00
0.000000000000000000e+00
0.000000000000000000e+00
0.000000000000000000e+00
0.000000000000000000e+00
0.000000000000000000e+00
0.000000000000000000e+00
1.272255159682329495e+00
0.000000000000000000e+00
0.000000000000000000e+00
0.000000000000000000e+00
0.000000000000000000e+00
0.000000000000000000e+00
0.000000000000000000e+00
0.000000000000000000e+00
0.000000000000000000e+00
0.000000000000000000e+00
0.000000000000000000e+00
0.000000000000000000e+00
0.000000000000000000e+00
0.000000000000000000e+00
0.000000000000000000e+00
0.000000000000000000e+00
0.000000000000000000e+00
0.000000000000000000e+00
0.000000000000000000e+00
0.000000000000000000e+00
7.324204198136813337e-03
2.136230402432681610e-03
0.000000000000000000e+00
0.000000000000000000e+00
0.000000000000000000e+00
0.000000000000000000e+00
0.000000000000000000e+00
0.000000000000000000e+00
0.000000000000000000e+00
0.000000000000000000e+00
0.000000000000000000e+00
0.000000000000000000e+00
0.000000000000000000e+00
0.000000000000000000e+00
0.000000000000000000e+00
0.000000000000000000e+00
0.000000000000000000e+00
0.000000000000000000e+00
0.000000000000000000e+00
1.534852417784438039e+00
6.129391863868261403e+00
0.000000000000000000e+00
1.526596647263466888e+00
0.000000000000000000e+00
0.000000000000000000e+00
0.000000000000000000e+00
0.000000000000000000e+00
0.000000000000000000e+00
0.000000000000000000e+00
0.000000000000000000e+00
0.000000000000000000e+00
0.000000000000000000e+00
0.000000000000000000e+00
0.000000000000000000e+00
0.000000000000000000e+00
0.000000000000000000e+00
0.000000000000000000e+00
0.000000000000000000e+00
0.000000000000000000e+00
0.000000000000000000e+00
1.338054815040071732e+00
0.000000000000000000e+00
0.000000000000000000e+00
0.000000000000000000e+00
0.000000000000000000e+00
1.125116986457390666e+00
0.000000000000000000e+00
0.000000000000000000e+00
0.000000000000000000e+00
0.000000000000000000e+00
0.000000000000000000e+00
0.000000000000000000e+00
0.000000000000000000e+00
0.000000000000000000e+00
0.000000000000000000e+00
0.000000000000000000e+00
0.000000000000000000e+00
0.000000000000000000e+00
0.000000000000000000e+00
3.812848507827046318e-02
0.000000000000000000e+00
0.000000000000000000e+00
0.000000000000000000e+00
6.103515435521947611e-04
0.000000000000000000e+00
0.000000000000000000e+00
0.000000000000000000e+00
0.000000000000000000e+00
0.000000000000000000e+00
0.000000000000000000e+00
0.000000000000000000e+00
0.000000000000000000e+00
0.000000000000000000e+00
0.000000000000000000e+00
0.000000000000000000e+00
0.000000000000000000e+00
0.000000000000000000e+00
0.000000000000000000e+00
0.000000000000000000e+00
0.000000000000000000e+00
0.000000000000000000e+00
0.000000000000000000e+00
3.069704835568876078e+00
0.000000000000000000e+00
0.000000000000000000e+00
0.000000000000000000e+00
0.000000000000000000e+00
0.000000000000000000e+00
0.000000000000000000e+00
0.000000000000000000e+00
0.000000000000000000e+00
0.000000000000000000e+00
0.000000000000000000e+00
0.000000000000000000e+00
0.000000000000000000e+00
0.000000000000000000e+00
0.000000000000000000e+00
0.000000000000000000e+00
0.000000000000000000e+00
0.000000000000000000e+00
0.000000000000000000e+00
0.000000000000000000e+00
0.000000000000000000e+00
0.000000000000000000e+00
0.000000000000000000e+00
0.000000000000000000e+00
0.000000000000000000e+00
0.000000000000000000e+00
0.000000000000000000e+00
0.000000000000000000e+00
0.000000000000000000e+00
0.000000000000000000e+00
0.000000000000000000e+00
0.000000000000000000e+00
0.000000000000000000e+00
0.000000000000000000e+00
0.000000000000000000e+00
0.000000000000000000e+00
0.000000000000000000e+00
0.000000000000000000e+00
1.042954806385087280e-01
0.000000000000000000e+00
0.000000000000000000e+00
0.000000000000000000e+00
0.000000000000000000e+00
0.000000000000000000e+00
1.220703087104389522e-03
0.000000000000000000e+00
0.000000000000000000e+00
0.000000000000000000e+00
0.000000000000000000e+00
0.000000000000000000e+00
0.000000000000000000e+00
0.000000000000000000e+00
0.000000000000000000e+00
0.000000000000000000e+00
0.000000000000000000e+00
0.000000000000000000e+00
0.000000000000000000e+00
0.000000000000000000e+00
0.000000000000000000e+00
0.000000000000000000e+00
0.000000000000000000e+00
0.000000000000000000e+00
1.539245392815994817e+00
4.611432614215427606e+00
0.000000000000000000e+00
0.000000000000000000e+00
0.000000000000000000e+00
0.000000000000000000e+00
1.523287812427410515e+00
0.000000000000000000e+00
0.000000000000000000e+00
0.000000000000000000e+00
0.000000000000000000e+00
1.500678269864276437e+00
0.000000000000000000e+00
0.000000000000000000e+00
0.000000000000000000e+00
0.000000000000000000e+00
0.000000000000000000e+00
0.000000000000000000e+00
0.000000000000000000e+00
0.000000000000000000e+00
0.000000000000000000e+00
0.000000000000000000e+00
0.000000000000000000e+00
0.000000000000000000e+00
0.000000000000000000e+00
0.000000000000000000e+00
0.000000000000000000e+00
0.000000000000000000e+00
0.000000000000000000e+00
0.000000000000000000e+00
0.000000000000000000e+00
0.000000000000000000e+00
0.000000000000000000e+00
0.000000000000000000e+00
0.000000000000000000e+00
0.000000000000000000e+00
0.000000000000000000e+00
0.000000000000000000e+00
0.000000000000000000e+00
0.000000000000000000e+00
0.000000000000000000e+00
0.000000000000000000e+00
3.812848507827046318e-02
0.000000000000000000e+00
0.000000000000000000e+00
0.000000000000000000e+00
9.155273153282920875e-04
0.000000000000000000e+00
