# pd_vector
0.000000000000000000e+00
0.000000000000000000e+00
0.000000000000000000e+00
0.000000000000000000e+00
0.000000000000000000e+00
0.000000000000000000e+00
0.000000000000000000e+00
0.000000000000000000e+00
0.000000000000000000e+00
0.000000000000000000e+00
0.000000000000000000e+00
0.000000000000000000e+00
0.000000000000000000e+00
4.882812348417558089e-03
0.000000000000000000e+00
0.000000000000000000e+00
0.000000000000000000e+00
0.000000000000000000e+00
0.000000000000000000e+00
4.943847502772777402e-02
0.000000000000000000e+00
0.000000000000000000e+00
0.000000000000000000e+00
0.000000000000000000e+00
0.000000000000000000e+00
0.000000000000000000e+00
7.568359140047214995e-01
0.000000000000000000e+00
0.000000000000000000e+00
0.000000000000000000e+00
0.000000000000000000e+00
0.000000000000000000e+00
0.000000000000000000e+00
0.000000000000000000e+00
1.776428167508662836e+00
0.000000000000000000e+00
0.000000000000000000e+00
0.000000000000000000e+00
0.000000000000000000e+00
0.000000000000000000e+00
0.000000000000000000e+00
0.000000000000000000e+00
4.223624420925561895e-01
7.062682886214221689e+00
0.000000000000000000e+00
0.000000000000000000e+00
0.000000000000000000e+00
0.000000000000000000e+00
0.000000000000000000e+00
0.000000000000000000e+00
0.000000000000000000e+00
1.647911925302061528e-02
3.146966403799450696e+00
1.190734826315976846e+01
0.000000000000000000e+00
0.000000000000000000e+00
0.000000000000000000e+00
0.000000000000000000e+00
0.000000000000000000e+00
0.000000000000000000e+00
0.000000000000000000e+00
0.000000000000000000e+00
6.344460912412936970e-01
6.000964639673428636e+00
1.347991901512199675e+01
0.000000000000000000e+00
0.000000000000000000e+00
0.000000000000000000e+00
0.000000000000000000e+00
0.000000000000000000e+00
0.000000000000000000e+00
0.000000000000000000e+00
0.000000000000000000e+00
9.764383520706854114e-02
2.513065686085643957e+00
9.941386498271034711e+00
1.353515582981347087e+01
0.000000000000000000e+00
0.000000000000000000e+00
0.000000000000000000e+00
0.000000000000000000e+00
0.000000000000000000e+00
0.000000000000000000e+00
0.000000000000000000e+00
0.000000000000000000e+00
0.000000000000000000e+00
8.592657498222031620e-01
6.550449903075694635e+00
1.354733636515372552e+01
1.294769246914448324e+01
0.000000000000000000e+00
0.000000000000000000e+00
0.000000000000000000e+00
0.000000000000000000e+00
0.000000000000000000e+00
0.000000000000000000e+00
0.000000000000000000e+00
0.000000000000000000e+00
0.000000000000000000e+00
2.668993955478932145e-01
3.495649300413053773e+00
1.325745143905508527e+01
1.706539578165877558e+01
1.177520715398071793e+01
0.000000000000000000e+00
0.000000000000000000e+00
0.000000000000000000e+00
0.000000000000000000e+00
0.000000000000000000e+00
0.000000000000000000e+00
0.000000000000000000e+00
0.000000000000000000e+00
0.000000000000000000e+00
0.000000000000000000e+00
1.525139403130818527e+00
1.109233967952298627e+01
2.113447044199893909e+01
1.906246212635074500e+01
1.045623746836442436e+01
0.000000000000000000e+00
0.000000000000000000e+00
0.000000000000000000e+00
0.000000000000000000e+00
0.000000000000000000e+00
0.000000000000000000e+00
0.000000000000000000e+00
0.000000000000000000e+00
0.000000000000000000e+00
0.000000000000000000e+00
7.898729013371150742e-01
7.282540649949658551e+00
2.232138072833586762e+01
2.756956651030348837e+01
1.870357612064204034e+01
9.027709680680512605e+00
0.000000000000000000e+00
0.000000000000000000e+00
0.000000000000000000e+00
0.000000000000000000e+00
0.000000000000000000e+00
0.000000000000000000e+00
0.000000000000000000e+00
0.000000000000000000e+00
0.000000000000000000e+00
0.000000000000000000e+00
5.214774031925436537e-01
5.792401276472177507e+00
2.192387892000551730e+01
3.610869025957394740e+01
3.034629810443746223e+01
1.733883273838921468e+01
7.546691660251112488e+00
0.000000000000000000e+00
0.000000000000000000e+00
0.000000000000000000e+00
0.000000000000000000e+00
0.000000000000000000e+00
0.000000000000000000e+00
0.000000000000000000e+00
0.000000000000000000e+00
0.000000000000000000e+00
0.000000000000000000e+00
1.549967419239409727e-01
3.337455380432279295e+00
1.889112689031266967e+01
3.904356872014895430e+01
4.165486009933543698e+01
2.981896628834080332e+01
1.520504791533202393e+01
6.124267388002722079e+00
0.000000000000000000e+00
0.000000000000000000e+00
0.000000000000000000e+00
0.000000000000000000e+00
0.000000000000000000e+00
0.000000000000000000e+00
0.000000000000000000e+00
0.000000000000000000e+00
0.000000000000000000e+00
0.000000000000000000e+00
0.000000000000000000e+00
2.634944612706996647e+00
1.376700344428315148e+01
4.034934070997096711e+01
5.032960030331700807e+01
4.345150666714550169e+01
2.674561054765245771e+01
1.264401784738351786e+01
4.955139006328493245e+00
0.000000000000000000e+00
0.000000000000000000e+00
0.000000000000000000e+00
0.000000000000000000e+00
0.000000000000000000e+00
0.000000000000000000e+00
0.000000000000000000e+00
0.000000000000000000e+00
0.000000000000000000e+00
0.000000000000000000e+00
0.000000000000000000e+00
1.532356331553174522e+00
1.146975890237163220e+01
4.150960129412647603e+01
5.766072179760940486e+01
5.795529731897110537e+01
3.853025737270924367e+01
2.254343513813220312e+01
1.032712791937290575e+01
3.959045287251311329e+00
0.000000000000000000e+00
0.000000000000000000e+00
0.000000000000000000e+00
0.000000000000000000e+00
0.000000000000000000e+00
0.000000000000000000e+00
0.000000000000000000e+00
0.000000000000000000e+00
0.000000000000000000e+00
0.000000000000000000e+00
0.000000000000000000e+00
5.923968549451349430e-01
9.413046036683786255e+00
3.177433209440789952e+01
6.424601607332137121e+01
6.819236048210427725e+01
5.521004639333563091e+01
3.425345739063964601e+01
1.783040703176830633e+01
8.334944377479693856e+00
3.135375879227624285e+00
0.000000000000000000e+00
0.000000000000000000e+00
0.000000000000000000e+00
0.000000000000000000e+00
0.000000000000000000e+00
0.000000000000000000e+00
0.000000000000000000e+00
0.000000000000000000e+00
0.000000000000000000e+00
0.000000000000000000e+00
0.000000000000000000e+00
0.000000000000000000e+00
3.554381129670809436e+00
3.239839100998140253e+01
6.757857947883826455e+01
8.155906585931381869e+01
6.832400596566046147e+01
4.403840026540238739e+01
2.691064098306809171e+01
1.495480072211620914e+01
6.462389504156047515e+00
2.498779219302685206e+00
0.000000000000000000e+00
0.000000000000000000e+00
0.000000000000000000e+00
0.000000000000000000e+00
0.000000000000000000e+00
0.000000000000000000e+00
0.000000000000000000e+00
0.000000000000000000e+00
0.000000000000000000e+00
0.000000000000000000e+00
0.000000000000000000e+00
0.000000000000000000e+00
4.244133072824118891e+00
1.895669935824431818e+01
6.129425326212697911e+01
9.175807121897305763e+01
7.770013307568899563e+01
5.700249437982847667e+01
3.690837355576580592e+01
2.044661909236015163e+01
1.160953951375302395e+01
5.119618734497632495e+00
1.886901796891610195e+00
0.000000000000000000e+00
0.000000000000000000e+00
0.000000000000000000e+00
0.000000000000000000e+00
0.000000000000000000e+00
0.000000000000000000e+00
0.000000000000000000e+00
0.000000000000000000e+00
0.000000000000000000e+00
0.000000000000000000e+00
0.000000000000000000e+00
0.000000000000000000e+00
4.852825635592212805e-01
2.044900480542530019e+01
6.309026505165687126e+01
1.011355178825095180e+02
9.919791483132222254e+01
7.644858730802690161e+01
4.785313327267355987e+01
2.943519048042479724e+01
1.607217527508348098e+01
8.981119992896235971e+00
3.840324401223068840e+00
1.520385694988517056e+00
0.000000000000000000e+00
0.000000000000000000e+00
0.000000000000000000e+00
0.000000000000000000e+00
0.000000000000000000e+00
0.000000000000000000e+00
0.000000000000000000e+00
0.000000000000000000e+00
0.000000000000000000e+00
0.000000000000000000e+00
0.000000000000000000e+00
0.000000000000000000e+00
1.181263764758946122e+00
1.019093383474364600e+01
5.826037218149472352e+01
9.863407634836497095e+01
1.055136788298042916e+02
7.703338073619866577e+01
5.996990136714251918e+01
3.613668523617301531e+01
2.344901832313633605e+01
1.220547940088356853e+01
7.020104801786781756e+00
3.051751749223671872e+00
1.202087365026047516e+00
0.000000000000000000e+00
0.000000000000000000e+00
0.000000000000000000e+00
0.000000000000000000e+00
0.000000000000000000e+00
0.000000000000000000e+00
0.000000000000000000e+00
0.000000000000000000e+00
0.000000000000000000e+00
0.000000000000000000e+00
0.000000000000000000e+00
0.000000000000000000e+00
0.000000000000000000e+00
6.496950706174203560e+00
4.852825635592212450e+01
9.877255151299767988e+01
1.116668071571579333e+02
8.931448332481359387e+01
7.315846218810014534e+01
4.714155724860594177e+01
2.698732412901809852e+01
1.769161707631749536e+01
1.007684379336947345e+01
5.314515959099148645e+00
2.539057455354094994e+00
9.188842488178292633e-01
0.000000000000000000e+00
0.000000000000000000e+00
0.000000000000000000e+00
0.000000000000000000e+00
0.000000000000000000e+00
0.000000000000000000e+00
0.000000000000000000e+00
0.000000000000000000e+00
0.000000000000000000e+00
0.000000000000000000e+00
0.000000000000000000e+00
0.000000000000000000e+00
1.600320024712511335e+00
9.759888024153267949e+00
3.839107235466575219e+01
1.023946209109956840e+02
1.145915929662512127e+02
1.063352354626517240e+02
7.858798900394137377e+01
4.696401280295411595e+01
3.254018995921472168e+01
1.836454495608792570e+01
1.326871280723812063e+01
7.186586271240244628e+00
3.963228180351458185e+00
1.887203281719918690e+00
7.174682394456048939e-01
0.000000000000000000e+00
0.000000000000000000e+00
0.000000000000000000e+00
0.000000000000000000e+00
0.000000000000000000e+00
0.000000000000000000e+00
0.000000000000000000e+00
0.000000000000000000e+00
0.000000000000000000e+00
0.000000000000000000e+00
0.000000000000000000e+00
0.000000000000000000e+00
0.000000000000000000e+00
8.001600123562556677e-01
2.649112463698744335e+01
7.323835341505466090e+01
1.111297070550616723e+02
1.103474598934271000e+02
8.856332981429767415e+01
5.713500036219693357e+01
3.812919851328948084e+01
2.294500574047192032e+01
1.454682593295853721e+01
1.075223279207227023e+01
5.800043811299871344e+00
3.205188694712509889e+00
1.499020459218667778e+00
5.145263512145001883e-01
0.000000000000000000e+00
0.000000000000000000e+00
0.000000000000000000e+00
0.000000000000000000e+00
0.000000000000000000e+00
0.000000000000000000e+00
0.000000000000000000e+00
0.000000000000000000e+00
0.000000000000000000e+00
0.000000000000000000e+00
0.000000000000000000e+00
0.000000000000000000e+00
0.000000000000000000e+00
1.792110769142687854e+00
2.160432033361890447e+01
8.017050876983041974e+01
1.216701677701714459e+02
1.256881839618383054e+02
9.067011564669708434e+01
5.894348706704092677e+01
4.027908071511201626e+01
2.898439073977696268e+01
1.846030007301604314e+01
1.309872561384049305e+01
6.824998829010413104e+00
4.706432856980703683e+00
2.323555814675906550e+00
1.062009608729837851e+00
4.174804557897012214e-01
0.000000000000000000e+00
0.000000000000000000e+00
0.000000000000000000e+00
0.000000000000000000e+00
0.000000000000000000e+00
0.000000000000000000e+00
0.000000000000000000e+00
0.000000000000000000e+00
0.000000000000000000e+00
0.000000000000000000e+00
0.000000000000000000e+00
0.000000000000000000e+00
0.000000000000000000e+00
9.825870786883099672e-01
1.881716307599822358e+01
6.401280098850045874e+01
1.143301168543668496e+02
1.169451127111356641e+02
8.152747067794916802e+01
6.520531720975237988e+01
5.005753424286390185e+01
2.583114958903922798e+01
2.092456015973203165e+01
1.220257123470552152e+01
8.556956431152080711e+00
5.261730940801323975e+00
3.202717794791848149e+00
1.952775631482942975e+00
8.886701093739333146e-01
3.332519427794983224e-01
0.000000000000000000e+00
0.000000000000000000e+00
0.000000000000000000e+00
0.000000000000000000e+00
0.000000000000000000e+00
0.000000000000000000e+00
0.000000000000000000e+00
0.000000000000000000e+00
0.000000000000000000e+00
0.000000000000000000e+00
0.000000000000000000e+00
0.000000000000000000e+00
0.000000000000000000e+00
2.117777877150457844e+00
1.179104494425972049e+01
4.928304615142391754e+01
1.080216016680945188e+02
1.150272517132349464e+02
9.981678812213094432e+01
7.230710197032396991e+01
4.861461519780354479e+01
3.495141444176296375e+01
1.795045988390861424e+01
1.704964161163350767e+01
8.343638451080698459e+00
6.648096919587385578e+00
3.850976992905316809e+00
2.499682181300954653e+00
1.260652622856077043e+00
6.420885680366605897e-01
2.539062421177130102e-01
0.000000000000000000e+00
0.000000000000000000e+00
0.000000000000000000e+00
0.000000000000000000e+00
0.000000000000000000e+00
0.000000000000000000e+00
0.000000000000000000e+00
0.000000000000000000e+00
0.000000000000000000e+00
0.000000000000000000e+00
0.000000000000000000e+00
0.000000000000000000e+00
0.000000000000000000e+00
1.125116986457390666e+00
7.412222570026602675e+00
5.109452809179212096e+01
9.767003691827649448e+01
9.521904147039442989e+01
1.031759591124774005e+02
6.496950706174203560e+01
3.979317021185614323e+01
2.816561039237824460e+01
2.458446948022309897e+01
1.576137941026122213e+01
1.131476216044769068e+01
6.362024318949032420e+00
4.870882891578876439e+00
2.440223045009309644e+00
1.679473965561578908e+00
1.087621870699360560e+00
4.980458854733032514e-01
2.044677670899852362e-01
0.000000000000000000e+00
0.000000000000000000e+00
0.000000000000000000e+00
0.000000000000000000e+00
0.000000000000000000e+00
0.000000000000000000e+00
0.000000000000000000e+00
0.000000000000000000e+00
0.000000000000000000e+00
0.000000000000000000e+00
0.000000000000000000e+00
0.000000000000000000e+00
0.000000000000000000e+00
0.000000000000000000e+00
5.625584932286953332e+00
3.388444603440732550e+01
9.825870786883099584e+01
1.129029784559893415e+02
9.921984153217570679e+01
6.971348588680905323e+01
4.488802306083995575e+01
3.591090970338237298e+01
2.083483508477294777e+01
1.510611980110094166e+01
9.194137989319045801e+00
7.284846870425226051e+00
4.484705667455875400e+00
2.896200638236088754e+00
1.830167283756982233e+00
1.464657528106028117e+00
8.404350819040513620e-01
3.344719917149144295e-01
1.589965770953467306e-01
0.000000000000000000e+00
0.000000000000000000e+00
0.000000000000000000e+00
0.000000000000000000e+00
0.000000000000000000e+00
0.000000000000000000e+00
0.000000000000000000e+00
0.000000000000000000e+00
0.000000000000000000e+00
0.000000000000000000e+00
0.000000000000000000e+00
0.000000000000000000e+00
0.000000000000000000e+00
0.000000000000000000e+00
1.182041580245927204e+00
2.587769068851998355e+01
9.318222659462014690e+01
9.236318539670114092e+01
9.498187076456245848e+01
6.081216093907543296e+01
3.903955209661307180e+01
2.835033035421470515e+01
1.698488972457274571e+01
1.350405977716765094e+01
1.184793709890269930e+01
8.975229941954307122e+00
4.029915290022465513e+00
4.380410186817366380e+00
2.237973220455159673e+00
1.296368492661195804e+00
1.015495886153512828e+00
5.850087334822318130e-01
2.636713511329252801e-01
1.159667932749170044e-01
0.000000000000000000e+00
0.000000000000000000e+00
0.000000000000000000e+00
0.000000000000000000e+00
0.000000000000000000e+00
0.000000000000000000e+00
0.000000000000000000e+00
0.000000000000000000e+00
0.000000000000000000e+00
0.000000000000000000e+00
0.000000000000000000e+00
0.000000000000000000e+00
0.000000000000000000e+00
0.000000000000000000e+00
1.230715447488967884e+00
2.955103950614817876e+01
8.438377398430429821e+01
1.143600053661247244e+02
8.646766292457127179e+01
5.197121230513794643e+01
3.040608046953771648e+01
1.951977604830653590e+01
1.653769270662524704e+01
1.358791177965819585e+01
9.645756983691180508e+00
8.885952824177024922e+00
5.253793136753740711e+00
2.324951128859114480e+00
3.233159899793770720e+00
1.316454835561858605e+00
1.296368492661195804e+00
1.113139721360581369e+00
4.119779813255153855e-01
2.197261259441044001e-01
9.246825884815750018e-02
0.000000000000000000e+00
0.000000000000000000e+00
0.000000000000000000e+00
0.000000000000000000e+00
0.000000000000000000e+00
0.000000000000000000e+00
0.000000000000000000e+00
0.000000000000000000e+00
0.000000000000000000e+00
0.000000000000000000e+00
0.000000000000000000e+00
0.000000000000000000e+00
0.000000000000000000e+00
0.000000000000000000e+00
3.816765479046988485e+00
2.092216260731245470e+01
6.737637007401785638e+01
1.136368156321964591e+02
9.424111553319536938e+01
5.797263764261028740e+01
4.032249230571047605e+01
2.800560043246894892e+01
2.509685491925126044e+01
1.712832458900471977e+01
1.116149896186209034e+01
6.944945028257649255e+00
4.442976412088512461e+00
4.159252899930044656e+00
2.169954386935173396e+00
1.147250287023596105e+00
1.448100319118044377e+00
1.067597582191572858e+00
8.006794486979620373e-01
3.131032658073916730e-01
2.124019217459675868e-01
7.202148213915898767e-02
0.000000000000000000e+00
0.000000000000000000e+00
0.000000000000000000e+00
0.000000000000000000e+00
0.000000000000000000e+00
0.000000000000000000e+00
0.000000000000000000e+00
0.000000000000000000e+00
0.000000000000000000e+00
0.000000000000000000e+00
0.000000000000000000e+00
0.000000000000000000e+00
0.000000000000000000e+00
0.000000000000000000e+00
2.615439313590881110e+00
6.361275798411647031e+00
5.538219513700355634e+01
8.392495219746082569e+01
6.638190220098604755e+01
4.659111329731007345e+01
2.063432865245450998e+01
2.240138461428359662e+01
1.120224017298757957e+01
1.045702288302135941e+01
8.859478235692096248e+00
4.367543072032991525e+00
5.401623910867060729e+00
3.258182702198242353e+00
1.970172426282652767e+00
2.479947870783055563e+00
1.668727690216139647e+00
9.873411266713939538e-01
3.812848507827046318e-01
5.272767101181701221e-01
2.966241465543710820e-01
1.489254853621151953e-01
5.249023274548875184e-02
0.000000000000000000e+00
0.000000000000000000e+00
0.000000000000000000e+00
0.000000000000000000e+00
0.000000000000000000e+00
0.000000000000000000e+00
0.000000000000000000e+00
0.000000000000000000e+00
0.000000000000000000e+00
0.000000000000000000e+00
0.000000000000000000e+00
0.000000000000000000e+00
0.000000000000000000e+00
0.000000000000000000e+00
0.000000000000000000e+00
1.438491622474984588e+01
5.597922702602249956e+01
8.615008132422775589e+01
6.264820375303413869e+01
3.375350959372171644e+01
1.800111195577889234e+01
1.277363202294803024e+01
1.433688615314150283e+01
6.401280098850045341e+00
8.365618306417086814e+00
3.543791294276838144e+00
3.396977944914548964e+00
7.716605586952943741e-01
2.073388992307972245e+00
2.407988521012131233e+00
6.199869676957638909e-01
6.257728838310523400e-01
7.240501595590221884e-01
7.244412164871387727e-01
4.296328749111015810e-01
2.059889906627576928e-01
1.245114713683258129e-01
4.730224462529509372e-02
0.000000000000000000e+00
0.000000000000000000e+00
0.000000000000000000e+00
0.000000000000000000e+00
0.000000000000000000e+00
0.000000000000000000e+00
0.000000000000000000e+00
0.000000000000000000e+00
0.000000000000000000e+00
0.000000000000000000e+00
0.000000000000000000e+00
0.000000000000000000e+00
0.000000000000000000e+00
0.000000000000000000e+00
0.000000000000000000e+00
1.471860296544078928e+01
3.923158970386321442e+01
5.597922702602249956e+01
6.030505692695942344e+01
3.073308108639410818e+01
2.700280767497737600e+01
9.530000447177060963e+00
1.179104494425972049e+01
5.376332307428063118e+00
8.801760135918812011e+00
7.668483447548996246e+00
4.725055059035784488e+00
1.941130254236885122e+00
3.472472514128824628e+00
4.442976412088512461e+00
1.970172426282652767e+00
9.299804515436458363e-01
7.300683644695611374e-01
8.556956431152080711e-01
3.812848507827046318e-01
3.905753408282741646e-01
1.483120732771855410e-01
1.123044643714311286e-01
3.753661992845997580e-02
0.000000000000000000e+00
0.000000000000000000e+00
0.000000000000000000e+00
0.000000000000000000e+00
0.000000000000000000e+00
0.000000000000000000e+00
0.000000000000000000e+00
0.000000000000000000e+00
0.000000000000000000e+00
0.000000000000000000e+00
0.000000000000000000e+00
0.000000000000000000e+00
0.000000000000000000e+00
0.000000000000000000e+00
0.000000000000000000e+00
5.456307676005680563e+00
3.478942519104186459e+01
5.884738455579482519e+01
3.943990995015221301e+01
2.707573984475729389e+01
2.127674844442669055e+01
9.000935891659125332e+00
7.412222570026602675e+00
3.930348314753239869e+00
6.272387691999407267e+00
7.201440111206300898e+00
2.788539435472362271e+00
3.543791294276838144e+00
1.941130254236885122e+00
2.700811955433530365e+00
1.777190564835404718e+00
1.313448284188435178e+00
9.299804515436458363e-01
4.171819225540349119e-01
4.607591924466504785e-01
5.337987910957864290e-01
1.171726022484822494e-01
1.235933943976546129e-01
5.615223218571556429e-02
2.929687409050534680e-02
0.000000000000000000e+00
0.000000000000000000e+00
0.000000000000000000e+00
0.000000000000000000e+00
0.000000000000000000e+00
0.000000000000000000e+00
0.000000000000000000e+00
0.000000000000000000e+00
0.000000000000000000e+00
0.000000000000000000e+00
0.000000000000000000e+00
0.000000000000000000e+00
0.000000000000000000e+00
0.000000000000000000e+00
0.000000000000000000e+00
1.386476391214087167e+00
2.728153838002840104e+01
5.352219260160286751e+01
2.615439313590881198e+01
2.926186867269357705e+01
1.476858536986761550e+01
9.456332641967417629e+00
1.125116986457390666e+01
4.235555754300915687e+00
5.895522472129860247e+00
3.584221538285375708e+00
4.000800061781278671e+00
2.788539435472362271e+00
4.134423176656311760e+00
1.941130254236885122e+00
1.543321117390588748e+00
1.777190564835404718e+00
1.094540236823696056e+00
1.239973935391527782e+00
6.257728838310523400e-01
3.291137088904646513e-01
2.287709104696227791e-01
1.562301363313096658e-01
6.591647701208246113e-02
7.080064058198919097e-02
2.044677670899852293e-02
0.000000000000000000e+00
0.000000000000000000e+00
0.000000000000000000e+00
0.000000000000000000e+00
0.000000000000000000e+00
0.000000000000000000e+00
0.000000000000000000e+00
0.000000000000000000e+00
0.000000000000000000e+00
0.000000000000000000e+00
0.000000000000000000e+00
0.000000000000000000e+00
0.000000000000000000e+00
0.000000000000000000e+00
0.000000000000000000e+00
1.405830553902068791e+00
2.634305143306765729e+01
3.683007681303834602e+01
3.880358963616208001e+01
1.700035553834072743e+01
1.781157223555261382e+01
7.384292684933807749e+00
5.910207901229636462e+00
5.625584932286953332e+00
4.235555754300915687e+00
9.825870786883099672e-01
3.584221538285375708e+00
5.601120086493789785e+00
2.788539435472362271e+00
5.906318823794730610e-01
1.941130254236885122e+00
1.543321117390588748e+00
0.000000000000000000e+00
6.567241420942175889e-01
1.549967419239409727e-01
6.257728838310523400e-01
6.582274177809292748e-02
1.906424253913523159e-01
9.764383520706854114e-02
1.071142751446339941e-01
4.394522518882088002e-02
1.434326127347657770e-02
0.000000000000000000e+00
0.000000000000000000e+00
0.000000000000000000e+00
0.000000000000000000e+00
0.000000000000000000e+00
0.000000000000000000e+00
0.000000000000000000e+00
0.000000000000000000e+00
0.000000000000000000e+00
0.000000000000000000e+00
0.000000000000000000e+00
0.000000000000000000e+00
0.000000000000000000e+00
0.000000000000000000e+00
0.000000000000000000e+00
2.845238559429585923e+00
2.530494997023723869e+01
3.604838617156626412e+01
2.864561529902982429e+01
1.605665778048086167e+01
5.230878627181762219e+00
5.089020638729317980e+00
8.615008132422774523e+00
5.910207901229636462e+00
6.750701918744343999e+00
1.058888938575228922e+00
9.825870786883099672e-01
8.960553845713439269e-01
3.200640049425022671e+00
1.394269717736181136e+00
5.906318823794730610e-01
4.852825635592212805e-01
7.716605586952943741e-01
2.961984274725674715e-01
1.313448284188435178e+00
4.649902257718229182e-01
3.128864419155261700e-01
2.632909671123717099e-01
1.525139403130818527e-01
1.367013692898959576e-01
4.943735775906184238e-02
3.906242239006300215e-02
1.129150355571560335e-02
0.000000000000000000e+00
0.000000000000000000e+00
0.000000000000000000e+00
0.000000000000000000e+00
0.000000000000000000e+00
0.000000000000000000e+00
0.000000000000000000e+00
0.000000000000000000e+00
0.000000000000000000e+00
0.000000000000000000e+00
0.000000000000000000e+00
0.000000000000000000e+00
0.000000000000000000e+00
0.000000000000000000e+00
0.000000000000000000e+00
5.748961870543069175e+00
1.138095423771834369e+01
3.655159440145379079e+01
2.079714586821130595e+01
1.364076919001420052e+01
8.028328890240430837e+00
5.230878627181762219e+00
6.361275798411647031e+00
0.000000000000000000e+00
1.182041580245927204e+00
4.500467945829562666e+00
2.117777877150457844e+00
9.825870786883099672e-01
8.960553845713439269e-01
1.600320024712511335e+00
0.000000000000000000e+00
5.906318823794730610e-01
0.000000000000000000e+00
1.157490838042941617e+00
0.000000000000000000e+00
4.378160947294784111e-01
1.549967419239409727e-01
1.042954806385087280e-01
2.632909671123717099e-01
2.287709104696227791e-01
5.858630112424112468e-02
8.239559626510307988e-02
1.708980979565256214e-02
1.037597624038731105e-02
0.000000000000000000e+00
0.000000000000000000e+00
0.000000000000000000e+00
0.000000000000000000e+00
0.000000000000000000e+00
0.000000000000000000e+00
0.000000000000000000e+00
0.000000000000000000e+00
0.000000000000000000e+00
0.000000000000000000e+00
0.000000000000000000e+00
0.000000000000000000e+00
0.000000000000000000e+00
0.000000000000000000e+00
0.000000000000000000e+00
2.900048006555250080e+00
1.149792374108613835e+01
3.129762415372544382e+01
1.686996664682482461e+01
1.525124030335495817e+01
8.184461514008521732e+00
2.676109630080143464e+00
3.923158970386321442e+00
5.089020638729317980e+00
2.461430894977935768e+00
1.182041580245927204e+00
1.125116986457390666e+00
2.117777877150457844e+00
1.965174157376619934e+00
0.000000000000000000e+00
0.000000000000000000e+00
6.971348588680905678e-01
2.362527529517892244e+00
0.000000000000000000e+00
0.000000000000000000e+00
2.961984274725674715e-01
2.189080473647392056e-01
1.549967419239409727e-01
3.128864419155261700e-01
1.974682253342787686e-01
3.812848507827046318e-02
1.171726022484822494e-01
4.119779813255153994e-02
2.441401399378937548e-02
1.403808550170048026e-02
0.000000000000000000e+00
0.000000000000000000e+00
0.000000000000000000e+00
0.000000000000000000e+00
0.000000000000000000e+00
0.000000000000000000e+00
0.000000000000000000e+00
0.000000000000000000e+00
0.000000000000000000e+00
0.000000000000000000e+00
0.000000000000000000e+00
0.000000000000000000e+00
0.000000000000000000e+00
0.000000000000000000e+00
0.000000000000000000e+00
0.000000000000000000e+00
1.740028803933149959e+01
3.736825215852994830e+01
1.707143135657751642e+01
1.124664443121655033e+01
4.159429173642261723e+00
0.000000000000000000e+00
1.338054815040071732e+00
2.615439313590881110e+00
0.000000000000000000e+00
3.692146342466903874e+00
3.546124740737781611e+00
1.125116986457390666e+00
0.000000000000000000e+00
0.000000000000000000e+00
1.792110769142687854e+00
0.000000000000000000e+00
0.000000000000000000e+00
0.000000000000000000e+00
4.852825635592212805e-01
0.000000000000000000e+00
8.885952824177023590e-01
2.189080473647392056e-01
3.099934838478819454e-01
1.042954806385087280e-01
1.316454835561858550e-01
1.143854552348113895e-01
3.905753408282741646e-02
8.239559626510307641e-03
1.220700699689468774e-02
6.103515435521947828e-03
0.000000000000000000e+00
0.000000000000000000e+00
0.000000000000000000e+00
0.000000000000000000e+00
0.000000000000000000e+00
0.000000000000000000e+00
0.000000000000000000e+00
0.000000000000000000e+00
0.000000000000000000e+00
0.000000000000000000e+00
0.000000000000000000e+00
0.000000000000000000e+00
0.000000000000000000e+00
0.000000000000000000e+00
0.000000000000000000e+00
0.000000000000000000e+00
1.168995011888467594e+01
3.045050406883012428e+01
8.623442805814603318e+00
8.535715678288758212e+00
8.434983323412412304e+00
1.386476391214087167e+00
4.092230757004260866e+00
0.000000000000000000e+00
1.307719656795440555e+00
1.272255159682329495e+00
2.461430894977935768e+00
1.182041580245927204e+00
0.000000000000000000e+00
1.058888938575228922e+00
9.825870786883099672e-01
8.960553845713439269e-01
8.001600123562556677e-01
1.394269717736181136e+00
5.906318823794730610e-01
9.705651271184425610e-01
3.858302793476471870e-01
2.961984274725674715e-01
2.189080473647392056e-01
0.000000000000000000e+00
0.000000000000000000e+00
0.000000000000000000e+00
3.812848507827046318e-02
1.171726022484822494e-01
4.943735775906184238e-02
1.953121119503150108e-02
6.713866979074142698e-03
0.000000000000000000e+00
0.000000000000000000e+00
0.000000000000000000e+00
0.000000000000000000e+00
0.000000000000000000e+00
0.000000000000000000e+00
0.000000000000000000e+00
0.000000000000000000e+00
0.000000000000000000e+00
0.000000000000000000e+00
0.000000000000000000e+00
0.000000000000000000e+00
0.000000000000000000e+00
0.000000000000000000e+00
0.000000000000000000e+00
1.479865982045772466e+00
2.942255348607469401e+00
2.630238776749052221e+01
2.030033604588675189e+01
4.311721402907301659e+00
4.267857839144379106e+00
2.811661107804137583e+00
0.000000000000000000e+00
2.728153838002840281e+00
0.000000000000000000e+00
0.000000000000000000e+00
1.272255159682329495e+00
1.230715447488967884e+00
0.000000000000000000e+00
1.125116986457390666e+00
0.000000000000000000e+00
0.000000000000000000e+00
8.960553845713439269e-01
8.001600123562556677e-01
6.971348588680905678e-01
0.000000000000000000e+00
0.000000000000000000e+00
3.858302793476471870e-01
2.961984274725674715e-01
0.000000000000000000e+00
1.549967419239409727e-01
1.042954806385087280e-01
6.582274177809292748e-02
3.812848507827046318e-02
1.952876704141370823e-02
8.239559626510307641e-03
1.220700699689468774e-02
3.662109261313168350e-03
0.000000000000000000e+00
0.000000000000000000e+00
0.000000000000000000e+00
0.000000000000000000e+00
0.000000000000000000e+00
0.000000000000000000e+00
0.000000000000000000e+00
0.000000000000000000e+00
0.000000000000000000e+00
0.000000000000000000e+00
0.000000000000000000e+00
0.000000000000000000e+00
0.000000000000000000e+00
0.000000000000000000e+00
0.000000000000000000e+00
0.000000000000000000e+00
1.183892785636617973e+01
2.059578744025228758e+01
1.022870635402409079e+01
1.015016802294337595e+01
4.311721402907301659e+00
1.422619279714792961e+00
1.405830553902068791e+00
1.386476391214087167e+00
0.000000000000000000e+00
1.338054815040071732e+00
0.000000000000000000e+00
0.000000000000000000e+00
0.000000000000000000e+00
1.182041580245927204e+00
1.125116986457390666e+00
0.000000000000000000e+00
0.000000000000000000e+00
0.000000000000000000e+00
8.001600123562556677e-01
0.000000000000000000e+00
0.000000000000000000e+00
0.000000000000000000e+00
3.858302793476471870e-01
0.000000000000000000e+00
0.000000000000000000e+00
0.000000000000000000e+00
1.042954806385087280e-01
6.582274177809292748e-02
0.000000000000000000e+00
5.858630112424112468e-02
8.239559626510307641e-03
4.882802798757875269e-03
4.272460804865363219e-03
0.000000000000000000e+00
0.000000000000000000e+00
0.000000000000000000e+00
0.000000000000000000e+00
0.000000000000000000e+00
0.000000000000000000e+00
0.000000000000000000e+00
0.000000000000000000e+00
0.000000000000000000e+00
0.000000000000000000e+00
0.000000000000000000e+00
0.000000000000000000e+00
0.000000000000000000e+00
0.000000000000000000e+00
0.000000000000000000e+00
1.494517789827305210e+00
7.438090182039739595e+00
1.331879383841195263e+01
1.176902139442987760e+01
7.306218824302922243e+00
0.000000000000000000e+00
1.437240467635767294e+00
2.845238559429585923e+00
0.000000000000000000e+00
1.386476391214087167e+00
0.000000000000000000e+00
1.338054815040071732e+00
0.000000000000000000e+00
0.000000000000000000e+00
0.000000000000000000e+00
1.182041580245927204e+00
0.000000000000000000e+00
0.000000000000000000e+00
0.000000000000000000e+00
0.000000000000000000e+00
0.000000000000000000e+00
0.000000000000000000e+00
0.000000000000000000e+00
0.000000000000000000e+00
0.000000000000000000e+00
0.000000000000000000e+00
2.189080473647392056e-01
3.099934838478819454e-01
0.000000000000000000e+00
6.582274177809292748e-02
0.000000000000000000e+00
0.000000000000000000e+00
0.000000000000000000e+00
4.882802798757875269e-03
3.051757717760973914e-03
0.000000000000000000e+00
0.000000000000000000e+00
0.000000000000000000e+00
0.000000000000000000e+00
0.000000000000000000e+00
0.000000000000000000e+00
0.000000000000000000e+00
0.000000000000000000e+00
0.000000000000000000e+00
0.000000000000000000e+00
0.000000000000000000e+00
0.000000000000000000e+00
0.000000000000000000e+00
0.000000000000000000e+00
0.000000000000000000e+00
0.000000000000000000e+00
1.494517789827305210e+00
1.190094429126358300e+01
8.879195892274633906e+00
1.471127674303734700e+00
0.000000000000000000e+00
2.900048006555250080e+00
1.437240467635767294e+00
1.422619279714792961e+00
4.217491661706206152e+00
0.000000000000000000e+00
0.000000000000000000e+00
0.000000000000000000e+00
0.000000000000000000e+00
1.272255159682329495e+00
1.230715447488967884e+00
0.000000000000000000e+00
0.000000000000000000e+00
0.000000000000000000e+00
9.825870786883099672e-01
8.960553845713439269e-01
0.000000000000000000e+00
0.000000000000000000e+00
0.000000000000000000e+00
0.000000000000000000e+00
0.000000000000000000e+00
0.000000000000000000e+00
0.000000000000000000e+00
0.000000000000000000e+00
0.000000000000000000e+00
0.000000000000000000e+00
3.812848507827046318e-02
0.000000000000000000e+00
8.239559626510307641e-03
9.765605597515750538e-03
1.831054630656584175e-03
0.000000000000000000e+00
0.000000000000000000e+00
0.000000000000000000e+00
0.000000000000000000e+00
0.000000000000000000e+00
0.000000000000000000e+00
0.000000000000000000e+00
0.000000000000000000e+00
0.000000000000000000e+00
0.000000000000000000e+00
0.000000000000000000e+00
0.000000000000000000e+00
0.000000000000000000e+00
0.000000000000000000e+00
0.000000000000000000e+00
0.000000000000000000e+00
3.001356539728552875e+00
1.643969568810035753e+01
7.438090182039739595e+00
1.479865982045772466e+00
1.471127674303734700e+00
1.461243764860584493e+00
0.000000000000000000e+00
1.437240467635767294e+00
0.000000000000000000e+00
0.000000000000000000e+00
1.386476391214087167e+00
2.728153838002840281e+00
0.000000000000000000e+00
0.000000000000000000e+00
1.272255159682329495e+00
1.230715447488967884e+00
0.000000000000000000e+00
0.000000000000000000e+00
0.000000000000000000e+00
0.000000000000000000e+00
0.000000000000000000e+00
0.000000000000000000e+00
6.971348588680905678e-01
5.906318823794730610e-01
0.000000000000000000e+00
0.000000000000000000e+00
2.961984274725674715e-01
2.189080473647392056e-01
0.000000000000000000e+00
0.000000000000000000e+00
0.000000000000000000e+00
3.812848507827046318e-02
5.858630112424112468e-02
1.647911925302061528e-02
0.000000000000000000e+00
3.967285033089265785e-03
0.000000000000000000e+00
0.000000000000000000e+00
0.000000000000000000e+00
0.000000000000000000e+00
0.000000000000000000e+00
0.000000000000000000e+00
0.000000000000000000e+00
0.000000000000000000e+00
0.000000000000000000e+00
0.000000000000000000e+00
0.000000000000000000e+00
0.000000000000000000e+00
0.000000000000000000e+00
0.000000000000000000e+00
0.000000000000000000e+00
0.000000000000000000e+00
1.506195209978576255e+00
3.001356539728552875e+00
8.967106738963831702e+00
2.975236072815895749e+00
0.000000000000000000e+00
0.000000000000000000e+00
1.461243764860584493e+00
1.450024003277625040e+00
0.000000000000000000e+00
0.000000000000000000e+00
0.000000000000000000e+00
0.000000000000000000e+00
0.000000000000000000e+00
0.000000000000000000e+00
0.000000000000000000e+00
0.000000000000000000e+00
0.000000000000000000e+00
0.000000000000000000e+00
0.000000000000000000e+00
0.000000000000000000e+00
0.000000000000000000e+00
8.960553845713439269e-01
8.001600123562556677e-01
0.000000000000000000e+00
0.000000000000000000e+00
0.000000000000000000e+00
0.000000000000000000e+00
2.961984274725674715e-01
0.000000000000000000e+00
0.000000000000000000e+00
0.000000000000000000e+00
0.000000000000000000e+00
0.000000000000000000e+00
1.952876704141370823e-02
0.000000000000000000e+00
1.220700699689468774e-02
9.155273153282920875e-04
0.000000000000000000e+00
0.000000000000000000e+00
0.000000000000000000e+00
0.000000000000000000e+00
0.000000000000000000e+00
0.000000000000000000e+00
0.000000000000000000e+00
0.000000000000000000e+00
0.000000000000000000e+00
0.000000000000000000e+00
0.000000000000000000e+00
0.000000000000000000e+00
0.000000000000000000e+00
0.000000000000000000e+00
0.000000000000000000e+00
0.000000000000000000e+00
0.000000000000000000e+00
1.506195209978576344e+01
3.001356539728552875e+00
1.494517789827305210e+00
1.487618036407947875e+00
0.000000000000000000e+00
0.000000000000000000e+00
0.000000000000000000e+00
0.000000000000000000e+00
0.000000000000000000e+00
0.000000000000000000e+00
0.000000000000000000e+00
0.000000000000000000e+00
0.000000000000000000e+00
0.000000000000000000e+00
0.000000000000000000e+00
0.000000000000000000e+00
0.000000000000000000e+00
0.000000000000000000e+00
0.000000000000000000e+00
0.000000000000000000e+00
0.000000000000000000e+00
0.000000000000000000e+00
0.000000000000000000e+00
6.971348588680905678e-01
5.906318823794730610e-01
0.000000000000000000e+00
0.000000000000000000e+00
0.000000000000000000e+00
0.000000000000000000e+00
1.549967419239409727e-01
0.000000000000000000e+00
6.582274177809292748e-02
0.000000000000000000e+00
3.905753408282741646e-02
8.239559626510307641e-03
0.000000000000000000e+00
2.441406174208779045e-03
0.000000000000000000e+00
0.000000000000000000e+00
0.000000000000000000e+00
0.000000000000000000e+00
0.000000000000000000e+00
0.000000000000000000e+00
0.000000000000000000e+00
0.000000000000000000e+00
0.000000000000000000e+00
0.000000000000000000e+00
0.000000000000000000e+00
0.000000000000000000e+00
0.000000000000000000e+00
0.000000000000000000e+00
0.000000000000000000e+00
0.000000000000000000e+00
4.546836305209025042e+00
4.533450005772662550e+00
0.000000000000000000e+00
0.000000000000000000e+00
0.000000000000000000e+00
0.000000000000000000e+00
0.000000000000000000e+00
0.000000000000000000e+00
0.000000000000000000e+00
0.000000000000000000e+00
0.000000000000000000e+00
2.845238559429585923e+00
0.000000000000000000e+00
0.000000000000000000e+00
0.000000000000000000e+00
0.000000000000000000e+00
0.000000000000000000e+00
0.000000000000000000e+00
0.000000000000000000e+00
0.000000000000000000e+00
0.000000000000000000e+00
0.000000000000000000e+00
0.000000000000000000e+00
0.000000000000000000e+00
0.000000000000000000e+00
0.000000000000000000e+00
5.906318823794730610e-01
0.000000000000000000e+00
0.000000000000000000e+00
0.000000000000000000e+00
0.000000000000000000e+00
0.000000000000000000e+00
0.000000000000000000e+00
0.000000000000000000e+00
0.000000000000000000e+00
0.000000000000000000e+00
0.000000000000000000e+00
2.441401399378937635e-03
6.103515435521947611e-04
0.000000000000000000e+00
0.000000000000000000e+00
0.000000000000000000e+00
0.000000000000000000e+00
0.000000000000000000e+00
0.000000000000000000e+00
0.000000000000000000e+00
0.000000000000000000e+00
0.000000000000000000e+00
0.000000000000000000e+00
0.000000000000000000e+00
0.000000000000000000e+00
0.000000000000000000e+00
0.000000000000000000e+00
0.000000000000000000e+00
0.000000000000000000e+00
3.039281991600626842e+00
4.546836305209025042e+00
6.044600007696883104e+00
1.506195209978576255e+00
0.000000000000000000e+00
0.000000000000000000e+00
0.000000000000000000e+00
0.000000000000000000e+00
0.000000000000000000e+00
0.000000000000000000e+00
0.000000000000000000e+00
0.000000000000000000e+00
0.000000000000000000e+00
0.000000000000000000e+00
1.386476391214087167e+00
0.000000000000000000e+00
0.000000000000000000e+00
0.000000000000000000e+00
0.000000000000000000e+00
0.000000000000000000e+00
0.000000000000000000e+00
0.000000000000000000e+00
0.000000000000000000e+00
0.000000000000000000e+00
0.000000000000000000e+00
8.001600123562556677e-01
0.000000000000000000e+00
0.000000000000000000e+00
0.000000000000000000e+00
0.000000000000000000e+00
0.000000000000000000e+00
0.000000000000000000e+00
0.000000000000000000e+00
0.000000000000000000e+00
0.000000000000000000e+00
3.812848507827046318e-02
0.000000000000000000e+00
0.000000000000000000e+00
4.882802798757875269e-03
1.831054630656584175e-03
0.000000000000000000e+00
0.000000000000000000e+00
0.000000000000000000e+00
0.000000000000000000e+00
0.000000000000000000e+00
0.000000000000000000e+00
0.000000000000000000e+00
0.000000000000000000e+00
0.000000000000000000e+00
0.000000000000000000e+00
0.000000000000000000e+00
0.000000000000000000e+00
0.000000000000000000e+00
0.000000000000000000e+00
0.000000000000000000e+00
0.000000000000000000e+00
0.000000000000000000e+00
4.558922987400940485e+00
1.515612101736341533e+00
0.000000000000000000e+00
0.000000000000000000e+00
0.000000000000000000e+00
0.000000000000000000e+00
0.000000000000000000e+00
1.479865982045772466e+00
1.471127674303734700e+00
0.000000000000000000e+00
0.000000000000000000e+00
0.000000000000000000e+00
0.000000000000000000e+00
0.000000000000000000e+00
0.000000000000000000e+00
0.000000000000000000e+00
0.000000000000000000e+00
0.000000000000000000e+00
0.000000000000000000e+00
0.000000000000000000e+00
0.000000000000000000e+00
0.000000000000000000e+00
0.000000000000000000e+00
0.000000000000000000e+00
0.000000000000000000e+00
0.000000000000000000e+00
0.000000000000000000e+00
0.000000000000000000e+00
0.000000000000000000e+00
0.000000000000000000e+00
0.000000000000000000e+00
2.189080473647392056e-01
0.000000000000000000e+00
0.000000000000000000e+00
0.000000000000000000e+00
3.812848507827046318e-02
3.905753408282741646e-02
0.000000000000000000e+00
4.882802798757875269e-03
6.103515435521947611e-04
0.000000000000000000e+00
0.000000000000000000e+00
0.000000000000000000e+00
0.000000000000000000e+00
0.000000000000000000e+00
0.000000000000000000e+00
0.000000000000000000e+00
0.000000000000000000e+00
0.000000000000000000e+00
0.000000000000000000e+00
0.000000000000000000e+00
0.000000000000000000e+00
0.000000000000000000e+00
0.000000000000000000e+00
0.000000000000000000e+00
0.000000000000000000e+00
3.053193294526933776e+00
6.093151249709642059e+00
1.519640995800313421e+00
0.000000000000000000e+00
0.000000000000000000e+00
1.506195209978576255e+00
0.000000000000000000e+00
0.000000000000000000e+00
0.000000000000000000e+00
0.000000000000000000e+00
0.000000000000000000e+00
0.000000000000000000e+00
0.000000000000000000e+00
0.000000000000000000e+00
0.000000000000000000e+00
0.000000000000000000e+00
0.000000000000000000e+00
0.000000000000000000e+00
0.000000000000000000e+00
0.000000000000000000e+00
0.000000000000000000e+00
0.000000000000000000e+00
0.000000000000000000e+00
0.000000000000000000e+00
0.000000000000000000e+00
0.000000000000000000e+00
0.000000000000000000e+00
0.000000000000000000e+00
0.000000000000000000e+00
0.000000000000000000e+00
0.000000000000000000e+00
0.000000000000000000e+00
0.000000000000000000e+00
0.000000000000000000e+00
0.000000000000000000e+00
0.000000000000000000e+00
0.000000000000000000e+00
3.812848507827046318e-02
0.000000000000000000e+00
0.000000000000000000e+00
2.441401399378937635e-03
9.155273153282920875e-04
0.000000000000000000e+00
0.000000000000000000e+00
0.000000000000000000e+00
0.000000000000000000e+00
0.000000000000000000e+00
0.000000000000000000e+00
0.000000000000000000e+00
0.000000000000000000e+00
0.000000000000000000e+00
0.000000000000000000e+00
0.000000000000000000e+00
0.000000000000000000e+00
0.000000000000000000e+00
0.000000000000000000e+00
0.000000000000000000e+00
0.000000000000000000e+00
0.000000000000000000e+00
4.579789941790400221e+00
3.046575624854821029e+00
1.519640995800313421e+00
0.000000000000000000e+00
0.000000000000000000e+00
0.000000000000000000e+00
0.000000000000000000e+00
0.000000000000000000e+00
0.000000000000000000e+00
0.000000000000000000e+00
0.000000000000000000e+00
0.000000000000000000e+00
0.000000000000000000e+00
0.000000000000000000e+00
0.000000000000000000e+00
0.000000000000000000e+00
1.386476391214087167e+00
0.000000000000000000e+00
0.000000000000000000e+00
0.000000000000000000e+00
0.000000000000000000e+00
0.000000000000000000e+00
0.000000000000000000e+00
0.000000000000000000e+00
0.000000000000000000e+00
0.000000000000000000e+00
0.000000000000000000e+00
0.000000000000000000e+00
0.000000000000000000e+00
0.000000000000000000e+00
0.000000000000000000e+00
0.000000000000000000e+00
0.000000000000000000e+00
0.000000000000000000e+00
0.000000000000000000e+00
0.000000000000000000e+00
0.000000000000000000e+00
0.000000000000000000e+00
0.000000000000000000e+00
0.000000000000000000e+00
0.000000000000000000e+00
9.155273153282920875e-04
0.000000000000000000e+00
0.000000000000000000e+00
0.000000000000000000e+00
0.000000000000000000e+00
0.000000000000000000e+00
0.000000000000000000e+00
0.000000000000000000e+00
0.000000000000000000e+00
0.000000000000000000e+00
0.000000000000000000e+00
0.000000000000000000e+00
0.000000000000000000e+00
0.000000000000000000e+00
0.000000000000000000e+00
0.000000000000000000e+00
0.000000000000000000e+00
0.000000000000000000e+00
0.000000000000000000e+00
1.526596647263466888e+00
0.000000000000000000e+00
0.000000000000000000e+00
0.000000000000000000e+00
0.000000000000000000e+00
0.000000000000000000e+00
0.000000000000000000e+00
0.000000000000000000e+00
0.000000000000000000e+00
0.000000000000000000e+00
0.000000000000000000e+00
0.000000000000000000e+00
0.000000000000000000e+00
0.000000000000000000e+00
0.000000000000000000e+00
0.000000000000000000e+00
0.000000000000000000e+00
0.000000000000000000e+00
0.000000000000000000e+00
0.000000000000000000e+00
0.000000000000000000e+00
0.000000000000000000e+00
0.000000000000000000e+00
0.000000000000000000e+00
0.000000000000000000e+00
0.000000000000000000e+00
0.000000000000000000e+00
0.000000000000000000e+00
0.000000000000000000e+00
0.000000000000000000e+00
0.000000000000000000e+00
0.000000000000000000e+00
0.000000000000000000e+00
0.000000000000000000e+00
0.000000000000000000e+00
0.000000000000000000e+00
0.000000000000000000e+00
0.000000000000000000e+00
0.000000000000000000e+00
8.239559626510307641e-03
2.441401399378937635e-03
1.220703087104389522e-03
0.000000000000000000e+00
0.000000000000000000e+00
0.000000000000000000e+00
0.000000000000000000e+00
0.000000000000000000e+00
0.000000000000000000e+00
0.000000000000000000e+00
0.000000000000000000e+00
0.000000000000000000e+00
0.000000000000000000e+00
0.000000000000000000e+00
0.000000000000000000e+00
0.000000000000000000e+00
0.000000000000000000e+00
0.000000000000000000e+00
0.000000000000000000e+00
0.000000000000000000e+00
4.597043897901196274e+00
1.529605657132143248e+00
0.000000000000000000e+00
0.000000000000000000e+00
1.519640995800313421e+00
0.000000000000000000e+00
0.000000000000000000e+00
0.000000000000000000e+00
0.000000000000000000e+00
0.000000000000000000e+00
0.000000000000000000e+00
0.000000000000000000e+00
0.000000000000000000e+00
0.000000000000000000e+00
0.000000000000000000e+00
0.000000000000000000e+00
0.000000000000000000e+00
0.000000000000000000e+00
0.000000000000000000e+00
0.000000000000000000e+00
0.000000000000000000e+00
0.000000000000000000e+00
0.000000000000000000e+00
0.000000000000000000e+00
0.000000000000000000e+00
0.000000000000000000e+00
0.000000000000000000e+00
0.000000000000000000e+00
0.000000000000000000e+00
0.000000000000000000e+00
0.000000000000000000e+00
0.000000000000000000e+00
0.000000000000000000e+00
0.000000000000000000e+00
0.000000000000000000e+00
0.000000000000000000e+00
0.000000000000000000e+00
0.000000000000000000e+00
0.000000000000000000e+00
0.000000000000000000e+00
0.000000000000000000e+00
0.000000000000000000e+00
0.000000000000000000e+00
0.000000000000000000e+00
0.000000000000000000e+00
0.000000000000000000e+00
0.000000000000000000e+00
0.000000000000000000e+00
0.000000000000000000e+00
0.000000000000000000e+00
0.000000000000000000e+00
0.000000000000000000e+00
0.000000000000000000e+00
0.000000000000000000e+00
0.000000000000000000e+00
0.000000000000000000e+00
0.000000000000000000e+00
0.000000000000000000e+00
0.000000000000000000e+00
0.000000000000000000e+00
0.000000000000000000e+00
4.604557253353314117e+00
0.000000000000000000e+00
0.000000000000000000e+00
0.000000000000000000e+00
0.000000000000000000e+00
0.000000000000000000e+00
0.000000000000000000e+00
0.000000000000000000e+00
0.000000000000000000e+00
0.000000000000000000e+00
0.000000000000000000e+00
0.000000000000000000e+00
0.000000000000000000e+00
0.000000000000000000e+00
0.000000000000000000e+00
0.000000000000000000e+00
0.000000000000000000e+00
0.000000000000000000e+00
0.000000000000000000e+00
0.000000000000000000e+00
0.000000000000000000e+00
0.000000000000000000e+00
0.000000000000000000e+00
0.000000000000000000e+00
0.000000000000000000e+00
0.000000000000000000e+00
0.000000000000000000e+00
0.000000000000000000e+00
0.000000000000000000e+00
0.000000000000000000e+00
0.000000000000000000e+00
0.000000000000000000e+00
0.000000000000000000e+00
0.000000000000000000e+00
0.000000000000000000e+00
0.000000000000000000e+00
0.000000000000000000e+00
0.000000000000000000e+00
0.000000000000000000e+00
0.000000000000000000e+00
0.000000000000000000e+00
0.000000000000000000e+00
0.000000000000000000e+00
0.000000000000000000e+00
9.155273153282920875e-04
0.000000000000000000e+00
0.000000000000000000e+00
0.000000000000000000e+00
0.000000000000000000e+00
0.000000000000000000e+00
0.000000000000000000e+00
0.000000000000000000e+00
0.000000000000000000e+00
0.000000000000000000e+00
0.000000000000000000e+00
0.000000000000000000e+00
0.000000000000000000e+00
0.000000000000000000e+00
0.000000000000000000e+00
0.000000000000000000e+00
0.000000000000000000e+00
1.539245392815994817e+00
3.074288409476952033e+00
0.000000000000000000e+00
0.000000000000000000e+00
1.529605657132143248e+00
1.526596647263466888e+00
0.000000000000000000e+00
0.000000000000000000e+00
0.000000000000000000e+00
0.000000000000000000e+00
0.000000000000000000e+00
0.000000000000000000e+00
0.000000000000000000e+00
0.000000000000000000e+00
0.000000000000000000e+00
0.000000000000000000e+00
1.461243764860584493e+00
0.000000000000000000e+00
0.000000000000000000e+00
0.000000000000000000e+00
0.000000000000000000e+00
0.000000000000000000e+00
0.000000000000000000e+00
0.000000000000000000e+00
0.000000000000000000e+00
0.000000000000000000e+00
0.000000000000000000e+00
0.000000000000000000e+00
0.000000000000000000e+00
0.000000000000000000e+00
0.000000000000000000e+00
0.000000000000000000e+00
0.000000000000000000e+00
0.000000000000000000e+00
0.000000000000000000e+00
0.000000000000000000e+00
0.000000000000000000e+00
0.000000000000000000e+00
0.000000000000000000e+00
0.000000000000000000e+00
0.000000000000000000e+00
0.000000000000000000e+00
0.000000000000000000e+00
0.000000000000000000e+00
0.000000000000000000e+00
0.000000000000000000e+00
6.103515435521947611e-04
0.000000000000000000e+00
0.000000000000000000e+00
0.000000000000000000e+00
0.000000000000000000e+00
0.000000000000000000e+00
0.000000000000000000e+00
0.000000000000000000e+00
0.000000000000000000e+00
0.000000000000000000e+00
0.000000000000000000e+00
0.000000000000000000e+00
0.000000000000000000e+00
0.000000000000000000e+00
0.000000000000000000e+00
0.000000000000000000e+00
0.000000000000000000e+00
0.000000000000000000e+00
1.539245392815994817e+00
0.000000000000000000e+00
0.000000000000000000e+00
0.000000000000000000e+00
0.000000000000000000e+00
0.000000000000000000e+00
0.000000000000000000e+00
1.519640995800313421e+00
0.000000000000000000e+00
0.000000000000000000e+00
0.000000000000000000e+00
0.000000000000000000e+00
0.000000000000000000e+00
0.000000000000000000e+00
0.000000000000000000e+00
0.000000000000000000e+00
0.000000000000000000e+00
0.000000000000000000e+00
0.000000000000000000e+00
0.000000000000000000e+00
0.000000000000000000e+00
0.000000000000000000e+00
0.000000000000000000e+00
0.000000000000000000e+00
0.000000000000000000e+00
0.000000000000000000e+00
0.000000000000000000e+00
0.000000000000000000e+00
0.000000000000000000e+00
0.000000000000000000e+00
0.000000000000000000e+00
0.000000000000000000e+00
0.000000000000000000e+00
0.000000000000000000e+00
0.000000000000000000e+00
0.000000000000000000e+00
0.000000000000000000e+00
0.000000000000000000e+00
0.000000000000000000e+00
0.000000000000000000e+00
0.000000000000000000e+00
0.000000000000000000e+00
0.000000000000000000e+00
0.000000000000000000e+00
0.000000000000000000e+00
4.882802798757875269e-03
3.051757717760973806e-04
0.000000000000000000e+00
