# pd_vector
0.000000000000000000e+00
0.000000000000000000e+00
0.000000000000000000e+00
0.000000000000000000e+00
0.000000000000000000e+00
0.000000000000000000e+00
0.000000000000000000e+00
0.000000000000000000e+00
0.000000000000000000e+00
0.000000000000000000e+00
0.000000000000000000e+00
0.000000000000000000e+00
0.000000000000000000e+00
7.629394294402434135e-03
0.000000000000000000e+00
0.000000000000000000e+00
0.000000000000000000e+00
0.000000000000000000e+00
0.000000000000000000e+00
4.486083845108631424e-02
0.000000000000000000e+00
0.000000000000000000e+00
0.000000000000000000e+00
0.000000000000000000e+00
0.000000000000000000e+00
0.000000000000000000e+00
7.687377691039892769e-01
0.000000000000000000e+00
0.000000000000000000e+00
0.000000000000000000e+00
0.000000000000000000e+00
0.000000000000000000e+00
0.000000000000000000e+00
0.000000000000000000e+00
1.837158146092106259e+00
0.000000000000000000e+00
0.000000000000000000e+00
0.000000000000000000e+00
0.000000000000000000e+00
0.000000000000000000e+00
0.000000000000000000e+00
0.000000000000000000e+00
5.566395190583978136e-01
7.746581790764455633e+00
0.000000000000000000e+00
0.000000000000000000e+00
0.000000000000000000e+00
0.000000000000000000e+00
0.000000000000000000e+00
0.000000000000000000e+00
0.000000000000000000e+00
0.000000000000000000e+00
3.093255573013113935e+00
1.196044884744880932e+01
0.000000000000000000e+00
0.000000000000000000e+00
0.000000000000000000e+00
0.000000000000000000e+00
0.000000000000000000e+00
0.000000000000000000e+00
0.000000000000000000e+00
0.000000000000000000e+00
6.838834490003555810e-01
6.381823257976543040e+00
1.278198202507006265e+01
0.000000000000000000e+00
0.000000000000000000e+00
0.000000000000000000e+00
0.000000000000000000e+00
0.000000000000000000e+00
0.000000000000000000e+00
0.000000000000000000e+00
0.000000000000000000e+00
5.858630112424112468e-02
2.735533796001422324e+00
9.228497289652384694e+00
1.265289267360877368e+01
0.000000000000000000e+00
0.000000000000000000e+00
0.000000000000000000e+00
0.000000000000000000e+00
0.000000000000000000e+00
0.000000000000000000e+00
0.000000000000000000e+00
0.000000000000000000e+00
0.000000000000000000e+00
6.053917782838249551e-01
6.179669719882730838e+00
1.229001464447357250e+01
1.193572960993494547e+01
0.000000000000000000e+00
0.000000000000000000e+00
0.000000000000000000e+00
0.000000000000000000e+00
0.000000000000000000e+00
0.000000000000000000e+00
0.000000000000000000e+00
0.000000000000000000e+00
0.000000000000000000e+00
2.287709104696227791e-01
3.046487658460538483e+00
1.128819668831912182e+01
1.536862180909041165e+01
1.089019741583003587e+01
0.000000000000000000e+00
0.000000000000000000e+00
0.000000000000000000e+00
0.000000000000000000e+00
0.000000000000000000e+00
0.000000000000000000e+00
0.000000000000000000e+00
0.000000000000000000e+00
0.000000000000000000e+00
1.316454835561858550e-01
1.563267888209088907e+00
9.334750645795752533e+00
1.888507066396162415e+01
1.686031806411094180e+01
9.766235048378668182e+00
0.000000000000000000e+00
0.000000000000000000e+00
0.000000000000000000e+00
0.000000000000000000e+00
0.000000000000000000e+00
0.000000000000000000e+00
0.000000000000000000e+00
0.000000000000000000e+00
0.000000000000000000e+00
1.042954806385087280e-01
8.556956431152080711e-01
6.786870343932142724e+00
2.003651498449046642e+01
2.474339755841045374e+01
1.712643081664324640e+01
8.367919662100590017e+00
0.000000000000000000e+00
0.000000000000000000e+00
0.000000000000000000e+00
0.000000000000000000e+00
0.000000000000000000e+00
0.000000000000000000e+00
0.000000000000000000e+00
0.000000000000000000e+00
0.000000000000000000e+00
0.000000000000000000e+00
1.042954806385087280e-01
5.397464825803620414e+00
1.788225950170884815e+01
3.040629028348114460e+01
2.786619065685786012e+01
1.598873776453266338e+01
7.114562767416158451e+00
0.000000000000000000e+00
0.000000000000000000e+00
0.000000000000000000e+00
0.000000000000000000e+00
0.000000000000000000e+00
0.000000000000000000e+00
0.000000000000000000e+00
0.000000000000000000e+00
0.000000000000000000e+00
0.000000000000000000e+00
1.549967419239409727e-01
2.815977977239735530e+00
1.810125398897555371e+01
3.237108383145162094e+01
3.671408203785777147e+01
2.741301487739979237e+01
1.393307778625559656e+01
5.820007143541952921e+00
0.000000000000000000e+00
0.000000000000000000e+00
0.000000000000000000e+00
0.000000000000000000e+00
0.000000000000000000e+00
0.000000000000000000e+00
0.000000000000000000e+00
0.000000000000000000e+00
0.000000000000000000e+00
0.000000000000000000e+00
0.000000000000000000e+00
2.634944612706996647e+00
1.136820738959745114e+01
3.449111669172069128e+01
4.339021601907178649e+01
3.833496970229511192e+01
2.420782618268728470e+01
1.188474201217666781e+01
4.724426122865763134e+00
0.000000000000000000e+00
0.000000000000000000e+00
0.000000000000000000e+00
0.000000000000000000e+00
0.000000000000000000e+00
0.000000000000000000e+00
0.000000000000000000e+00
0.000000000000000000e+00
0.000000000000000000e+00
0.000000000000000000e+00
0.000000000000000000e+00
1.094540236823696056e+00
8.524820805816753833e+00
2.836837073367437512e+01
4.989363826779443656e+01
4.880446090018619287e+01
3.671408203785777147e+01
2.090376277245665193e+01
9.743632984921340778e+00
3.780212284990518423e+00
0.000000000000000000e+00
0.000000000000000000e+00
0.000000000000000000e+00
0.000000000000000000e+00
0.000000000000000000e+00
0.000000000000000000e+00
0.000000000000000000e+00
0.000000000000000000e+00
0.000000000000000000e+00
0.000000000000000000e+00
0.000000000000000000e+00
5.923968549451349430e-01
3.721436805200566411e+00
2.758942006246149248e+01
5.423364993202454087e+01
6.167590904607307323e+01
4.823253362401213451e+01
3.073827932318517497e+01
1.708060710575586683e+01
8.117659652934968051e+00
3.077392482590166178e+00
0.000000000000000000e+00
0.000000000000000000e+00
0.000000000000000000e+00
0.000000000000000000e+00
0.000000000000000000e+00
0.000000000000000000e+00
0.000000000000000000e+00
0.000000000000000000e+00
0.000000000000000000e+00
0.000000000000000000e+00
0.000000000000000000e+00
3.858302793476471870e-01
4.442976412088512461e+00
2.692568982586292137e+01
5.130392157682446452e+01
6.424601607332137121e+01
5.726578534694084510e+01
4.251326086227156509e+01
2.786755056809736075e+01
1.428739639236887271e+01
6.406237271970332436e+00
2.474365157560597606e+00
0.000000000000000000e+00
0.000000000000000000e+00
0.000000000000000000e+00
0.000000000000000000e+00
0.000000000000000000e+00
0.000000000000000000e+00
0.000000000000000000e+00
0.000000000000000000e+00
0.000000000000000000e+00
0.000000000000000000e+00
0.000000000000000000e+00
0.000000000000000000e+00
3.858302793476471759e+00
1.658711193846377796e+01
4.487614970977153916e+01
6.618360880152279435e+01
7.060804039227041073e+01
5.081515665268774029e+01
3.732778689162678631e+01
2.044661909236015163e+01
1.172489334852416754e+01
5.222157593271547604e+00
1.948852478562157930e+00
0.000000000000000000e+00
0.000000000000000000e+00
0.000000000000000000e+00
0.000000000000000000e+00
0.000000000000000000e+00
0.000000000000000000e+00
0.000000000000000000e+00
0.000000000000000000e+00
0.000000000000000000e+00
0.000000000000000000e+00
0.000000000000000000e+00
0.000000000000000000e+00
2.911695381355327683e+00
1.697653229129647556e+01
4.265257355604971679e+01
7.092620734617550227e+01
7.842835141351413597e+01
6.633192568609155160e+01
4.298225038109467988e+01
2.821507895792014153e+01
1.827892595076323090e+01
9.261265020197585685e+00
4.184561998535499150e+00
1.567993115385588387e+00
0.000000000000000000e+00
0.000000000000000000e+00
0.000000000000000000e+00
0.000000000000000000e+00
0.000000000000000000e+00
0.000000000000000000e+00
0.000000000000000000e+00
0.000000000000000000e+00
0.000000000000000000e+00
0.000000000000000000e+00
0.000000000000000000e+00
0.000000000000000000e+00
5.906318823794730610e-01
9.705651271184425610e+00
4.591380324237001531e+01
7.967737699012064922e+01
8.099597752495350278e+01
7.362345241387195927e+01
5.287780868372392717e+01
3.797972200595961567e+01
2.337276135297979351e+01
1.355296432674111351e+01
6.509252104943143102e+00
3.200677234585787456e+00
1.254577597771536324e+00
0.000000000000000000e+00
0.000000000000000000e+00
0.000000000000000000e+00
0.000000000000000000e+00
0.000000000000000000e+00
0.000000000000000000e+00
0.000000000000000000e+00
0.000000000000000000e+00
0.000000000000000000e+00
0.000000000000000000e+00
0.000000000000000000e+00
0.000000000000000000e+00
6.971348588680905678e-01
8.859478235692096248e+00
3.396977944914549141e+01
6.636280804779531195e+01
9.271010779891361153e+01
8.624977066170724527e+01
6.323867070496791598e+01
4.453417023264322694e+01
2.981770202547609472e+01
1.685279040459554523e+01
1.079940817390178154e+01
5.685296142292112442e+00
2.604975293137326453e+00
9.707641300197658030e-01
0.000000000000000000e+00
0.000000000000000000e+00
0.000000000000000000e+00
0.000000000000000000e+00
0.000000000000000000e+00
0.000000000000000000e+00
0.000000000000000000e+00
0.000000000000000000e+00
0.000000000000000000e+00
0.000000000000000000e+00
0.000000000000000000e+00
0.000000000000000000e+00
0.000000000000000000e+00
4.182809153208543407e+00
3.130348976611207235e+01
6.308673326269876469e+01
1.049458359825600411e+02
9.389490150880388342e+01
7.158293148826972185e+01
5.207890528644416861e+01
3.264448543985323425e+01
2.047087269298690160e+01
1.384064008341217900e+01
7.713862981358414750e+00
4.218654528773277512e+00
1.992183541893213006e+00
7.806396242032570543e-01
0.000000000000000000e+00
0.000000000000000000e+00
0.000000000000000000e+00
0.000000000000000000e+00
0.000000000000000000e+00
0.000000000000000000e+00
0.000000000000000000e+00
0.000000000000000000e+00
0.000000000000000000e+00
0.000000000000000000e+00
0.000000000000000000e+00
0.000000000000000000e+00
0.000000000000000000e+00
2.400480037068767114e+00
3.137106864906407466e+01
6.437887517936256643e+01
8.395388349574528775e+01
1.045600057032123829e+02
7.286481315825159299e+01
5.779172450429115315e+01
4.200411706138800128e+01
2.565668823707314772e+01
1.612657173563276558e+01
1.048533339652437668e+01
6.014860248755422134e+00
3.444135923881308514e+00
1.696773972568361710e+00
6.121825981828513674e-01
0.000000000000000000e+00
0.000000000000000000e+00
0.000000000000000000e+00
0.000000000000000000e+00
0.000000000000000000e+00
0.000000000000000000e+00
0.000000000000000000e+00
0.000000000000000000e+00
0.000000000000000000e+00
0.000000000000000000e+00
0.000000000000000000e+00
0.000000000000000000e+00
0.000000000000000000e+00
8.960553845713439269e-01
1.600320024712511469e+01
4.949657497963443120e+01
9.627299682785411505e+01
8.929199169489672272e+01
9.144177620539238660e+01
6.072067763187633460e+01
3.874672438355884196e+01
2.789941354630937553e+01
1.919036843748560628e+01
1.204556174539100510e+01
7.930724896280256786e+00
4.667375322897876266e+00
2.999199704049751780e+00
1.350094973856552416e+00
5.010986172563518526e-01
0.000000000000000000e+00
0.000000000000000000e+00
0.000000000000000000e+00
0.000000000000000000e+00
0.000000000000000000e+00
0.000000000000000000e+00
0.000000000000000000e+00
0.000000000000000000e+00
0.000000000000000000e+00
0.000000000000000000e+00
0.000000000000000000e+00
0.000000000000000000e+00
0.000000000000000000e+00
0.000000000000000000e+00
8.064498461142095564e+00
5.041008077844410451e+01
9.271893622945604818e+01
1.092668982402025222e+02
8.686557887710060299e+01
5.594539050540884517e+01
5.242712166264444562e+01
3.327402319944035725e+01
2.324951128859114746e+01
1.418418536683718756e+01
9.939234008492032757e+00
7.015641254401765003e+00
4.022926010531223895e+00
2.208201979904762524e+00
9.228497289652384250e-01
3.869628786120914987e-01
0.000000000000000000e+00
0.000000000000000000e+00
0.000000000000000000e+00
0.000000000000000000e+00
0.000000000000000000e+00
0.000000000000000000e+00
0.000000000000000000e+00
0.000000000000000000e+00
0.000000000000000000e+00
0.000000000000000000e+00
0.000000000000000000e+00
0.000000000000000000e+00
0.000000000000000000e+00
1.058888938575228922e+00
4.912935393441549614e+00
2.867377230628300566e+01
9.361872144568191345e+01
9.690174538266458626e+01
8.209783165074675537e+01
6.745427633473175888e+01
4.166967016954589553e+01
2.991604117472931534e+01
2.407988521012131145e+01
1.410470351507862929e+01
1.001236614129683744e+01
7.635438046258779643e+00
5.185473970644783215e+00
2.968372590294883651e+00
1.606714127169510009e+00
7.592758352068496031e-01
2.920532135897251913e-01
0.000000000000000000e+00
0.000000000000000000e+00
0.000000000000000000e+00
0.000000000000000000e+00
0.000000000000000000e+00
0.000000000000000000e+00
0.000000000000000000e+00
0.000000000000000000e+00
0.000000000000000000e+00
0.000000000000000000e+00
0.000000000000000000e+00
0.000000000000000000e+00
0.000000000000000000e+00
1.125116986457390666e+00
6.353333631451373975e+00
2.849502528196098794e+01
6.899626461199348171e+01
1.032206415939569837e+02
8.435331792303895782e+01
7.264772153267519172e+01
5.338108199151434263e+01
3.279557374455001195e+01
2.606546161758593882e+01
1.773155183654387557e+01
1.348471654738286496e+01
9.282297776827276081e+00
5.989869501806456498e+00
3.240921231652989398e+00
2.421567113135299820e+00
1.318329540241649278e+00
6.249987582410080345e-01
2.459716720515345012e-01
0.000000000000000000e+00
0.000000000000000000e+00
0.000000000000000000e+00
0.000000000000000000e+00
0.000000000000000000e+00
0.000000000000000000e+00
0.000000000000000000e+00
0.000000000000000000e+00
0.000000000000000000e+00
0.000000000000000000e+00
0.000000000000000000e+00
0.000000000000000000e+00
0.000000000000000000e+00
1.182041580245927204e+00
5.625584932286953332e+00
2.753111240295595152e+01
7.172885674424662739e+01
8.512526153427766928e+01
8.321664128505058500e+01
7.389629504001760552e+01
4.488802306083995575e+01
3.348449688558626747e+01
2.353564704020647724e+01
1.451372294615580572e+01
1.379120698397857048e+01
9.609797999284340975e+00
5.423364993202453910e+00
4.146832732019854362e+00
3.279049716731259778e+00
1.855232868934302282e+00
9.475493570486853701e-01
4.785146742782717677e-01
2.084350521230745046e-01
0.000000000000000000e+00
0.000000000000000000e+00
0.000000000000000000e+00
0.000000000000000000e+00
0.000000000000000000e+00
0.000000000000000000e+00
0.000000000000000000e+00
0.000000000000000000e+00
0.000000000000000000e+00
0.000000000000000000e+00
0.000000000000000000e+00
0.000000000000000000e+00
0.000000000000000000e+00
1.230715447488967884e+00
0.000000000000000000e+00
2.362745671560520577e+01
5.612111374448713264e+01
8.155472753112972839e+01
9.408581537999111788e+01
6.801360105028173564e+01
5.158797955623870024e+01
3.425664917800943954e+01
2.523469330507950659e+01
1.929151396738236102e+01
1.480992137362837369e+01
1.050758627350748142e+01
7.594840354273107330e+00
5.110478551286927740e+00
3.291137088904646291e+00
1.601396373287359509e+00
1.601358897395924075e+00
9.969867148077472541e-01
4.150382378944194040e-01
1.550292920622574622e-01
0.000000000000000000e+00
0.000000000000000000e+00
0.000000000000000000e+00
0.000000000000000000e+00
0.000000000000000000e+00
0.000000000000000000e+00
0.000000000000000000e+00
0.000000000000000000e+00
0.000000000000000000e+00
0.000000000000000000e+00
0.000000000000000000e+00
0.000000000000000000e+00
0.000000000000000000e+00
1.272255159682329495e+00
3.692146342466903874e+00
1.654858212344297996e+01
4.050421151246606399e+01
7.941667039314216936e+01
8.450248876719466296e+01
6.272387691999407622e+01
5.361072082786913029e+01
3.834241723774498212e+01
2.716906658945575970e+01
1.989658510592807161e+01
1.504738089455823946e+01
1.007074653406729325e+01
7.223965563036394144e+00
4.804898999642170487e+00
3.754637302986314040e+00
2.172150478677066676e+00
1.715781828522170871e+00
1.015495886153512828e+00
5.273318160966596890e-01
3.198235833186408028e-01
1.165771448184692027e-01
0.000000000000000000e+00
0.000000000000000000e+00
0.000000000000000000e+00
0.000000000000000000e+00
0.000000000000000000e+00
0.000000000000000000e+00
0.000000000000000000e+00
0.000000000000000000e+00
0.000000000000000000e+00
0.000000000000000000e+00
0.000000000000000000e+00
0.000000000000000000e+00
0.000000000000000000e+00
0.000000000000000000e+00
1.272255159682329495e+00
4.922861789955871537e+00
4.491758004934523285e+01
6.075631726869909244e+01
6.141555843736328058e+01
6.092039887867521486e+01
5.017910153599525813e+01
2.720544042011269426e+01
2.858252921359171239e+01
2.185337964804050159e+01
1.310262921609897546e+01
1.581904145325353461e+01
4.442976412088512461e+00
4.159252899930044656e+00
3.719921806174583345e+00
3.546046341709296890e+00
2.237973220455159673e+00
1.601396373287359509e+00
9.959671191120991196e-01
5.602900546027008710e-01
2.661127525323042087e-01
1.031494108603209087e-01
0.000000000000000000e+00
0.000000000000000000e+00
0.000000000000000000e+00
0.000000000000000000e+00
0.000000000000000000e+00
0.000000000000000000e+00
0.000000000000000000e+00
0.000000000000000000e+00
0.000000000000000000e+00
0.000000000000000000e+00
0.000000000000000000e+00
0.000000000000000000e+00
0.000000000000000000e+00
0.000000000000000000e+00
1.307719656795440555e+00
1.017804127745863596e+01
2.584502439726832534e+01
6.619432849377191985e+01
6.075631726869909244e+01
4.553222435873484386e+01
3.635572191146746945e+01
2.867377230628300566e+01
2.560512039540018137e+01
1.673123661283417363e+01
1.004074200045104170e+01
9.705651271184425610e+00
8.488266145648237782e+00
4.739174839561079544e+00
3.502528757835827289e+00
3.564925064250642261e+00
2.190205093408683190e+00
1.777214028008509139e+00
1.029469097113302478e+00
8.397369827807894538e-01
4.696548987110875095e-01
2.221675273434833287e-01
9.216308307638140795e-02
0.000000000000000000e+00
0.000000000000000000e+00
0.000000000000000000e+00
0.000000000000000000e+00
0.000000000000000000e+00
0.000000000000000000e+00
0.000000000000000000e+00
0.000000000000000000e+00
0.000000000000000000e+00
0.000000000000000000e+00
0.000000000000000000e+00
0.000000000000000000e+00
0.000000000000000000e+00
0.000000000000000000e+00
0.000000000000000000e+00
5.230878627181762219e+00
2.290059287428193002e+01
5.907434147947046199e+01
5.082778795057487287e+01
4.500467945829562666e+01
3.282555709583209591e+01
2.947761236064929946e+01
1.971321846056956772e+01
1.920384029655013691e+01
1.324556231849372168e+01
9.450110118071568976e+00
4.852825635592212805e+00
5.015793631519413154e+00
5.035373267033646627e+00
3.721436805200566411e+00
2.169954386935173396e+00
2.085909612770174615e+00
1.513923060896137374e+00
6.481842463305979019e-01
4.491616419525152892e-01
3.295823850604123195e-01
1.513668867614941238e-01
7.568359140047214995e-02
0.000000000000000000e+00
0.000000000000000000e+00
0.000000000000000000e+00
0.000000000000000000e+00
0.000000000000000000e+00
0.000000000000000000e+00
0.000000000000000000e+00
0.000000000000000000e+00
0.000000000000000000e+00
0.000000000000000000e+00
0.000000000000000000e+00
0.000000000000000000e+00
0.000000000000000000e+00
0.000000000000000000e+00
0.000000000000000000e+00
4.014164445120215419e+00
3.007755210629513343e+01
4.198442026951687467e+01
5.292076424202561924e+01
5.082778795057487287e+01
3.487862658017910888e+01
2.011888983292934796e+01
2.554726404589606048e+01
9.856609230284783862e+00
1.200240018534383424e+01
4.182809153208543407e+00
2.953159411897365416e+00
6.793955889829097927e+00
5.787454190214707417e+00
3.258182702198242353e+00
3.721436805200566411e+00
1.859960903087291673e+00
1.355841248300613477e+00
9.873411266713939538e-01
8.006981866436797546e-01
6.639780794080660797e-01
2.307076695422886070e-01
1.611324923590098934e-01
6.347656052942825256e-02
0.000000000000000000e+00
0.000000000000000000e+00
0.000000000000000000e+00
0.000000000000000000e+00
0.000000000000000000e+00
0.000000000000000000e+00
0.000000000000000000e+00
0.000000000000000000e+00
0.000000000000000000e+00
0.000000000000000000e+00
0.000000000000000000e+00
0.000000000000000000e+00
0.000000000000000000e+00
0.000000000000000000e+00
0.000000000000000000e+00
1.364076919001420141e+00
1.471860296544078928e+01
4.838562730143129897e+01
5.725148218570483039e+01
3.692146342466903519e+01
4.255349688885338111e+01
1.350140383748868800e+01
1.588333407862843316e+01
6.878109550818169993e+00
7.168443076570751415e+00
4.800960074137534228e+00
2.788539435472362271e+00
2.953159411897365416e+00
3.396977944914548964e+00
3.472472514128824628e+00
8.885952824177023590e-01
1.970172426282652767e+00
1.239973935391527782e+00
9.386593257465785101e-01
9.215183848933009569e-01
5.337987910957864290e-01
6.444493123666523715e-01
3.048637061808813775e-01
1.293942741670836838e-01
5.065917811483216376e-02
0.000000000000000000e+00
0.000000000000000000e+00
0.000000000000000000e+00
0.000000000000000000e+00
0.000000000000000000e+00
0.000000000000000000e+00
0.000000000000000000e+00
0.000000000000000000e+00
0.000000000000000000e+00
0.000000000000000000e+00
0.000000000000000000e+00
0.000000000000000000e+00
0.000000000000000000e+00
0.000000000000000000e+00
1.405830553902068791e+00
0.000000000000000000e+00
2.046115378502130255e+01
4.147969926624222126e+01
4.838562730143129897e+01
3.053412383237590788e+01
2.338359350229038824e+01
2.127674844442669055e+01
1.462652082394607866e+01
4.235555754300915687e+00
8.843283708194789483e+00
9.856609230284783862e+00
3.200640049425022671e+00
6.971348588680905678e+00
2.953159411897365416e+00
3.882260508473770244e+00
3.858302793476471759e+00
3.258182702198242353e+00
1.751264378917913644e+00
1.859960903087291673e+00
6.257728838310523400e-01
6.582274177809293025e-01
3.431563657044341964e-01
2.929315056212056234e-01
2.719054676748401400e-01
7.324204198136813337e-02
4.302978382042973310e-02
0.000000000000000000e+00
0.000000000000000000e+00
0.000000000000000000e+00
0.000000000000000000e+00
0.000000000000000000e+00
0.000000000000000000e+00
0.000000000000000000e+00
0.000000000000000000e+00
0.000000000000000000e+00
0.000000000000000000e+00
0.000000000000000000e+00
0.000000000000000000e+00
0.000000000000000000e+00
0.000000000000000000e+00
0.000000000000000000e+00
1.405830553902068791e+00
1.247828752092678428e+01
5.592715367905822887e+01
3.478942519104186459e+01
3.530843073347689653e+01
1.399480675650562489e+01
1.476858536986761550e+01
1.182041580245927204e+00
1.012605287811651600e+01
1.058888938575228877e+01
8.843283708194789483e+00
8.960553845713439713e+00
7.201440111206300898e+00
4.182809153208543407e+00
2.362527529517892244e+00
9.705651271184425610e-01
1.929151396738235880e+00
8.885952824177023590e-01
1.532356331553174522e+00
6.199869676957638909e-01
5.214774031925436537e-01
4.607591924466504785e-01
4.956703060175160491e-01
1.562301363313096658e-01
2.059889906627576928e-01
8.056624617950494671e-02
3.265380758004241685e-02
0.000000000000000000e+00
0.000000000000000000e+00
0.000000000000000000e+00
0.000000000000000000e+00
0.000000000000000000e+00
0.000000000000000000e+00
0.000000000000000000e+00
0.000000000000000000e+00
0.000000000000000000e+00
0.000000000000000000e+00
0.000000000000000000e+00
0.000000000000000000e+00
0.000000000000000000e+00
0.000000000000000000e+00
0.000000000000000000e+00
2.845238559429585923e+00
9.840813877314481317e+00
2.772952782428174245e+01
3.955823065104118541e+01
3.478942519104186459e+01
1.961579485193160721e+01
1.272255159682329406e+01
9.845723579911743073e+00
5.910207901229636462e+00
9.000935891659125332e+00
5.294444692876144387e+00
9.825870786883099672e-01
2.688166153714031559e+00
2.400480037068767114e+00
1.394269717736181136e+00
2.953159411897365416e+00
4.852825635592212805e+00
0.000000000000000000e+00
1.777190564835404718e+00
8.756321894589568222e-01
1.084977193467586698e+00
5.214774031925436537e-01
3.949364506685575371e-01
4.194133358609750672e-01
2.148164374555507905e-01
9.063515589161338926e-02
8.300764757888387524e-02
2.471923751386388701e-02
0.000000000000000000e+00
0.000000000000000000e+00
0.000000000000000000e+00
0.000000000000000000e+00
0.000000000000000000e+00
0.000000000000000000e+00
0.000000000000000000e+00
0.000000000000000000e+00
0.000000000000000000e+00
0.000000000000000000e+00
0.000000000000000000e+00
0.000000000000000000e+00
0.000000000000000000e+00
0.000000000000000000e+00
0.000000000000000000e+00
7.186202338178836690e+00
7.113096398573964585e+00
2.671078052413930592e+01
4.159429173642261190e+01
2.046115378502130255e+01
1.739471259552093230e+01
1.046175725436352444e+01
6.361275798411647031e+00
1.230715447488967840e+01
5.910207901229636462e+00
6.750701918744343999e+00
8.471111508601831375e+00
9.825870786883099672e-01
1.792110769142687854e+00
4.000800061781278671e+00
4.182809153208543407e+00
1.771895647138419072e+00
1.455847690677663842e+00
1.157490838042941617e+00
0.000000000000000000e+00
1.313448284188435178e+00
4.649902257718229182e-01
5.214774031925436537e-01
3.949364506685575371e-01
1.525139403130818527e-01
1.367013692898959576e-01
7.415603663859277050e-02
8.056624617950494671e-02
1.983642516544632806e-02
0.000000000000000000e+00
0.000000000000000000e+00
0.000000000000000000e+00
0.000000000000000000e+00
0.000000000000000000e+00
0.000000000000000000e+00
0.000000000000000000e+00
0.000000000000000000e+00
0.000000000000000000e+00
0.000000000000000000e+00
0.000000000000000000e+00
0.000000000000000000e+00
0.000000000000000000e+00
0.000000000000000000e+00
0.000000000000000000e+00
2.900048006555250080e+00
1.006068327345037083e+01
2.418452775515148190e+01
3.795742495535585448e+01
3.050248060670991634e+01
2.046115378502130255e+01
8.028328890240430837e+00
7.846317940772642885e+00
5.089020638729317980e+00
8.615008132422774523e+00
3.546124740737781611e+00
5.625584932286953332e+00
3.176666815725686988e+00
2.947761236064930124e+00
6.272387691999407267e+00
8.001600123562556677e-01
2.788539435472362271e+00
1.181263764758946122e+00
1.455847690677663842e+00
7.716605586952943741e-01
8.885952824177023590e-01
6.567241420942175889e-01
3.099934838478819454e-01
1.042954806385087280e-01
3.291137088904646513e-01
1.525139403130818527e-01
1.952876704141370823e-01
1.071142751446339941e-01
4.150382378944193762e-02
1.647949167590925801e-02
0.000000000000000000e+00
0.000000000000000000e+00
0.000000000000000000e+00
0.000000000000000000e+00
0.000000000000000000e+00
0.000000000000000000e+00
0.000000000000000000e+00
0.000000000000000000e+00
0.000000000000000000e+00
0.000000000000000000e+00
0.000000000000000000e+00
0.000000000000000000e+00
0.000000000000000000e+00
0.000000000000000000e+00
0.000000000000000000e+00
0.000000000000000000e+00
7.250120016388125421e+00
3.161929028798688179e+01
3.272024343344023833e+01
2.389911941633516790e+01
1.386476391214087123e+01
1.364076919001420052e+01
6.690274075200358439e+00
6.538598283977202996e+00
3.816765479046988485e+00
2.461430894977935768e+00
5.910207901229636462e+00
1.125116986457390666e+00
1.058888938575228922e+00
1.965174157376619934e+00
2.688166153714031559e+00
3.200640049425022671e+00
1.394269717736181136e+00
4.134423176656311760e+00
9.705651271184425610e-01
1.543321117390588748e+00
5.923968549451349430e-01
2.189080473647392056e-01
3.099934838478819454e-01
1.042954806385087280e-01
3.291137088904646513e-01
7.625697015654092636e-02
7.811506816565483291e-02
9.063515589161338926e-02
2.929681679254725335e-02
1.617431590413316231e-02
0.000000000000000000e+00
0.000000000000000000e+00
0.000000000000000000e+00
0.000000000000000000e+00
0.000000000000000000e+00
0.000000000000000000e+00
0.000000000000000000e+00
0.000000000000000000e+00
0.000000000000000000e+00
0.000000000000000000e+00
0.000000000000000000e+00
0.000000000000000000e+00
0.000000000000000000e+00
0.000000000000000000e+00
0.000000000000000000e+00
0.000000000000000000e+00
7.306218824302922243e+00
2.030033604588675189e+01
2.874480935271534676e+01
2.276190847543668738e+01
1.405830553902068836e+01
6.932381956070435614e+00
8.184461514008521732e+00
0.000000000000000000e+00
5.230878627181762219e+00
2.544510319364658990e+00
2.461430894977935768e+00
1.182041580245927204e+00
5.625584932286953332e+00
1.058888938575228922e+00
9.825870786883099672e-01
8.960553845713439269e-01
1.600320024712511335e+00
1.394269717736181136e+00
1.181263764758946122e+00
0.000000000000000000e+00
0.000000000000000000e+00
5.923968549451349430e-01
2.189080473647392056e-01
6.199869676957638909e-01
3.128864419155261700e-01
1.974682253342787686e-01
1.525139403130818527e-01
1.367013692898959576e-01
6.591647701208246113e-02
2.197261259441044001e-02
1.556396436058096570e-02
0.000000000000000000e+00
0.000000000000000000e+00
0.000000000000000000e+00
0.000000000000000000e+00
0.000000000000000000e+00
0.000000000000000000e+00
0.000000000000000000e+00
0.000000000000000000e+00
0.000000000000000000e+00
0.000000000000000000e+00
0.000000000000000000e+00
0.000000000000000000e+00
0.000000000000000000e+00
0.000000000000000000e+00
0.000000000000000000e+00
0.000000000000000000e+00
5.884510697214938801e+00
1.753492517832701481e+01
1.740028803933149959e+01
7.186202338178836690e+00
2.845238559429585923e+00
2.811661107804137583e+00
2.772952782428174334e+00
2.728153838002840281e+00
2.676109630080143464e+00
3.923158970386321442e+00
0.000000000000000000e+00
1.230715447488967884e+00
1.182041580245927204e+00
2.250233972914781333e+00
0.000000000000000000e+00
9.825870786883099672e-01
8.960553845713439269e-01
8.001600123562556677e-01
0.000000000000000000e+00
0.000000000000000000e+00
0.000000000000000000e+00
1.543321117390588748e+00
0.000000000000000000e+00
2.189080473647392056e-01
1.549967419239409727e-01
1.042954806385087280e-01
1.974682253342787686e-01
0.000000000000000000e+00
7.811506816565483291e-02
5.767691738557215175e-02
1.464840839627362667e-02
9.155273153282921308e-03
0.000000000000000000e+00
0.000000000000000000e+00
0.000000000000000000e+00
0.000000000000000000e+00
0.000000000000000000e+00
0.000000000000000000e+00
0.000000000000000000e+00
0.000000000000000000e+00
0.000000000000000000e+00
0.000000000000000000e+00
0.000000000000000000e+00
0.000000000000000000e+00
0.000000000000000000e+00
0.000000000000000000e+00
0.000000000000000000e+00
0.000000000000000000e+00
2.959731964091544931e+00
5.884510697214938801e+00
1.753492517832701481e+01
7.250120016388125421e+00
1.006068327345037083e+01
7.113096398573964585e+00
2.811661107804137583e+00
2.772952782428174334e+00
4.092230757004260866e+00
1.338054815040071732e+00
1.307719656795440555e+00
1.272255159682329495e+00
0.000000000000000000e+00
1.182041580245927204e+00
0.000000000000000000e+00
1.058888938575228922e+00
0.000000000000000000e+00
2.688166153714031559e+00
8.001600123562556677e-01
0.000000000000000000e+00
5.906318823794730610e-01
9.705651271184425610e-01
1.157490838042941617e+00
0.000000000000000000e+00
4.378160947294784111e-01
4.649902257718229182e-01
0.000000000000000000e+00
1.974682253342787686e-01
7.625697015654092636e-02
1.171726022484822494e-01
2.471867887953092119e-02
3.173821819192618882e-02
1.159667932749170079e-02
0.000000000000000000e+00
0.000000000000000000e+00
0.000000000000000000e+00
0.000000000000000000e+00
0.000000000000000000e+00
0.000000000000000000e+00
0.000000000000000000e+00
0.000000000000000000e+00
0.000000000000000000e+00
0.000000000000000000e+00
0.000000000000000000e+00
0.000000000000000000e+00
0.000000000000000000e+00
0.000000000000000000e+00
0.000000000000000000e+00
0.000000000000000000e+00
4.462854109223843402e+00
8.879195892274633906e+00
1.618240441734108259e+01
1.461243764860584449e+01
7.250120016388125421e+00
4.311721402907301659e+00
1.422619279714792961e+00
5.623322215608275165e+00
1.386476391214087167e+00
0.000000000000000000e+00
1.338054815040071732e+00
1.307719656795440555e+00
0.000000000000000000e+00
1.230715447488967884e+00
0.000000000000000000e+00
2.250233972914781333e+00
0.000000000000000000e+00
0.000000000000000000e+00
8.960553845713439269e-01
8.001600123562556677e-01
0.000000000000000000e+00
5.906318823794730610e-01
0.000000000000000000e+00
3.858302793476471870e-01
8.885952824177023590e-01
0.000000000000000000e+00
4.649902257718229182e-01
1.042954806385087280e-01
1.316454835561858550e-01
1.525139403130818527e-01
1.952876704141370823e-02
3.295823850604123056e-02
1.953121119503150108e-02
7.934570066178531569e-03
0.000000000000000000e+00
0.000000000000000000e+00
0.000000000000000000e+00
0.000000000000000000e+00
0.000000000000000000e+00
0.000000000000000000e+00
0.000000000000000000e+00
0.000000000000000000e+00
0.000000000000000000e+00
0.000000000000000000e+00
0.000000000000000000e+00
0.000000000000000000e+00
0.000000000000000000e+00
0.000000000000000000e+00
0.000000000000000000e+00
0.000000000000000000e+00
4.483553369481915851e+00
2.231427054611921790e+01
1.479865982045772554e+01
1.176902139442987760e+01
1.315119388374526110e+01
7.250120016388125421e+00
2.874480935271534587e+00
0.000000000000000000e+00
1.405830553902068791e+00
1.386476391214087167e+00
1.364076919001420141e+00
2.676109630080143464e+00
0.000000000000000000e+00
1.272255159682329495e+00
2.461430894977935768e+00
1.182041580245927204e+00
2.250233972914781333e+00
0.000000000000000000e+00
0.000000000000000000e+00
1.792110769142687854e+00
0.000000000000000000e+00
6.971348588680905678e-01
0.000000000000000000e+00
4.852825635592212805e-01
3.858302793476471870e-01
0.000000000000000000e+00
0.000000000000000000e+00
1.549967419239409727e-01
1.042954806385087280e-01
0.000000000000000000e+00
3.812848507827046318e-02
1.952876704141370823e-02
4.943735775906184238e-02
4.882802798757875269e-03
5.187988120193655524e-03
0.000000000000000000e+00
0.000000000000000000e+00
0.000000000000000000e+00
0.000000000000000000e+00
0.000000000000000000e+00
0.000000000000000000e+00
0.000000000000000000e+00
0.000000000000000000e+00
0.000000000000000000e+00
0.000000000000000000e+00
0.000000000000000000e+00
0.000000000000000000e+00
0.000000000000000000e+00
0.000000000000000000e+00
0.000000000000000000e+00
0.000000000000000000e+00
0.000000000000000000e+00
1.345066010844574755e+01
8.925708218447686804e+00
1.479865982045772554e+01
5.884510697214938801e+00
1.461243764860584493e+00
1.450024003277625040e+00
2.874480935271534587e+00
4.267857839144379106e+00
0.000000000000000000e+00
1.386476391214087167e+00
1.364076919001420141e+00
1.338054815040071732e+00
0.000000000000000000e+00
0.000000000000000000e+00
2.461430894977935768e+00
0.000000000000000000e+00
1.125116986457390666e+00
0.000000000000000000e+00
0.000000000000000000e+00
8.960553845713439269e-01
8.001600123562556677e-01
6.971348588680905678e-01
0.000000000000000000e+00
0.000000000000000000e+00
0.000000000000000000e+00
0.000000000000000000e+00
0.000000000000000000e+00
1.549967419239409727e-01
1.042954806385087280e-01
0.000000000000000000e+00
7.625697015654092636e-02
3.905753408282741646e-02
2.471867887953092119e-02
2.197261259441044001e-02
4.882812348417558089e-03
0.000000000000000000e+00
0.000000000000000000e+00
0.000000000000000000e+00
0.000000000000000000e+00
0.000000000000000000e+00
0.000000000000000000e+00
0.000000000000000000e+00
0.000000000000000000e+00
0.000000000000000000e+00
0.000000000000000000e+00
0.000000000000000000e+00
0.000000000000000000e+00
0.000000000000000000e+00
0.000000000000000000e+00
0.000000000000000000e+00
0.000000000000000000e+00
1.506195209978576255e+00
1.200542615891421150e+01
1.345066010844574755e+01
7.438090182039739595e+00
4.439597946137316953e+00
4.413383022911204101e+00
0.000000000000000000e+00
0.000000000000000000e+00
1.437240467635767294e+00
1.422619279714792961e+00
0.000000000000000000e+00
1.386476391214087167e+00
1.364076919001420141e+00
0.000000000000000000e+00
0.000000000000000000e+00
0.000000000000000000e+00
0.000000000000000000e+00
0.000000000000000000e+00
0.000000000000000000e+00
3.176666815725686988e+00
0.000000000000000000e+00
8.960553845713439269e-01
0.000000000000000000e+00
0.000000000000000000e+00
5.906318823794730610e-01
4.852825635592212805e-01
7.716605586952943741e-01
2.961984274725674715e-01
0.000000000000000000e+00
3.099934838478819454e-01
0.000000000000000000e+00
0.000000000000000000e+00
3.812848507827046318e-02
0.000000000000000000e+00
8.239559626510307641e-03
9.765605597515750538e-03
4.577636576641460654e-03
0.000000000000000000e+00
0.000000000000000000e+00
0.000000000000000000e+00
0.000000000000000000e+00
0.000000000000000000e+00
0.000000000000000000e+00
0.000000000000000000e+00
0.000000000000000000e+00
0.000000000000000000e+00
0.000000000000000000e+00
0.000000000000000000e+00
0.000000000000000000e+00
0.000000000000000000e+00
0.000000000000000000e+00
0.000000000000000000e+00
1.515612101736341533e+00
0.000000000000000000e+00
9.037171259871456641e+00
9.004069619185658624e+00
1.046162452879113580e+01
2.975236072815895749e+00
1.479865982045772466e+00
1.471127674303734700e+00
1.461243764860584493e+00
1.450024003277625040e+00
0.000000000000000000e+00
1.422619279714792961e+00
1.405830553902068791e+00
2.772952782428174334e+00
0.000000000000000000e+00
0.000000000000000000e+00
1.307719656795440555e+00
0.000000000000000000e+00
0.000000000000000000e+00
2.364083160491854407e+00
0.000000000000000000e+00
0.000000000000000000e+00
9.825870786883099672e-01
0.000000000000000000e+00
0.000000000000000000e+00
0.000000000000000000e+00
5.906318823794730610e-01
0.000000000000000000e+00
0.000000000000000000e+00
0.000000000000000000e+00
0.000000000000000000e+00
0.000000000000000000e+00
0.000000000000000000e+00
6.582274177809292748e-02
3.812848507827046318e-02
3.905753408282741646e-02
0.000000000000000000e+00
7.324204198136813337e-03
3.356933489537071349e-03
0.000000000000000000e+00
0.000000000000000000e+00
0.000000000000000000e+00
0.000000000000000000e+00
0.000000000000000000e+00
0.000000000000000000e+00
0.000000000000000000e+00
0.000000000000000000e+00
0.000000000000000000e+00
0.000000000000000000e+00
0.000000000000000000e+00
0.000000000000000000e+00
0.000000000000000000e+00
0.000000000000000000e+00
0.000000000000000000e+00
0.000000000000000000e+00
0.000000000000000000e+00
1.662265002116642876e+01
1.807434251974291328e+01
1.200542615891421150e+01
1.494517789827305210e+00
1.487618036407947875e+00
1.479865982045772466e+00
2.942255348607469401e+00
0.000000000000000000e+00
0.000000000000000000e+00
0.000000000000000000e+00
0.000000000000000000e+00
0.000000000000000000e+00
0.000000000000000000e+00
1.364076919001420141e+00
1.338054815040071732e+00
0.000000000000000000e+00
0.000000000000000000e+00
0.000000000000000000e+00
0.000000000000000000e+00
1.125116986457390666e+00
0.000000000000000000e+00
0.000000000000000000e+00
0.000000000000000000e+00
0.000000000000000000e+00
0.000000000000000000e+00
0.000000000000000000e+00
4.852825635592212805e-01
3.858302793476471870e-01
0.000000000000000000e+00
0.000000000000000000e+00
3.099934838478819454e-01
0.000000000000000000e+00
6.582274177809292748e-02
3.812848507827046318e-02
3.905753408282741646e-02
0.000000000000000000e+00
7.324204198136813337e-03
3.662109261313168350e-03
0.000000000000000000e+00
0.000000000000000000e+00
0.000000000000000000e+00
0.000000000000000000e+00
0.000000000000000000e+00
0.000000000000000000e+00
0.000000000000000000e+00
0.000000000000000000e+00
0.000000000000000000e+00
0.000000000000000000e+00
0.000000000000000000e+00
0.000000000000000000e+00
0.000000000000000000e+00
0.000000000000000000e+00
0.000000000000000000e+00
0.000000000000000000e+00
1.519640995800313421e+00
6.062448406945366131e+00
1.964495002501487164e+01
9.037171259871456641e+00
3.001356539728552875e+00
1.494517789827305210e+00
1.487618036407947875e+00
0.000000000000000000e+00
0.000000000000000000e+00
0.000000000000000000e+00
1.450024003277625040e+00
0.000000000000000000e+00
0.000000000000000000e+00
0.000000000000000000e+00
0.000000000000000000e+00
0.000000000000000000e+00
0.000000000000000000e+00
0.000000000000000000e+00
0.000000000000000000e+00
0.000000000000000000e+00
0.000000000000000000e+00
0.000000000000000000e+00
1.058888938575228922e+00
0.000000000000000000e+00
0.000000000000000000e+00
0.000000000000000000e+00
0.000000000000000000e+00
0.000000000000000000e+00
0.000000000000000000e+00
0.000000000000000000e+00
0.000000000000000000e+00
0.000000000000000000e+00
0.000000000000000000e+00
0.000000000000000000e+00
0.000000000000000000e+00
0.000000000000000000e+00
3.905753408282741646e-02
1.647911925302061528e-02
2.441401399378937635e-03
6.103515435521947611e-04
0.000000000000000000e+00
0.000000000000000000e+00
0.000000000000000000e+00
0.000000000000000000e+00
0.000000000000000000e+00
0.000000000000000000e+00
0.000000000000000000e+00
0.000000000000000000e+00
0.000000000000000000e+00
0.000000000000000000e+00
0.000000000000000000e+00
0.000000000000000000e+00
0.000000000000000000e+00
0.000000000000000000e+00
0.000000000000000000e+00
0.000000000000000000e+00
0.000000000000000000e+00
3.039281991600626842e+00
1.212489681389073226e+01
3.022300003848441552e+00
0.000000000000000000e+00
0.000000000000000000e+00
2.989035579654610419e+00
0.000000000000000000e+00
0.000000000000000000e+00
0.000000000000000000e+00
0.000000000000000000e+00
1.450024003277625040e+00
1.437240467635767294e+00
0.000000000000000000e+00
0.000000000000000000e+00
0.000000000000000000e+00
1.364076919001420141e+00
0.000000000000000000e+00
0.000000000000000000e+00
0.000000000000000000e+00
0.000000000000000000e+00
0.000000000000000000e+00
1.125116986457390666e+00
0.000000000000000000e+00
0.000000000000000000e+00
0.000000000000000000e+00
0.000000000000000000e+00
0.000000000000000000e+00
0.000000000000000000e+00
4.852825635592212805e-01
0.000000000000000000e+00
0.000000000000000000e+00
0.000000000000000000e+00
1.549967419239409727e-01
0.000000000000000000e+00
0.000000000000000000e+00
0.000000000000000000e+00
1.952876704141370823e-02
0.000000000000000000e+00
4.882802798757875269e-03
2.136230402432681610e-03
0.000000000000000000e+00
0.000000000000000000e+00
0.000000000000000000e+00
0.000000000000000000e+00
0.000000000000000000e+00
0.000000000000000000e+00
0.000000000000000000e+00
0.000000000000000000e+00
0.000000000000000000e+00
0.000000000000000000e+00
0.000000000000000000e+00
0.000000000000000000e+00
0.000000000000000000e+00
0.000000000000000000e+00
0.000000000000000000e+00
0.000000000000000000e+00
0.000000000000000000e+00
4.569863437282231544e+00
7.598204979001566883e+00
1.515612101736341533e+00
1.511150001924220776e+00
1.506195209978576255e+00
0.000000000000000000e+00
1.494517789827305210e+00
0.000000000000000000e+00
0.000000000000000000e+00
0.000000000000000000e+00
0.000000000000000000e+00
1.450024003277625040e+00
0.000000000000000000e+00
0.000000000000000000e+00
0.000000000000000000e+00
0.000000000000000000e+00
1.364076919001420141e+00
0.000000000000000000e+00
0.000000000000000000e+00
1.272255159682329495e+00
1.230715447488967884e+00
0.000000000000000000e+00
0.000000000000000000e+00
0.000000000000000000e+00
0.000000000000000000e+00
8.960553845713439269e-01
0.000000000000000000e+00
0.000000000000000000e+00
0.000000000000000000e+00
0.000000000000000000e+00
0.000000000000000000e+00
2.961984274725674715e-01
0.000000000000000000e+00
0.000000000000000000e+00
0.000000000000000000e+00
1.316454835561858550e-01
0.000000000000000000e+00
3.905753408282741646e-02
8.239559626510307641e-03
0.000000000000000000e+00
1.525878858880486957e-03
0.000000000000000000e+00
0.000000000000000000e+00
0.000000000000000000e+00
0.000000000000000000e+00
0.000000000000000000e+00
0.000000000000000000e+00
0.000000000000000000e+00
0.000000000000000000e+00
0.000000000000000000e+00
0.000000000000000000e+00
0.000000000000000000e+00
0.000000000000000000e+00
0.000000000000000000e+00
0.000000000000000000e+00
0.000000000000000000e+00
0.000000000000000000e+00
0.000000000000000000e+00
3.053193294526933776e+00
1.066301468699187360e+01
3.039281991600626842e+00
0.000000000000000000e+00
0.000000000000000000e+00
0.000000000000000000e+00
0.000000000000000000e+00
0.000000000000000000e+00
0.000000000000000000e+00
0.000000000000000000e+00
0.000000000000000000e+00
0.000000000000000000e+00
0.000000000000000000e+00
0.000000000000000000e+00
0.000000000000000000e+00
0.000000000000000000e+00
1.386476391214087167e+00
0.000000000000000000e+00
0.000000000000000000e+00
0.000000000000000000e+00
0.000000000000000000e+00
0.000000000000000000e+00
0.000000000000000000e+00
0.000000000000000000e+00
0.000000000000000000e+00
0.000000000000000000e+00
0.000000000000000000e+00
0.000000000000000000e+00
0.000000000000000000e+00
0.000000000000000000e+00
0.000000000000000000e+00
0.000000000000000000e+00
0.000000000000000000e+00
0.000000000000000000e+00
0.000000000000000000e+00
0.000000000000000000e+00
0.000000000000000000e+00
0.000000000000000000e+00
1.952876704141370823e-02
1.647911925302061528e-02
9.765605597515750538e-03
6.103515435521947611e-04
0.000000000000000000e+00
0.000000000000000000e+00
0.000000000000000000e+00
0.000000000000000000e+00
0.000000000000000000e+00
0.000000000000000000e+00
0.000000000000000000e+00
0.000000000000000000e+00
0.000000000000000000e+00
0.000000000000000000e+00
0.000000000000000000e+00
0.000000000000000000e+00
0.000000000000000000e+00
0.000000000000000000e+00
0.000000000000000000e+00
0.000000000000000000e+00
0.000000000000000000e+00
3.059211314264286496e+00
9.159579883580800441e+00
3.046575624854821029e+00
0.000000000000000000e+00
0.000000000000000000e+00
3.022300003848441552e+00
0.000000000000000000e+00
0.000000000000000000e+00
0.000000000000000000e+00
1.487618036407947875e+00
0.000000000000000000e+00
0.000000000000000000e+00
0.000000000000000000e+00
0.000000000000000000e+00
1.437240467635767294e+00
0.000000000000000000e+00
0.000000000000000000e+00
0.000000000000000000e+00
0.000000000000000000e+00
0.000000000000000000e+00
0.000000000000000000e+00
0.000000000000000000e+00
0.000000000000000000e+00
0.000000000000000000e+00
0.000000000000000000e+00
1.058888938575228922e+00
9.825870786883099672e-01
0.000000000000000000e+00
0.000000000000000000e+00
0.000000000000000000e+00
0.000000000000000000e+00
0.000000000000000000e+00
0.000000000000000000e+00
0.000000000000000000e+00
0.000000000000000000e+00
0.000000000000000000e+00
0.000000000000000000e+00
0.000000000000000000e+00
0.000000000000000000e+00
3.905753408282741646e-02
0.000000000000000000e+00
0.000000000000000000e+00
1.220703087104389522e-03
0.000000000000000000e+00
0.000000000000000000e+00
0.000000000000000000e+00
0.000000000000000000e+00
0.000000000000000000e+00
0.000000000000000000e+00
0.000000000000000000e+00
0.000000000000000000e+00
0.000000000000000000e+00
0.000000000000000000e+00
0.000000000000000000e+00
0.000000000000000000e+00
0.000000000000000000e+00
0.000000000000000000e+00
0.000000000000000000e+00
0.000000000000000000e+00
0.000000000000000000e+00
0.000000000000000000e+00
3.059211314264286496e+00
4.579789941790400221e+00
0.000000000000000000e+00
0.000000000000000000e+00
0.000000000000000000e+00
0.000000000000000000e+00
0.000000000000000000e+00
0.000000000000000000e+00
0.000000000000000000e+00
1.487618036407947875e+00
0.000000000000000000e+00
0.000000000000000000e+00
0.000000000000000000e+00
0.000000000000000000e+00
0.000000000000000000e+00
0.000000000000000000e+00
0.000000000000000000e+00
0.000000000000000000e+00
0.000000000000000000e+00
0.000000000000000000e+00
0.000000000000000000e+00
0.000000000000000000e+00
0.000000000000000000e+00
0.000000000000000000e+00
0.000000000000000000e+00
0.000000000000000000e+00
0.000000000000000000e+00
0.000000000000000000e+00
0.000000000000000000e+00
0.000000000000000000e+00
0.000000000000000000e+00
0.000000000000000000e+00
0.000000000000000000e+00
0.000000000000000000e+00
0.000000000000000000e+00
0.000000000000000000e+00
0.000000000000000000e+00
0.000000000000000000e+00
0.000000000000000000e+00
1.952876704141370823e-02
0.000000000000000000e+00
0.000000000000000000e+00
3.051757717760973806e-04
0.000000000000000000e+00
0.000000000000000000e+00
0.000000000000000000e+00
0.000000000000000000e+00
0.000000000000000000e+00
0.000000000000000000e+00
0.000000000000000000e+00
0.000000000000000000e+00
0.000000000000000000e+00
0.000000000000000000e+00
0.000000000000000000e+00
0.000000000000000000e+00
0.000000000000000000e+00
0.000000000000000000e+00
0.000000000000000000e+00
0.000000000000000000e+00
0.000000000000000000e+00
1.534852417784438039e+00
0.000000000000000000e+00
0.000000000000000000e+00
1.526596647263466888e+00
0.000000000000000000e+00
0.000000000000000000e+00
0.000000000000000000e+00
0.000000000000000000e+00
0.000000000000000000e+00
0.000000000000000000e+00
0.000000000000000000e+00
0.000000000000000000e+00
0.000000000000000000e+00
0.000000000000000000e+00
0.000000000000000000e+00
0.000000000000000000e+00
0.000000000000000000e+00
0.000000000000000000e+00
0.000000000000000000e+00
1.386476391214087167e+00
0.000000000000000000e+00
0.000000000000000000e+00
0.000000000000000000e+00
0.000000000000000000e+00
0.000000000000000000e+00
0.000000000000000000e+00
0.000000000000000000e+00
0.000000000000000000e+00
0.000000000000000000e+00
0.000000000000000000e+00
0.000000000000000000e+00
0.000000000000000000e+00
0.000000000000000000e+00
0.000000000000000000e+00
0.000000000000000000e+00
0.000000000000000000e+00
0.000000000000000000e+00
0.000000000000000000e+00
0.000000000000000000e+00
0.000000000000000000e+00
0.000000000000000000e+00
0.000000000000000000e+00
8.239559626510307641e-03
2.441401399378937635e-03
9.155273153282920875e-04
0.000000000000000000e+00
0.000000000000000000e+00
0.000000000000000000e+00
0.000000000000000000e+00
0.000000000000000000e+00
0.000000000000000000e+00
0.000000000000000000e+00
0.000000000000000000e+00
0.000000000000000000e+00
0.000000000000000000e+00
0.000000000000000000e+00
0.000000000000000000e+00
0.000000000000000000e+00
0.000000000000000000e+00
0.000000000000000000e+00
0.000000000000000000e+00
0.000000000000000000e+00
6.148576818953904066e+00
6.139409671137752156e+00
3.064695931934130702e+00
0.000000000000000000e+00
0.000000000000000000e+00
0.000000000000000000e+00
1.519640995800313421e+00
0.000000000000000000e+00
0.000000000000000000e+00
0.000000000000000000e+00
0.000000000000000000e+00
0.000000000000000000e+00
0.000000000000000000e+00
0.000000000000000000e+00
0.000000000000000000e+00
0.000000000000000000e+00
0.000000000000000000e+00
0.000000000000000000e+00
0.000000000000000000e+00
0.000000000000000000e+00
0.000000000000000000e+00
0.000000000000000000e+00
0.000000000000000000e+00
0.000000000000000000e+00
0.000000000000000000e+00
0.000000000000000000e+00
0.000000000000000000e+00
0.000000000000000000e+00
0.000000000000000000e+00
0.000000000000000000e+00
0.000000000000000000e+00
0.000000000000000000e+00
0.000000000000000000e+00
0.000000000000000000e+00
0.000000000000000000e+00
0.000000000000000000e+00
0.000000000000000000e+00
0.000000000000000000e+00
0.000000000000000000e+00
0.000000000000000000e+00
0.000000000000000000e+00
3.812848507827046318e-02
0.000000000000000000e+00
0.000000000000000000e+00
2.441401399378937635e-03
0.000000000000000000e+00
0.000000000000000000e+00
0.000000000000000000e+00
0.000000000000000000e+00
0.000000000000000000e+00
0.000000000000000000e+00
0.000000000000000000e+00
0.000000000000000000e+00
0.000000000000000000e+00
0.000000000000000000e+00
0.000000000000000000e+00
0.000000000000000000e+00
0.000000000000000000e+00
0.000000000000000000e+00
0.000000000000000000e+00
0.000000000000000000e+00
0.000000000000000000e+00
0.000000000000000000e+00
3.078490785631989635e+00
4.611432614215427606e+00
0.000000000000000000e+00
0.000000000000000000e+00
0.000000000000000000e+00
0.000000000000000000e+00
0.000000000000000000e+00
0.000000000000000000e+00
0.000000000000000000e+00
0.000000000000000000e+00
0.000000000000000000e+00
0.000000000000000000e+00
0.000000000000000000e+00
0.000000000000000000e+00
0.000000000000000000e+00
0.000000000000000000e+00
0.000000000000000000e+00
0.000000000000000000e+00
0.000000000000000000e+00
0.000000000000000000e+00
0.000000000000000000e+00
0.000000000000000000e+00
0.000000000000000000e+00
0.000000000000000000e+00
0.000000000000000000e+00
0.000000000000000000e+00
0.000000000000000000e+00
0.000000000000000000e+00
0.000000000000000000e+00
0.000000000000000000e+00
0.000000000000000000e+00
0.000000000000000000e+00
0.000000000000000000e+00
0.000000000000000000e+00
0.000000000000000000e+00
0.000000000000000000e+00
0.000000000000000000e+00
0.000000000000000000e+00
0.000000000000000000e+00
0.000000000000000000e+00
0.000000000000000000e+00
0.000000000000000000e+00
0.000000000000000000e+00
0.000000000000000000e+00
0.000000000000000000e+00
0.000000000000000000e+00
6.103515435521947611e-04
0.000000000000000000e+00
