# pd_vector
0.000000000000000000e+00
0.000000000000000000e+00
0.000000000000000000e+00
0.000000000000000000e+00
0.000000000000000000e+00
0.000000000000000000e+00
0.000000000000000000e+00
0.000000000000000000e+00
0.000000000000000000e+00
0.000000000000000000e+00
0.000000000000000000e+00
0.000000000000000000e+00
0.000000000000000000e+00
6.713866979074142698e-03
0.000000000000000000e+00
0.000000000000000000e+00
0.000000000000000000e+00
0.000000000000000000e+00
0.000000000000000000e+00
3.936767455911656388e-02
0.000000000000000000e+00
0.000000000000000000e+00
0.000000000000000000e+00
0.000000000000000000e+00
0.000000000000000000e+00
0.000000000000000000e+00
7.818603272903614787e-01
0.000000000000000000e+00
0.000000000000000000e+00
0.000000000000000000e+00
0.000000000000000000e+00
0.000000000000000000e+00
0.000000000000000000e+00
0.000000000000000000e+00
1.831664982200136516e+00
0.000000000000000000e+00
0.000000000000000000e+00
0.000000000000000000e+00
0.000000000000000000e+00
0.000000000000000000e+00
0.000000000000000000e+00
0.000000000000000000e+00
5.249013008664715763e-01
7.569579843134319752e+00
0.000000000000000000e+00
0.000000000000000000e+00
0.000000000000000000e+00
0.000000000000000000e+00
0.000000000000000000e+00
0.000000000000000000e+00
0.000000000000000000e+00
0.000000000000000000e+00
2.829584221880188544e+00
1.179565393068971524e+01
0.000000000000000000e+00
0.000000000000000000e+00
0.000000000000000000e+00
0.000000000000000000e+00
0.000000000000000000e+00
0.000000000000000000e+00
0.000000000000000000e+00
0.000000000000000000e+00
6.179669719882731060e-01
5.864246161308208194e+00
1.287933309626663814e+01
0.000000000000000000e+00
0.000000000000000000e+00
0.000000000000000000e+00
0.000000000000000000e+00
0.000000000000000000e+00
0.000000000000000000e+00
0.000000000000000000e+00
0.000000000000000000e+00
3.905753408282741646e-02
2.158764622145700418e+00
9.455547619794625547e+00
1.277313192768855643e+01
0.000000000000000000e+00
0.000000000000000000e+00
0.000000000000000000e+00
0.000000000000000000e+00
0.000000000000000000e+00
0.000000000000000000e+00
0.000000000000000000e+00
0.000000000000000000e+00
0.000000000000000000e+00
4.101041078696878728e-01
5.751212619304194362e+00
1.261227962919159218e+01
1.203887902079526562e+01
0.000000000000000000e+00
0.000000000000000000e+00
0.000000000000000000e+00
0.000000000000000000e+00
0.000000000000000000e+00
0.000000000000000000e+00
0.000000000000000000e+00
0.000000000000000000e+00
0.000000000000000000e+00
2.668993955478932145e-01
3.456591766330226356e+00
1.227694384350035861e+01
1.510983326075624511e+01
1.098205532313463983e+01
0.000000000000000000e+00
0.000000000000000000e+00
0.000000000000000000e+00
0.000000000000000000e+00
0.000000000000000000e+00
0.000000000000000000e+00
0.000000000000000000e+00
0.000000000000000000e+00
0.000000000000000000e+00
0.000000000000000000e+00
1.677653343443900269e+00
9.881556122955336363e+00
2.054946170851670573e+01
1.704586457046374193e+01
9.648742376244870300e+00
0.000000000000000000e+00
0.000000000000000000e+00
0.000000000000000000e+00
0.000000000000000000e+00
0.000000000000000000e+00
0.000000000000000000e+00
0.000000000000000000e+00
0.000000000000000000e+00
0.000000000000000000e+00
0.000000000000000000e+00
5.924046760028363057e-01
7.358797620106199311e+00
2.140352867738942422e+01
2.541904144778429853e+01
1.719234865442647830e+01
8.370055892503023287e+00
0.000000000000000000e+00
0.000000000000000000e+00
0.000000000000000000e+00
0.000000000000000000e+00
0.000000000000000000e+00
0.000000000000000000e+00
0.000000000000000000e+00
0.000000000000000000e+00
0.000000000000000000e+00
0.000000000000000000e+00
5.214774031925436537e-01
4.739237408022690445e+00
2.078002436765740413e+01
2.997665740857004124e+01
2.763548298731557296e+01
1.573239061759787383e+01
6.934814237840036810e+00
0.000000000000000000e+00
0.000000000000000000e+00
0.000000000000000000e+00
0.000000000000000000e+00
0.000000000000000000e+00
0.000000000000000000e+00
0.000000000000000000e+00
0.000000000000000000e+00
0.000000000000000000e+00
0.000000000000000000e+00
1.549967419239409727e-01
2.920273457878244550e+00
1.810125398897555371e+01
3.603141839896558452e+01
3.974104092927689891e+01
2.667145451101386655e+01
1.400387842683758599e+01
5.789794742136119332e+00
0.000000000000000000e+00
0.000000000000000000e+00
0.000000000000000000e+00
0.000000000000000000e+00
0.000000000000000000e+00
0.000000000000000000e+00
0.000000000000000000e+00
0.000000000000000000e+00
0.000000000000000000e+00
0.000000000000000000e+00
0.000000000000000000e+00
1.704964161163350589e+00
1.460136728939122186e+01
3.765060829706915513e+01
4.358085844446313928e+01
3.952622449182134545e+01
2.515537553973597085e+01
1.169919550582386947e+01
4.630431985158725894e+00
0.000000000000000000e+00
0.000000000000000000e+00
0.000000000000000000e+00
0.000000000000000000e+00
0.000000000000000000e+00
0.000000000000000000e+00
0.000000000000000000e+00
0.000000000000000000e+00
0.000000000000000000e+00
0.000000000000000000e+00
0.000000000000000000e+00
1.532356331553174522e+00
8.834814289664635112e+00
3.483469053326191300e+01
5.134173858691248427e+01
4.987205848237776706e+01
3.435110122584671188e+01
2.101087704760128361e+01
9.440899211398351198e+00
3.742675665062058066e+00
0.000000000000000000e+00
0.000000000000000000e+00
0.000000000000000000e+00
0.000000000000000000e+00
0.000000000000000000e+00
0.000000000000000000e+00
0.000000000000000000e+00
0.000000000000000000e+00
0.000000000000000000e+00
0.000000000000000000e+00
0.000000000000000000e+00
8.885952824177023590e-01
5.034885089389002033e+00
3.084435164286425390e+01
5.496371829649410046e+01
5.943793582561791311e+01
4.750809240752499818e+01
3.038676151643973000e+01
1.748434552745487380e+01
7.639144978656696061e+00
3.041076565748810356e+00
0.000000000000000000e+00
0.000000000000000000e+00
0.000000000000000000e+00
0.000000000000000000e+00
0.000000000000000000e+00
0.000000000000000000e+00
0.000000000000000000e+00
0.000000000000000000e+00
0.000000000000000000e+00
0.000000000000000000e+00
0.000000000000000000e+00
0.000000000000000000e+00
4.442976412088512461e+00
2.364206911539183409e+01
5.595382383454268904e+01
6.747917597311514726e+01
5.713413986338466088e+01
3.877666932460105897e+01
2.517258071638227079e+01
1.420500079610376964e+01
6.306139814595796089e+00
2.360534594688113330e+00
0.000000000000000000e+00
0.000000000000000000e+00
0.000000000000000000e+00
0.000000000000000000e+00
0.000000000000000000e+00
0.000000000000000000e+00
0.000000000000000000e+00
0.000000000000000000e+00
0.000000000000000000e+00
0.000000000000000000e+00
0.000000000000000000e+00
0.000000000000000000e+00
2.700811955433530365e+00
2.132628677802485839e+01
5.144339113071371372e+01
7.145349802693678498e+01
7.092092683418593424e+01
5.667338067093800902e+01
3.309552504793876437e+01
2.120824100697528536e+01
1.106572857840334301e+01
4.999990065928064276e+00
1.913452089036130621e+00
0.000000000000000000e+00
0.000000000000000000e+00
0.000000000000000000e+00
0.000000000000000000e+00
0.000000000000000000e+00
0.000000000000000000e+00
0.000000000000000000e+00
0.000000000000000000e+00
0.000000000000000000e+00
0.000000000000000000e+00
0.000000000000000000e+00
5.906318823794730610e-01
9.705651271184425610e-01
1.311822949782000514e+01
4.916893896044619794e+01
7.880689705130610889e+01
8.261326344546053235e+01
6.560185732162199201e+01
4.357465505709751596e+01
2.794817956237224976e+01
1.706814239419558277e+01
8.956401314016703807e+00
4.016105301978352138e+00
1.517333937270756161e+00
0.000000000000000000e+00
0.000000000000000000e+00
0.000000000000000000e+00
0.000000000000000000e+00
0.000000000000000000e+00
0.000000000000000000e+00
0.000000000000000000e+00
0.000000000000000000e+00
0.000000000000000000e+00
0.000000000000000000e+00
0.000000000000000000e+00
0.000000000000000000e+00
1.771895647138419072e+00
9.705651271184425610e+00
4.089800961085060038e+01
8.678613924946226632e+01
9.040902356163729792e+01
7.176349151078467514e+01
5.527660473840962396e+01
3.356959830682739465e+01
2.283896256188400642e+01
1.294757254845728767e+01
6.838834490003555366e+00
3.046868946424914348e+00
1.220703087104389573e+00
0.000000000000000000e+00
0.000000000000000000e+00
0.000000000000000000e+00
0.000000000000000000e+00
0.000000000000000000e+00
0.000000000000000000e+00
0.000000000000000000e+00
0.000000000000000000e+00
0.000000000000000000e+00
0.000000000000000000e+00
0.000000000000000000e+00
0.000000000000000000e+00
0.000000000000000000e+00
9.450110118071568976e+00
3.396977944914549141e+01
6.520531720975237988e+01
8.856332981429767415e+01
7.858798900394137377e+01
6.091371957610880372e+01
4.223966965859603562e+01
2.461770542500675418e+01
1.631899161349975813e+01
1.017448762857654287e+01
5.405151114990761840e+00
2.568354272146642359e+00
9.420776074728126614e-01
0.000000000000000000e+00
0.000000000000000000e+00
0.000000000000000000e+00
0.000000000000000000e+00
0.000000000000000000e+00
0.000000000000000000e+00
0.000000000000000000e+00
0.000000000000000000e+00
0.000000000000000000e+00
0.000000000000000000e+00
0.000000000000000000e+00
0.000000000000000000e+00
0.000000000000000000e+00
3.485674294340452839e+00
2.598780282469681424e+01
6.939540658896864045e+01
9.607173955756414330e+01
8.797093295935253821e+01
7.005057515671654755e+01
4.463906167409500370e+01
3.400032668815384795e+01
2.047087269298690160e+01
1.273491401614233531e+01
7.499046543902863959e+00
4.399924840556503902e+00
2.014156154487623418e+00
7.614135505813629523e-01
0.000000000000000000e+00
0.000000000000000000e+00
0.000000000000000000e+00
0.000000000000000000e+00
0.000000000000000000e+00
0.000000000000000000e+00
0.000000000000000000e+00
0.000000000000000000e+00
0.000000000000000000e+00
0.000000000000000000e+00
0.000000000000000000e+00
0.000000000000000000e+00
0.000000000000000000e+00
6.401280098850045341e+00
1.533696689509799249e+01
5.847255635556783204e+01
9.657123014828503926e+01
8.256767978039650302e+01
7.227241630330645705e+01
5.582155207800849439e+01
3.890418222290918493e+01
2.753400688856630296e+01
1.678479915341369733e+01
9.417735814332804267e+00
5.819572578341285052e+00
3.114553538820896250e+00
1.550289888605625332e+00
6.271362109998801504e-01
0.000000000000000000e+00
0.000000000000000000e+00
0.000000000000000000e+00
0.000000000000000000e+00
0.000000000000000000e+00
0.000000000000000000e+00
0.000000000000000000e+00
0.000000000000000000e+00
0.000000000000000000e+00
0.000000000000000000e+00
0.000000000000000000e+00
0.000000000000000000e+00
0.000000000000000000e+00
2.688166153714031559e+00
1.840368028419387869e+01
4.531376582642588602e+01
8.859478235692095893e+01
9.220368707625203797e+01
7.446524391409590748e+01
6.160927291429403141e+01
3.633873586254670585e+01
2.789941354630937553e+01
2.127627805025577956e+01
1.197973900361291300e+01
7.892596411201985518e+00
5.233709567098873805e+00
2.809689832640014817e+00
1.196286685695679530e+00
4.818725436344577506e-01
0.000000000000000000e+00
0.000000000000000000e+00
0.000000000000000000e+00
0.000000000000000000e+00
0.000000000000000000e+00
0.000000000000000000e+00
0.000000000000000000e+00
0.000000000000000000e+00
0.000000000000000000e+00
0.000000000000000000e+00
0.000000000000000000e+00
0.000000000000000000e+00
0.000000000000000000e+00
9.825870786883099672e-01
5.376332307428063118e+00
4.720944072901908584e+01
9.620461052379650368e+01
9.391046929833620993e+01
8.346860093218606380e+01
5.633122078475648919e+01
4.472596254835768548e+01
3.086603467842822823e+01
2.123455364357991471e+01
1.397559440556016952e+01
1.158480255294435501e+01
5.986172157288462969e+00
4.393972584318084351e+00
2.092848145133618054e+00
9.936503695472276299e-01
3.997802610266875667e-01
0.000000000000000000e+00
0.000000000000000000e+00
0.000000000000000000e+00
0.000000000000000000e+00
0.000000000000000000e+00
0.000000000000000000e+00
0.000000000000000000e+00
0.000000000000000000e+00
0.000000000000000000e+00
0.000000000000000000e+00
0.000000000000000000e+00
0.000000000000000000e+00
1.125116986457390666e+00
0.000000000000000000e+00
1.179104494425972049e+01
3.673827076742509945e+01
7.201440111206301253e+01
1.038730939713454973e+02
9.036667800405938067e+01
6.211616813558032391e+01
5.092959687388943024e+01
3.643240657912579650e+01
2.429879325748605012e+01
1.518968070854621466e+01
1.063813902512788978e+01
7.832906271593058634e+00
4.537289724314184980e+00
2.968372590294883651e+00
1.730307521567164608e+00
7.861312506000178724e-01
3.161620995600368800e-01
0.000000000000000000e+00
0.000000000000000000e+00
0.000000000000000000e+00
0.000000000000000000e+00
0.000000000000000000e+00
0.000000000000000000e+00
0.000000000000000000e+00
0.000000000000000000e+00
0.000000000000000000e+00
0.000000000000000000e+00
0.000000000000000000e+00
0.000000000000000000e+00
0.000000000000000000e+00
0.000000000000000000e+00
8.471111508601831375e+00
3.733830899015578098e+01
7.526865230399289430e+01
7.521504116148803121e+01
8.156477848756659910e+01
7.560088094457255181e+01
4.416071328388913741e+01
3.318140402389765597e+01
2.576926319011337085e+01
1.882609207336757251e+01
1.363971328930680471e+01
8.865115854273241780e+00
5.924046760028363501e+00
3.774720022748776049e+00
2.675441084673678027e+00
1.194736145843994679e+00
6.469713708354184467e-01
2.575683513790261725e-01
0.000000000000000000e+00
0.000000000000000000e+00
0.000000000000000000e+00
0.000000000000000000e+00
0.000000000000000000e+00
0.000000000000000000e+00
0.000000000000000000e+00
0.000000000000000000e+00
0.000000000000000000e+00
0.000000000000000000e+00
0.000000000000000000e+00
0.000000000000000000e+00
0.000000000000000000e+00
0.000000000000000000e+00
1.125116986457390666e+00
2.435444558723026631e+01
5.404228932785704842e+01
8.870948307256304588e+01
8.081616124798182454e+01
7.319916018114950873e+01
4.075359988418364310e+01
3.639619226694159693e+01
2.623645899564001027e+01
1.895669935824431818e+01
1.313448284188435267e+01
8.369824063892812305e+00
6.257728838310523400e+00
4.278478215576040355e+00
2.707122440557202747e+00
1.581830130354510366e+00
8.569142011570719530e-01
4.907216812751664659e-01
2.026367124593286551e-01
0.000000000000000000e+00
0.000000000000000000e+00
0.000000000000000000e+00
0.000000000000000000e+00
0.000000000000000000e+00
0.000000000000000000e+00
0.000000000000000000e+00
0.000000000000000000e+00
0.000000000000000000e+00
0.000000000000000000e+00
0.000000000000000000e+00
0.000000000000000000e+00
0.000000000000000000e+00
0.000000000000000000e+00
3.546124740737781611e+00
1.800187178331825066e+01
6.353333631451373265e+01
8.843283708194789483e+01
6.720415384285080052e+01
6.001200092671917474e+01
3.834241723774498212e+01
3.661917670752733045e+01
3.057280150423094156e+01
2.006317452607765262e+01
1.332892923626553561e+01
8.099597752495350633e+00
7.129850128501284523e+00
5.006183070648418720e+00
3.488605314238925281e+00
2.249580619617957300e+00
1.425599994023200701e+00
7.333208067594173540e-01
3.881828225012510791e-01
1.663207956179730829e-01
0.000000000000000000e+00
0.000000000000000000e+00
0.000000000000000000e+00
0.000000000000000000e+00
0.000000000000000000e+00
0.000000000000000000e+00
0.000000000000000000e+00
0.000000000000000000e+00
0.000000000000000000e+00
0.000000000000000000e+00
0.000000000000000000e+00
0.000000000000000000e+00
0.000000000000000000e+00
0.000000000000000000e+00
1.230715447488967884e+00
2.245879002467261643e+01
3.937909452600867155e+01
6.882778100738987348e+01
7.369403090162325043e+01
4.838699076685256983e+01
4.880976075373159517e+01
3.973668695548116148e+01
3.189412164849154507e+01
1.892601997880963083e+01
1.273239921847235756e+01
5.923968549451349652e+00
7.661781657765872389e+00
4.804898999642170487e+00
5.110478551286927740e+00
2.501264187567531216e+00
1.372625462817736786e+00
1.152197255443408785e+00
7.003625682533761720e-01
3.833000197024932221e-01
1.251220664281999240e-01
0.000000000000000000e+00
0.000000000000000000e+00
0.000000000000000000e+00
0.000000000000000000e+00
0.000000000000000000e+00
0.000000000000000000e+00
0.000000000000000000e+00
0.000000000000000000e+00
0.000000000000000000e+00
0.000000000000000000e+00
0.000000000000000000e+00
0.000000000000000000e+00
0.000000000000000000e+00
0.000000000000000000e+00
1.272255159682329495e+00
1.107643902740071162e+01
2.836899792590225289e+01
6.975725316035821777e+01
5.929778056021282140e+01
5.011194101310380944e+01
4.211460307485316434e+01
3.120624048189397115e+01
2.300545034264698785e+01
1.712832458900471977e+01
9.220368707625205218e+00
1.080324782173412146e+01
7.404960686814186843e+00
5.034885089389002033e+00
4.649902257718228960e+00
3.441750861070787870e+00
2.237973220455159673e+00
1.639524858365629889e+00
9.178520509464442867e-01
6.262065316147833460e-01
2.783197595291989068e-01
1.074218716651862832e-01
0.000000000000000000e+00
0.000000000000000000e+00
0.000000000000000000e+00
0.000000000000000000e+00
0.000000000000000000e+00
0.000000000000000000e+00
0.000000000000000000e+00
0.000000000000000000e+00
0.000000000000000000e+00
0.000000000000000000e+00
0.000000000000000000e+00
0.000000000000000000e+00
0.000000000000000000e+00
0.000000000000000000e+00
1.307719656795440555e+00
5.089020638729317980e+00
3.815217887215800374e+01
5.555595427155857635e+01
7.200748713327300266e+01
5.188555799018621428e+01
4.323383146228563589e+01
3.494615999828241115e+01
2.000400030890639158e+01
1.324556231849372168e+01
1.240326952996893439e+01
9.705651271184425610e+00
9.259926704343532933e+00
4.739174839561079544e+00
3.283620710471088167e+00
4.494905515794288320e+00
1.877318651493157020e+00
1.711391286230416142e+00
9.150836418784911164e-01
5.663342442009975386e-01
4.449362198315566230e-01
2.392573371391358839e-01
8.728027072796384900e-02
0.000000000000000000e+00
0.000000000000000000e+00
0.000000000000000000e+00
0.000000000000000000e+00
0.000000000000000000e+00
0.000000000000000000e+00
0.000000000000000000e+00
0.000000000000000000e+00
0.000000000000000000e+00
0.000000000000000000e+00
0.000000000000000000e+00
0.000000000000000000e+00
0.000000000000000000e+00
0.000000000000000000e+00
0.000000000000000000e+00
7.846317940772642885e+00
3.180637899205823871e+01
6.399720326942632909e+01
5.673799585180450578e+01
4.050421151246606399e+01
3.494333497298255509e+01
3.439054775409084641e+01
2.060927384514091187e+01
1.440288022241260180e+01
9.062753165285176493e+00
1.063137388283051443e+01
5.823390762710655366e+00
4.629963352171766466e+00
3.554381129670809436e+00
3.940344852565305533e+00
2.014957645011232756e+00
1.773023170854648445e+00
1.843036769786601914e+00
9.150836418784911164e-01
5.858630112424112468e-01
3.378219446869226150e-01
1.733394993559045638e-01
7.019042750850239265e-02
0.000000000000000000e+00
0.000000000000000000e+00
0.000000000000000000e+00
0.000000000000000000e+00
0.000000000000000000e+00
0.000000000000000000e+00
0.000000000000000000e+00
0.000000000000000000e+00
0.000000000000000000e+00
0.000000000000000000e+00
0.000000000000000000e+00
0.000000000000000000e+00
0.000000000000000000e+00
0.000000000000000000e+00
0.000000000000000000e+00
4.014164445120215419e+00
2.876983244949969176e+01
5.216246154697550708e+01
6.399720326942632909e+01
4.018941372836152226e+01
1.800187178331825066e+01
1.906000089435412193e+01
1.572139325901295948e+01
1.344083076857015868e+01
8.001600123562557343e+00
6.971348588680905678e+00
5.906318823794730832e+00
5.338108199151434086e+00
5.401623910867060729e+00
3.850579557143376963e+00
1.094540236823696056e+00
1.704964161163350589e+00
1.668727690216139647e+00
6.582274177809293025e-01
9.150836418784911164e-01
4.686904089939289975e-01
2.801450273013504355e-01
1.367184783652204971e-01
5.279540851726484407e-02
0.000000000000000000e+00
0.000000000000000000e+00
0.000000000000000000e+00
0.000000000000000000e+00
0.000000000000000000e+00
0.000000000000000000e+00
0.000000000000000000e+00
0.000000000000000000e+00
0.000000000000000000e+00
0.000000000000000000e+00
0.000000000000000000e+00
0.000000000000000000e+00
0.000000000000000000e+00
0.000000000000000000e+00
0.000000000000000000e+00
1.364076919001420141e+00
2.274693185568121834e+01
4.969334695822674064e+01
5.597922702602249956e+01
2.584502439726832534e+01
2.600491476541039759e+01
2.025210575623303200e+01
1.694222301720366275e+01
1.768656741638957897e+01
1.344083076857015868e+01
9.601920148275068456e+00
2.788539435472362271e+00
6.496950706174203560e+00
2.911695381355327683e+00
1.543321117390588748e+00
1.777190564835404718e+00
2.189080473647392111e+00
1.084977193467586698e+00
1.460136728939122275e+00
6.582274177809293025e-01
6.100557612523274109e-01
4.686904089939289975e-01
2.142285502892679883e-01
1.586910909596309371e-01
4.669189308174290232e-02
0.000000000000000000e+00
0.000000000000000000e+00
0.000000000000000000e+00
0.000000000000000000e+00
0.000000000000000000e+00
0.000000000000000000e+00
0.000000000000000000e+00
0.000000000000000000e+00
0.000000000000000000e+00
0.000000000000000000e+00
0.000000000000000000e+00
0.000000000000000000e+00
0.000000000000000000e+00
0.000000000000000000e+00
0.000000000000000000e+00
5.545905564856348668e+00
1.636892302801704346e+01
4.549386371136243667e+01
4.969334695822674064e+01
3.435088931142289681e+01
2.215287805480142325e+01
1.654858212344297996e+01
6.750701918744343999e+00
8.471111508601831375e+00
4.912935393441549614e+00
1.164871999942747038e+01
6.401280098850045341e+00
4.182809153208543407e+00
3.543791294276838144e+00
1.941130254236885122e+00
2.314981676085883233e+00
1.777190564835404718e+00
2.407988521012131233e+00
7.749837096197048636e-01
9.386593257465785101e-01
8.556956431152080711e-01
3.050278806261637055e-01
2.734027385797919152e-01
2.142285502892679883e-01
9.521465457577857339e-02
4.180908073332534336e-02
0.000000000000000000e+00
0.000000000000000000e+00
0.000000000000000000e+00
0.000000000000000000e+00
0.000000000000000000e+00
0.000000000000000000e+00
0.000000000000000000e+00
0.000000000000000000e+00
0.000000000000000000e+00
0.000000000000000000e+00
0.000000000000000000e+00
0.000000000000000000e+00
0.000000000000000000e+00
0.000000000000000000e+00
0.000000000000000000e+00
5.623322215608275165e+00
2.079714586821130595e+01
2.455338454202556164e+01
4.147969926624222126e+01
3.400071107668145487e+01
2.162833771459960275e+01
2.461430894977935679e+01
8.274291061721489982e+00
5.625584932286953332e+00
8.471111508601831375e+00
5.895522472129860247e+00
5.376332307428063118e+00
2.400480037068767114e+00
6.274213729812815110e+00
2.953159411897365416e+00
3.882260508473770244e+00
1.929151396738235880e+00
1.777190564835404718e+00
1.094540236823696056e+00
6.199869676957638909e-01
6.257728838310523400e-01
5.265819342247434198e-01
3.812848507827046318e-01
3.710465737868604563e-01
2.307076695422886070e-01
5.859363358509450670e-02
2.807617100340096053e-02
0.000000000000000000e+00
0.000000000000000000e+00
0.000000000000000000e+00
0.000000000000000000e+00
0.000000000000000000e+00
0.000000000000000000e+00
0.000000000000000000e+00
0.000000000000000000e+00
0.000000000000000000e+00
0.000000000000000000e+00
0.000000000000000000e+00
0.000000000000000000e+00
0.000000000000000000e+00
0.000000000000000000e+00
0.000000000000000000e+00
2.845238559429585923e+00
1.827579720072689540e+01
4.159429173642261190e+01
3.546599989403692632e+01
2.408498667072129251e+01
1.176947691115896433e+01
8.905786117776306909e+00
1.107643902740071162e+01
2.364083160491854407e+00
6.750701918744343999e+00
4.235555754300915687e+00
9.825870786883099228e+00
7.168443076570751415e+00
8.001600123562557343e+00
3.485674294340452839e+00
4.134423176656311760e+00
1.455847690677663842e+00
2.314981676085883233e+00
5.923968549451349430e-01
1.094540236823696056e+00
4.649902257718229182e-01
7.300683644695611374e-01
1.316454835561858550e-01
3.050278806261637055e-01
2.148164374555507905e-01
1.153538347711443035e-01
7.080064058198919097e-02
2.655029214452047162e-02
0.000000000000000000e+00
0.000000000000000000e+00
0.000000000000000000e+00
0.000000000000000000e+00
0.000000000000000000e+00
0.000000000000000000e+00
0.000000000000000000e+00
0.000000000000000000e+00
0.000000000000000000e+00
0.000000000000000000e+00
0.000000000000000000e+00
0.000000000000000000e+00
0.000000000000000000e+00
0.000000000000000000e+00
0.000000000000000000e+00
1.437240467635767294e+00
4.267857839144379106e+00
2.249328886243310066e+01
3.050248060670991634e+01
3.410192297503550662e+01
2.274693185568121834e+01
1.569263588154528577e+01
1.145029643714096501e+01
8.615008132422774523e+00
2.364083160491854407e+00
5.625584932286953332e+00
1.058888938575228922e+00
4.912935393441549614e+00
4.480276922856719857e+00
2.400480037068767114e+00
6.971348588680905678e-01
5.906318823794730610e-01
1.941130254236885122e+00
1.543321117390588748e+00
8.885952824177023590e-01
1.532356331553174522e+00
9.299804515436458363e-01
3.128864419155261700e-01
3.949364506685575371e-01
1.906424253913523159e-01
1.757589033727233740e-01
1.071142751446339941e-01
5.615223218571556429e-02
2.319335865498340157e-02
0.000000000000000000e+00
0.000000000000000000e+00
0.000000000000000000e+00
0.000000000000000000e+00
0.000000000000000000e+00
0.000000000000000000e+00
0.000000000000000000e+00
0.000000000000000000e+00
0.000000000000000000e+00
0.000000000000000000e+00
0.000000000000000000e+00
0.000000000000000000e+00
0.000000000000000000e+00
0.000000000000000000e+00
0.000000000000000000e+00
1.450024003277625040e+00
5.748961870543069175e+00
2.845238559429585834e+01
2.952244163194344395e+01
1.941066947699722078e+01
8.184461514008521732e+00
1.605665778048086167e+01
7.846317940772642885e+00
6.361275798411647031e+00
4.922861789955871537e+00
1.182041580245927204e+00
5.625584932286953332e+00
2.117777877150457844e+00
1.965174157376619934e+00
0.000000000000000000e+00
1.600320024712511335e+00
6.971348588680905678e-01
1.771895647138419072e+00
0.000000000000000000e+00
7.716605586952943741e-01
5.923968549451349430e-01
8.756321894589568222e-01
6.199869676957638909e-01
3.128864419155261700e-01
3.291137088904646513e-01
1.143854552348113895e-01
7.811506816565483291e-02
7.415603663859277050e-02
5.859363358509450670e-02
1.251220664281999309e-02
0.000000000000000000e+00
0.000000000000000000e+00
0.000000000000000000e+00
0.000000000000000000e+00
0.000000000000000000e+00
0.000000000000000000e+00
0.000000000000000000e+00
0.000000000000000000e+00
0.000000000000000000e+00
0.000000000000000000e+00
0.000000000000000000e+00
0.000000000000000000e+00
0.000000000000000000e+00
0.000000000000000000e+00
0.000000000000000000e+00
0.000000000000000000e+00
5.800096013110500159e+00
2.012136654690074167e+01
2.276190847543668738e+01
1.968162775462896263e+01
1.802419308578313206e+01
1.091261535201136113e+01
1.070443852032057386e+01
3.923158970386321442e+00
2.544510319364658990e+00
1.230715447488967884e+00
5.910207901229636462e+00
3.375350959372171999e+00
1.058888938575228922e+00
0.000000000000000000e+00
8.960553845713439269e-01
2.400480037068767114e+00
6.971348588680905678e-01
1.181263764758946122e+00
0.000000000000000000e+00
0.000000000000000000e+00
5.923968549451349430e-01
2.189080473647392056e-01
4.649902257718229182e-01
0.000000000000000000e+00
1.974682253342787686e-01
1.906424253913523159e-01
7.811506816565483291e-02
9.887471551812368475e-02
3.906242239006300215e-02
1.342773395814828540e-02
0.000000000000000000e+00
0.000000000000000000e+00
0.000000000000000000e+00
0.000000000000000000e+00
0.000000000000000000e+00
0.000000000000000000e+00
0.000000000000000000e+00
0.000000000000000000e+00
0.000000000000000000e+00
0.000000000000000000e+00
0.000000000000000000e+00
0.000000000000000000e+00
0.000000000000000000e+00
0.000000000000000000e+00
0.000000000000000000e+00
0.000000000000000000e+00
4.383731294581753701e+00
2.320038405244200064e+01
1.868412607926497415e+01
9.958334958003550952e+00
1.827579720072689540e+01
5.545905564856348668e+00
4.092230757004260866e+00
5.352219260160286929e+00
1.307719656795440555e+00
2.544510319364658990e+00
2.461430894977935768e+00
1.182041580245927204e+00
3.375350959372171999e+00
1.058888938575228922e+00
1.965174157376619934e+00
1.792110769142687854e+00
2.400480037068767114e+00
0.000000000000000000e+00
1.181263764758946122e+00
9.705651271184425610e-01
3.858302793476471870e-01
0.000000000000000000e+00
1.094540236823696056e+00
0.000000000000000000e+00
1.042954806385087280e-01
1.316454835561858550e-01
0.000000000000000000e+00
1.952876704141370823e-02
7.415603663859277050e-02
3.173821819192618882e-02
1.129150355571560335e-02
0.000000000000000000e+00
0.000000000000000000e+00
0.000000000000000000e+00
0.000000000000000000e+00
0.000000000000000000e+00
0.000000000000000000e+00
0.000000000000000000e+00
0.000000000000000000e+00
0.000000000000000000e+00
0.000000000000000000e+00
0.000000000000000000e+00
0.000000000000000000e+00
0.000000000000000000e+00
0.000000000000000000e+00
0.000000000000000000e+00
1.479865982045772466e+00
5.884510697214938801e+00
1.899616894318759819e+01
2.610043205899724938e+01
1.149792374108613835e+01
4.267857839144379106e+00
1.405830553902068791e+00
2.772952782428174334e+00
4.092230757004260866e+00
5.352219260160286929e+00
2.615439313590881110e+00
1.272255159682329495e+00
1.230715447488967884e+00
2.364083160491854407e+00
1.125116986457390666e+00
1.058888938575228922e+00
0.000000000000000000e+00
0.000000000000000000e+00
0.000000000000000000e+00
2.091404576604271703e+00
5.906318823794730610e-01
4.852825635592212805e-01
7.716605586952943741e-01
2.961984274725674715e-01
4.378160947294784111e-01
3.099934838478819454e-01
2.085909612770174559e-01
2.632909671123717099e-01
1.143854552348113895e-01
1.171726022484822494e-01
5.767691738557215175e-02
1.953121119503150108e-02
8.850097381506823874e-03
0.000000000000000000e+00
0.000000000000000000e+00
0.000000000000000000e+00
0.000000000000000000e+00
0.000000000000000000e+00
0.000000000000000000e+00
0.000000000000000000e+00
0.000000000000000000e+00
0.000000000000000000e+00
0.000000000000000000e+00
0.000000000000000000e+00
0.000000000000000000e+00
0.000000000000000000e+00
0.000000000000000000e+00
0.000000000000000000e+00
0.000000000000000000e+00
8.879195892274633906e+00
1.029789372012614379e+01
1.315119388374526110e+01
1.160019202622100032e+01
8.623442805814603318e+00
2.845238559429585923e+00
1.405830553902068791e+00
4.159429173642261723e+00
4.092230757004260866e+00
0.000000000000000000e+00
0.000000000000000000e+00
2.544510319364658990e+00
0.000000000000000000e+00
1.182041580245927204e+00
2.250233972914781333e+00
0.000000000000000000e+00
0.000000000000000000e+00
0.000000000000000000e+00
0.000000000000000000e+00
6.971348588680905678e-01
0.000000000000000000e+00
9.705651271184425610e-01
0.000000000000000000e+00
2.961984274725674715e-01
0.000000000000000000e+00
1.549967419239409727e-01
4.171819225540349119e-01
1.316454835561858550e-01
7.625697015654092636e-02
3.905753408282741646e-02
5.767691738557215175e-02
2.929681679254725335e-02
8.850097381506823874e-03
0.000000000000000000e+00
0.000000000000000000e+00
0.000000000000000000e+00
0.000000000000000000e+00
0.000000000000000000e+00
0.000000000000000000e+00
0.000000000000000000e+00
0.000000000000000000e+00
0.000000000000000000e+00
0.000000000000000000e+00
0.000000000000000000e+00
0.000000000000000000e+00
0.000000000000000000e+00
0.000000000000000000e+00
0.000000000000000000e+00
0.000000000000000000e+00
4.462854109223843402e+00
2.071812374864081363e+01
1.471127674303734700e+01
5.844975059442337972e+00
1.015016802294337595e+01
2.874480935271534587e+00
1.422619279714792961e+00
2.811661107804137583e+00
0.000000000000000000e+00
4.092230757004260866e+00
1.338054815040071732e+00
0.000000000000000000e+00
2.544510319364658990e+00
0.000000000000000000e+00
0.000000000000000000e+00
0.000000000000000000e+00
1.058888938575228922e+00
9.825870786883099672e-01
1.792110769142687854e+00
8.001600123562556677e-01
0.000000000000000000e+00
0.000000000000000000e+00
0.000000000000000000e+00
0.000000000000000000e+00
2.961984274725674715e-01
0.000000000000000000e+00
3.099934838478819454e-01
3.128864419155261700e-01
0.000000000000000000e+00
3.812848507827046318e-02
3.905753408282741646e-02
8.239559626510307641e-03
1.953121119503150108e-02
6.408691207298045263e-03
0.000000000000000000e+00
0.000000000000000000e+00
0.000000000000000000e+00
0.000000000000000000e+00
0.000000000000000000e+00
0.000000000000000000e+00
0.000000000000000000e+00
0.000000000000000000e+00
0.000000000000000000e+00
0.000000000000000000e+00
0.000000000000000000e+00
0.000000000000000000e+00
0.000000000000000000e+00
0.000000000000000000e+00
0.000000000000000000e+00
0.000000000000000000e+00
1.494517789827305210e+00
1.487618036407947919e+01
2.515772169477813236e+01
1.324014906873361141e+01
2.922487529721168986e+00
7.250120016388125421e+00
2.874480935271534587e+00
1.422619279714792961e+00
0.000000000000000000e+00
1.386476391214087167e+00
4.092230757004260866e+00
0.000000000000000000e+00
1.307719656795440555e+00
1.272255159682329495e+00
0.000000000000000000e+00
0.000000000000000000e+00
0.000000000000000000e+00
1.058888938575228922e+00
9.825870786883099672e-01
0.000000000000000000e+00
8.001600123562556677e-01
0.000000000000000000e+00
0.000000000000000000e+00
0.000000000000000000e+00
3.858302793476471870e-01
2.961984274725674715e-01
4.378160947294784111e-01
1.549967419239409727e-01
0.000000000000000000e+00
1.974682253342787686e-01
1.143854552348113895e-01
5.858630112424112468e-02
1.647911925302061528e-02
2.197261259441044001e-02
7.019042750850240132e-03
0.000000000000000000e+00
0.000000000000000000e+00
0.000000000000000000e+00
0.000000000000000000e+00
0.000000000000000000e+00
0.000000000000000000e+00
0.000000000000000000e+00
0.000000000000000000e+00
0.000000000000000000e+00
0.000000000000000000e+00
0.000000000000000000e+00
0.000000000000000000e+00
0.000000000000000000e+00
0.000000000000000000e+00
0.000000000000000000e+00
0.000000000000000000e+00
3.001356539728552875e+00
1.195614231861844168e+01
1.487618036407947919e+01
4.439597946137316953e+00
0.000000000000000000e+00
2.922487529721168986e+00
0.000000000000000000e+00
1.437240467635767294e+00
1.422619279714792961e+00
0.000000000000000000e+00
1.386476391214087167e+00
0.000000000000000000e+00
0.000000000000000000e+00
0.000000000000000000e+00
0.000000000000000000e+00
1.230715447488967884e+00
0.000000000000000000e+00
0.000000000000000000e+00
0.000000000000000000e+00
0.000000000000000000e+00
8.960553845713439269e-01
0.000000000000000000e+00
0.000000000000000000e+00
0.000000000000000000e+00
0.000000000000000000e+00
3.858302793476471870e-01
2.961984274725674715e-01
2.189080473647392056e-01
1.549967419239409727e-01
1.042954806385087280e-01
0.000000000000000000e+00
0.000000000000000000e+00
1.952876704141370823e-02
1.647911925302061528e-02
1.220700699689468774e-02
5.187988120193655524e-03
0.000000000000000000e+00
0.000000000000000000e+00
0.000000000000000000e+00
0.000000000000000000e+00
0.000000000000000000e+00
0.000000000000000000e+00
0.000000000000000000e+00
0.000000000000000000e+00
0.000000000000000000e+00
0.000000000000000000e+00
0.000000000000000000e+00
0.000000000000000000e+00
0.000000000000000000e+00
0.000000000000000000e+00
0.000000000000000000e+00
0.000000000000000000e+00
3.012390419957152510e+00
7.503391349321382187e+00
5.978071159309220839e+00
2.975236072815895749e+00
5.919463928183089863e+00
2.942255348607469401e+00
1.461243764860584493e+00
1.450024003277625040e+00
1.437240467635767294e+00
1.422619279714792961e+00
0.000000000000000000e+00
0.000000000000000000e+00
0.000000000000000000e+00
0.000000000000000000e+00
0.000000000000000000e+00
0.000000000000000000e+00
0.000000000000000000e+00
0.000000000000000000e+00
0.000000000000000000e+00
0.000000000000000000e+00
0.000000000000000000e+00
0.000000000000000000e+00
8.001600123562556677e-01
0.000000000000000000e+00
0.000000000000000000e+00
4.852825635592212805e-01
3.858302793476471870e-01
2.961984274725674715e-01
0.000000000000000000e+00
0.000000000000000000e+00
0.000000000000000000e+00
1.316454835561858550e-01
3.812848507827046318e-02
3.905753408282741646e-02
1.647911925302061528e-02
7.324204198136813337e-03
2.746581945984876479e-03
0.000000000000000000e+00
0.000000000000000000e+00
0.000000000000000000e+00
0.000000000000000000e+00
0.000000000000000000e+00
0.000000000000000000e+00
0.000000000000000000e+00
0.000000000000000000e+00
0.000000000000000000e+00
0.000000000000000000e+00
0.000000000000000000e+00
0.000000000000000000e+00
0.000000000000000000e+00
0.000000000000000000e+00
0.000000000000000000e+00
0.000000000000000000e+00
1.511150001924220776e+00
1.506195209978576344e+01
1.200542615891421150e+01
5.978071159309220839e+00
4.462854109223843402e+00
2.959731964091544931e+00
0.000000000000000000e+00
2.922487529721168986e+00
0.000000000000000000e+00
0.000000000000000000e+00
1.422619279714792961e+00
4.217491661706206152e+00
2.772952782428174334e+00
0.000000000000000000e+00
0.000000000000000000e+00
0.000000000000000000e+00
1.272255159682329495e+00
0.000000000000000000e+00
0.000000000000000000e+00
0.000000000000000000e+00
0.000000000000000000e+00
0.000000000000000000e+00
0.000000000000000000e+00
8.001600123562556677e-01
0.000000000000000000e+00
0.000000000000000000e+00
4.852825635592212805e-01
0.000000000000000000e+00
2.961984274725674715e-01
0.000000000000000000e+00
0.000000000000000000e+00
0.000000000000000000e+00
1.316454835561858550e-01
7.625697015654092636e-02
1.952876704141370823e-02
3.295823850604123056e-02
1.220700699689468774e-02
3.662109261313168350e-03
0.000000000000000000e+00
0.000000000000000000e+00
0.000000000000000000e+00
0.000000000000000000e+00
0.000000000000000000e+00
0.000000000000000000e+00
0.000000000000000000e+00
0.000000000000000000e+00
0.000000000000000000e+00
0.000000000000000000e+00
0.000000000000000000e+00
0.000000000000000000e+00
0.000000000000000000e+00
0.000000000000000000e+00
0.000000000000000000e+00
0.000000000000000000e+00
0.000000000000000000e+00
4.533450005772662550e+00
0.000000000000000000e+00
1.350610442877848882e+01
1.494517789827305210e+00
0.000000000000000000e+00
1.479865982045772466e+00
2.942255348607469401e+00
1.461243764860584493e+00
1.450024003277625040e+00
0.000000000000000000e+00
0.000000000000000000e+00
0.000000000000000000e+00
0.000000000000000000e+00
0.000000000000000000e+00
0.000000000000000000e+00
0.000000000000000000e+00
0.000000000000000000e+00
0.000000000000000000e+00
1.182041580245927204e+00
0.000000000000000000e+00
0.000000000000000000e+00
9.825870786883099672e-01
8.960553845713439269e-01
0.000000000000000000e+00
0.000000000000000000e+00
5.906318823794730610e-01
0.000000000000000000e+00
0.000000000000000000e+00
2.961984274725674715e-01
0.000000000000000000e+00
0.000000000000000000e+00
0.000000000000000000e+00
0.000000000000000000e+00
0.000000000000000000e+00
0.000000000000000000e+00
2.471867887953092119e-02
1.220700699689468774e-02
2.746581945984876479e-03
0.000000000000000000e+00
0.000000000000000000e+00
0.000000000000000000e+00
0.000000000000000000e+00
0.000000000000000000e+00
0.000000000000000000e+00
0.000000000000000000e+00
0.000000000000000000e+00
0.000000000000000000e+00
0.000000000000000000e+00
0.000000000000000000e+00
0.000000000000000000e+00
0.000000000000000000e+00
0.000000000000000000e+00
0.000000000000000000e+00
0.000000000000000000e+00
0.000000000000000000e+00
1.060928471215439117e+01
7.555750009621103658e+00
3.012390419957152510e+00
4.502034809592829312e+00
1.494517789827305210e+00
1.487618036407947875e+00
0.000000000000000000e+00
1.471127674303734700e+00
0.000000000000000000e+00
0.000000000000000000e+00
0.000000000000000000e+00
0.000000000000000000e+00
1.405830553902068791e+00
0.000000000000000000e+00
0.000000000000000000e+00
0.000000000000000000e+00
0.000000000000000000e+00
0.000000000000000000e+00
0.000000000000000000e+00
0.000000000000000000e+00
1.125116986457390666e+00
1.058888938575228922e+00
0.000000000000000000e+00
0.000000000000000000e+00
8.001600123562556677e-01
0.000000000000000000e+00
0.000000000000000000e+00
0.000000000000000000e+00
0.000000000000000000e+00
0.000000000000000000e+00
0.000000000000000000e+00
1.549967419239409727e-01
0.000000000000000000e+00
6.582274177809292748e-02
3.812848507827046318e-02
0.000000000000000000e+00
1.647911925302061528e-02
7.324204198136813337e-03
1.831054630656584175e-03
0.000000000000000000e+00
0.000000000000000000e+00
0.000000000000000000e+00
0.000000000000000000e+00
0.000000000000000000e+00
0.000000000000000000e+00
0.000000000000000000e+00
0.000000000000000000e+00
0.000000000000000000e+00
0.000000000000000000e+00
0.000000000000000000e+00
0.000000000000000000e+00
0.000000000000000000e+00
0.000000000000000000e+00
0.000000000000000000e+00
0.000000000000000000e+00
1.523287812427410515e+00
6.078563983201253684e+00
7.578060508681707219e+00
3.022300003848441552e+00
3.012390419957152510e+00
3.001356539728552875e+00
1.494517789827305210e+00
0.000000000000000000e+00
0.000000000000000000e+00
0.000000000000000000e+00
0.000000000000000000e+00
0.000000000000000000e+00
0.000000000000000000e+00
0.000000000000000000e+00
1.405830553902068791e+00
0.000000000000000000e+00
1.364076919001420141e+00
0.000000000000000000e+00
0.000000000000000000e+00
0.000000000000000000e+00
0.000000000000000000e+00
0.000000000000000000e+00
0.000000000000000000e+00
0.000000000000000000e+00
0.000000000000000000e+00
0.000000000000000000e+00
8.001600123562556677e-01
0.000000000000000000e+00
0.000000000000000000e+00
0.000000000000000000e+00
0.000000000000000000e+00
0.000000000000000000e+00
0.000000000000000000e+00
0.000000000000000000e+00
0.000000000000000000e+00
6.582274177809292748e-02
0.000000000000000000e+00
0.000000000000000000e+00
8.239559626510307641e-03
7.324204198136813337e-03
2.746581945984876479e-03
0.000000000000000000e+00
0.000000000000000000e+00
0.000000000000000000e+00
0.000000000000000000e+00
0.000000000000000000e+00
0.000000000000000000e+00
0.000000000000000000e+00
0.000000000000000000e+00
0.000000000000000000e+00
0.000000000000000000e+00
0.000000000000000000e+00
0.000000000000000000e+00
0.000000000000000000e+00
0.000000000000000000e+00
0.000000000000000000e+00
0.000000000000000000e+00
3.053193294526933776e+00
4.569863437282231544e+00
4.558922987400940485e+00
0.000000000000000000e+00
3.022300003848441552e+00
1.506195209978576255e+00
1.500678269864276437e+00
0.000000000000000000e+00
0.000000000000000000e+00
0.000000000000000000e+00
0.000000000000000000e+00
0.000000000000000000e+00
0.000000000000000000e+00
0.000000000000000000e+00
1.422619279714792961e+00
0.000000000000000000e+00
0.000000000000000000e+00
0.000000000000000000e+00
0.000000000000000000e+00
0.000000000000000000e+00
1.272255159682329495e+00
0.000000000000000000e+00
0.000000000000000000e+00
0.000000000000000000e+00
0.000000000000000000e+00
0.000000000000000000e+00
0.000000000000000000e+00
0.000000000000000000e+00
0.000000000000000000e+00
0.000000000000000000e+00
0.000000000000000000e+00
0.000000000000000000e+00
0.000000000000000000e+00
0.000000000000000000e+00
1.549967419239409727e-01
0.000000000000000000e+00
0.000000000000000000e+00
0.000000000000000000e+00
0.000000000000000000e+00
0.000000000000000000e+00
9.765605597515750538e-03
3.051757717760973806e-04
0.000000000000000000e+00
0.000000000000000000e+00
0.000000000000000000e+00
0.000000000000000000e+00
0.000000000000000000e+00
0.000000000000000000e+00
0.000000000000000000e+00
0.000000000000000000e+00
0.000000000000000000e+00
0.000000000000000000e+00
0.000000000000000000e+00
0.000000000000000000e+00
0.000000000000000000e+00
0.000000000000000000e+00
0.000000000000000000e+00
0.000000000000000000e+00
0.000000000000000000e+00
0.000000000000000000e+00
7.616439062137052574e+00
4.558922987400940485e+00
1.515612101736341533e+00
1.511150001924220776e+00
0.000000000000000000e+00
0.000000000000000000e+00
0.000000000000000000e+00
0.000000000000000000e+00
0.000000000000000000e+00
0.000000000000000000e+00
0.000000000000000000e+00
0.000000000000000000e+00
0.000000000000000000e+00
0.000000000000000000e+00
0.000000000000000000e+00
0.000000000000000000e+00
0.000000000000000000e+00
0.000000000000000000e+00
0.000000000000000000e+00
0.000000000000000000e+00
1.230715447488967884e+00
0.000000000000000000e+00
0.000000000000000000e+00
0.000000000000000000e+00
0.000000000000000000e+00
0.000000000000000000e+00
0.000000000000000000e+00
0.000000000000000000e+00
0.000000000000000000e+00
0.000000000000000000e+00
0.000000000000000000e+00
0.000000000000000000e+00
0.000000000000000000e+00
0.000000000000000000e+00
0.000000000000000000e+00
6.582274177809292748e-02
0.000000000000000000e+00
0.000000000000000000e+00
0.000000000000000000e+00
0.000000000000000000e+00
1.220703087104389522e-03
0.000000000000000000e+00
0.000000000000000000e+00
0.000000000000000000e+00
0.000000000000000000e+00
0.000000000000000000e+00
0.000000000000000000e+00
0.000000000000000000e+00
0.000000000000000000e+00
0.000000000000000000e+00
0.000000000000000000e+00
0.000000000000000000e+00
0.000000000000000000e+00
0.000000000000000000e+00
0.000000000000000000e+00
0.000000000000000000e+00
0.000000000000000000e+00
0.000000000000000000e+00
3.059211314264286496e+00
0.000000000000000000e+00
4.569863437282231544e+00
1.519640995800313421e+00
0.000000000000000000e+00
0.000000000000000000e+00
1.506195209978576255e+00
0.000000000000000000e+00
1.494517789827305210e+00
0.000000000000000000e+00
0.000000000000000000e+00
1.471127674303734700e+00
0.000000000000000000e+00
0.000000000000000000e+00
0.000000000000000000e+00
0.000000000000000000e+00
0.000000000000000000e+00
0.000000000000000000e+00
1.364076919001420141e+00
0.000000000000000000e+00
0.000000000000000000e+00
0.000000000000000000e+00
0.000000000000000000e+00
0.000000000000000000e+00
0.000000000000000000e+00
0.000000000000000000e+00
0.000000000000000000e+00
0.000000000000000000e+00
0.000000000000000000e+00
0.000000000000000000e+00
0.000000000000000000e+00
0.000000000000000000e+00
0.000000000000000000e+00
0.000000000000000000e+00
0.000000000000000000e+00
1.549967419239409727e-01
0.000000000000000000e+00
0.000000000000000000e+00
3.812848507827046318e-02
0.000000000000000000e+00
0.000000000000000000e+00
9.765605597515750538e-03
9.155273153282920875e-04
0.000000000000000000e+00
0.000000000000000000e+00
0.000000000000000000e+00
0.000000000000000000e+00
0.000000000000000000e+00
0.000000000000000000e+00
0.000000000000000000e+00
0.000000000000000000e+00
0.000000000000000000e+00
0.000000000000000000e+00
0.000000000000000000e+00
0.000000000000000000e+00
0.000000000000000000e+00
0.000000000000000000e+00
0.000000000000000000e+00
0.000000000000000000e+00
0.000000000000000000e+00
1.532347965967065351e+00
4.588816971396429523e+00
3.053193294526933776e+00
0.000000000000000000e+00
1.519640995800313421e+00
0.000000000000000000e+00
3.022300003848441552e+00
0.000000000000000000e+00
1.500678269864276437e+00
1.494517789827305210e+00
0.000000000000000000e+00
0.000000000000000000e+00
0.000000000000000000e+00
0.000000000000000000e+00
0.000000000000000000e+00
0.000000000000000000e+00
0.000000000000000000e+00
0.000000000000000000e+00
0.000000000000000000e+00
0.000000000000000000e+00
0.000000000000000000e+00
0.000000000000000000e+00
0.000000000000000000e+00
0.000000000000000000e+00
0.000000000000000000e+00
0.000000000000000000e+00
0.000000000000000000e+00
0.000000000000000000e+00
0.000000000000000000e+00
0.000000000000000000e+00
0.000000000000000000e+00
0.000000000000000000e+00
0.000000000000000000e+00
0.000000000000000000e+00
0.000000000000000000e+00
2.189080473647392056e-01
0.000000000000000000e+00
0.000000000000000000e+00
0.000000000000000000e+00
0.000000000000000000e+00
0.000000000000000000e+00
8.239559626510307641e-03
2.441401399378937635e-03
1.220703087104389522e-03
0.000000000000000000e+00
0.000000000000000000e+00
0.000000000000000000e+00
0.000000000000000000e+00
0.000000000000000000e+00
0.000000000000000000e+00
0.000000000000000000e+00
0.000000000000000000e+00
0.000000000000000000e+00
0.000000000000000000e+00
0.000000000000000000e+00
0.000000000000000000e+00
0.000000000000000000e+00
0.000000000000000000e+00
0.000000000000000000e+00
0.000000000000000000e+00
1.537144204738476017e+00
7.674262088922190195e+00
4.597043897901196274e+00
3.059211314264286496e+00
0.000000000000000000e+00
0.000000000000000000e+00
1.519640995800313421e+00
1.515612101736341533e+00
0.000000000000000000e+00
0.000000000000000000e+00
0.000000000000000000e+00
0.000000000000000000e+00
0.000000000000000000e+00
0.000000000000000000e+00
0.000000000000000000e+00
0.000000000000000000e+00
0.000000000000000000e+00
0.000000000000000000e+00
0.000000000000000000e+00
0.000000000000000000e+00
0.000000000000000000e+00
0.000000000000000000e+00
0.000000000000000000e+00
0.000000000000000000e+00
1.272255159682329495e+00
0.000000000000000000e+00
0.000000000000000000e+00
0.000000000000000000e+00
0.000000000000000000e+00
0.000000000000000000e+00
0.000000000000000000e+00
0.000000000000000000e+00
6.971348588680905678e-01
0.000000000000000000e+00
0.000000000000000000e+00
0.000000000000000000e+00
0.000000000000000000e+00
0.000000000000000000e+00
0.000000000000000000e+00
0.000000000000000000e+00
0.000000000000000000e+00
0.000000000000000000e+00
0.000000000000000000e+00
8.239559626510307641e-03
0.000000000000000000e+00
1.220703087104389522e-03
0.000000000000000000e+00
0.000000000000000000e+00
0.000000000000000000e+00
0.000000000000000000e+00
0.000000000000000000e+00
0.000000000000000000e+00
0.000000000000000000e+00
0.000000000000000000e+00
0.000000000000000000e+00
0.000000000000000000e+00
0.000000000000000000e+00
0.000000000000000000e+00
0.000000000000000000e+00
0.000000000000000000e+00
0.000000000000000000e+00
0.000000000000000000e+00
0.000000000000000000e+00
1.537144204738476017e+00
1.534852417784438039e+00
0.000000000000000000e+00
0.000000000000000000e+00
1.526596647263466888e+00
1.523287812427410515e+00
0.000000000000000000e+00
0.000000000000000000e+00
0.000000000000000000e+00
0.000000000000000000e+00
0.000000000000000000e+00
0.000000000000000000e+00
0.000000000000000000e+00
0.000000000000000000e+00
0.000000000000000000e+00
0.000000000000000000e+00
0.000000000000000000e+00
0.000000000000000000e+00
0.000000000000000000e+00
0.000000000000000000e+00
0.000000000000000000e+00
0.000000000000000000e+00
0.000000000000000000e+00
0.000000000000000000e+00
0.000000000000000000e+00
0.000000000000000000e+00
0.000000000000000000e+00
0.000000000000000000e+00
0.000000000000000000e+00
0.000000000000000000e+00
0.000000000000000000e+00
0.000000000000000000e+00
0.000000000000000000e+00
0.000000000000000000e+00
0.000000000000000000e+00
0.000000000000000000e+00
0.000000000000000000e+00
0.000000000000000000e+00
0.000000000000000000e+00
0.000000000000000000e+00
0.000000000000000000e+00
3.812848507827046318e-02
0.000000000000000000e+00
0.000000000000000000e+00
0.000000000000000000e+00
9.155273153282920875e-04
0.000000000000000000e+00
0.000000000000000000e+00
0.000000000000000000e+00
0.000000000000000000e+00
0.000000000000000000e+00
0.000000000000000000e+00
0.000000000000000000e+00
0.000000000000000000e+00
0.000000000000000000e+00
0.000000000000000000e+00
0.000000000000000000e+00
0.000000000000000000e+00
0.000000000000000000e+00
0.000000000000000000e+00
0.000000000000000000e+00
0.000000000000000000e+00
3.082350726731541091e+00
1.539245392815994817e+00
6.148576818953904066e+00
3.069704835568876078e+00
0.000000000000000000e+00
0.000000000000000000e+00
0.000000000000000000e+00
0.000000000000000000e+00
0.000000000000000000e+00
0.000000000000000000e+00
0.000000000000000000e+00
0.000000000000000000e+00
0.000000000000000000e+00
0.000000000000000000e+00
0.000000000000000000e+00
0.000000000000000000e+00
0.000000000000000000e+00
0.000000000000000000e+00
0.000000000000000000e+00
0.000000000000000000e+00
0.000000000000000000e+00
0.000000000000000000e+00
0.000000000000000000e+00
0.000000000000000000e+00
0.000000000000000000e+00
0.000000000000000000e+00
0.000000000000000000e+00
0.000000000000000000e+00
0.000000000000000000e+00
0.000000000000000000e+00
0.000000000000000000e+00
0.000000000000000000e+00
0.000000000000000000e+00
0.000000000000000000e+00
0.000000000000000000e+00
0.000000000000000000e+00
0.000000000000000000e+00
0.000000000000000000e+00
0.000000000000000000e+00
0.000000000000000000e+00
0.000000000000000000e+00
0.000000000000000000e+00
0.000000000000000000e+00
0.000000000000000000e+00
0.000000000000000000e+00
0.000000000000000000e+00
0.000000000000000000e+00
1.220703087104389522e-03
0.000000000000000000e+00
