# pd_vector
0.000000000000000000e+00
0.000000000000000000e+00
0.000000000000000000e+00
0.000000000000000000e+00
0.000000000000000000e+00
0.000000000000000000e+00
0.000000000000000000e+00
0.000000000000000000e+00
0.000000000000000000e+00
0.000000000000000000e+00
0.000000000000000000e+00
0.000000000000000000e+00
0.000000000000000000e+00
5.187988120193655524e-03
0.000000000000000000e+00
0.000000000000000000e+00
0.000000000000000000e+00
0.000000000000000000e+00
0.000000000000000000e+00
3.784179570023607497e-02
0.000000000000000000e+00
0.000000000000000000e+00
0.000000000000000000e+00
0.000000000000000000e+00
0.000000000000000000e+00
0.000000000000000000e+00
6.646728309283400637e-01
0.000000000000000000e+00
0.000000000000000000e+00
0.000000000000000000e+00
0.000000000000000000e+00
0.000000000000000000e+00
0.000000000000000000e+00
0.000000000000000000e+00
1.846313419245389165e+00
0.000000000000000000e+00
0.000000000000000000e+00
0.000000000000000000e+00
0.000000000000000000e+00
0.000000000000000000e+00
0.000000000000000000e+00
0.000000000000000000e+00
4.907216812751664659e-01
7.269592059478415358e+00
0.000000000000000000e+00
0.000000000000000000e+00
0.000000000000000000e+00
0.000000000000000000e+00
0.000000000000000000e+00
0.000000000000000000e+00
0.000000000000000000e+00
0.000000000000000000e+00
2.841791228877083242e+00
1.115417445841635846e+01
0.000000000000000000e+00
0.000000000000000000e+00
0.000000000000000000e+00
0.000000000000000000e+00
0.000000000000000000e+00
0.000000000000000000e+00
0.000000000000000000e+00
0.000000000000000000e+00
6.014878527352524040e-01
5.656727042360998325e+00
1.181640588317049101e+01
0.000000000000000000e+00
0.000000000000000000e+00
0.000000000000000000e+00
0.000000000000000000e+00
0.000000000000000000e+00
0.000000000000000000e+00
0.000000000000000000e+00
0.000000000000000000e+00
3.905753408282741646e-02
2.307076695422886292e+00
8.713361594383428610e+00
1.174652063143376424e+01
0.000000000000000000e+00
0.000000000000000000e+00
0.000000000000000000e+00
0.000000000000000000e+00
0.000000000000000000e+00
0.000000000000000000e+00
0.000000000000000000e+00
0.000000000000000000e+00
0.000000000000000000e+00
5.272767101181701221e-01
5.520504949761906310e+00
1.188718341357604658e+01
1.117340053203825256e+01
0.000000000000000000e+00
0.000000000000000000e+00
0.000000000000000000e+00
0.000000000000000000e+00
0.000000000000000000e+00
0.000000000000000000e+00
0.000000000000000000e+00
0.000000000000000000e+00
0.000000000000000000e+00
2.287709104696227791e-01
3.046487658460538483e+00
1.136235272495771476e+01
1.425778417237299500e+01
1.020599333550802434e+01
0.000000000000000000e+00
0.000000000000000000e+00
0.000000000000000000e+00
0.000000000000000000e+00
0.000000000000000000e+00
0.000000000000000000e+00
0.000000000000000000e+00
0.000000000000000000e+00
0.000000000000000000e+00
0.000000000000000000e+00
1.220111522504654822e+00
9.198049276505855687e+00
1.818470809570824898e+01
1.562985175882395872e+01
9.119262412213341662e+00
0.000000000000000000e+00
0.000000000000000000e+00
0.000000000000000000e+00
0.000000000000000000e+00
0.000000000000000000e+00
0.000000000000000000e+00
0.000000000000000000e+00
0.000000000000000000e+00
0.000000000000000000e+00
0.000000000000000000e+00
8.556956431152080711e-01
7.282540649949658551e+00
2.007557251857329206e+01
2.284005928468657132e+01
1.616451866528794667e+01
7.851562256255433248e+00
0.000000000000000000e+00
0.000000000000000000e+00
0.000000000000000000e+00
0.000000000000000000e+00
0.000000000000000000e+00
0.000000000000000000e+00
0.000000000000000000e+00
0.000000000000000000e+00
0.000000000000000000e+00
0.000000000000000000e+00
2.085909612770174559e-01
3.883541764907482818e+00
1.837792980772636398e+01
2.788707933513877535e+01
2.594637326388095744e+01
1.486081031801959362e+01
6.603088173919418935e+00
0.000000000000000000e+00
0.000000000000000000e+00
0.000000000000000000e+00
0.000000000000000000e+00
0.000000000000000000e+00
0.000000000000000000e+00
0.000000000000000000e+00
0.000000000000000000e+00
0.000000000000000000e+00
0.000000000000000000e+00
0.000000000000000000e+00
3.128864419155261700e+00
1.533669883429565139e+01
3.115097230894696878e+01
3.433157245880529729e+01
2.527896893413362278e+01
1.315671214125309518e+01
5.535278148474854554e+00
0.000000000000000000e+00
0.000000000000000000e+00
0.000000000000000000e+00
0.000000000000000000e+00
0.000000000000000000e+00
0.000000000000000000e+00
0.000000000000000000e+00
0.000000000000000000e+00
0.000000000000000000e+00
0.000000000000000000e+00
0.000000000000000000e+00
1.859960903087291673e+00
1.105532094768192586e+01
2.909365186591707442e+01
4.102624994421901761e+01
3.739758888430725392e+01
2.292245488095167616e+01
1.125241904973752405e+01
4.433593612363142533e+00
0.000000000000000000e+00
0.000000000000000000e+00
0.000000000000000000e+00
0.000000000000000000e+00
0.000000000000000000e+00
0.000000000000000000e+00
0.000000000000000000e+00
0.000000000000000000e+00
0.000000000000000000e+00
0.000000000000000000e+00
0.000000000000000000e+00
8.756321894589568222e-01
8.989811031588576640e+00
2.888984813686691666e+01
4.574680553577458397e+01
4.663113725072477678e+01
3.339419164081743929e+01
1.998093209428749617e+01
8.972150142717595145e+00
3.655090218562318416e+00
0.000000000000000000e+00
0.000000000000000000e+00
0.000000000000000000e+00
0.000000000000000000e+00
0.000000000000000000e+00
0.000000000000000000e+00
0.000000000000000000e+00
0.000000000000000000e+00
0.000000000000000000e+00
0.000000000000000000e+00
0.000000000000000000e+00
8.885952824177023590e-01
6.786149468306915011e+00
2.324951128859114746e+01
4.922746686137612215e+01
5.331642084025526884e+01
4.575418209392455537e+01
2.905880535762359784e+01
1.629784894123738681e+01
7.363266620526875528e+00
2.853698641878286590e+00
0.000000000000000000e+00
0.000000000000000000e+00
0.000000000000000000e+00
0.000000000000000000e+00
0.000000000000000000e+00
0.000000000000000000e+00
0.000000000000000000e+00
0.000000000000000000e+00
0.000000000000000000e+00
0.000000000000000000e+00
0.000000000000000000e+00
3.858302793476471870e-01
4.739174839561079544e+00
1.970172426282652722e+01
4.618902909333441187e+01
6.268158386374374658e+01
5.627844422026945637e+01
3.927233963061857480e+01
2.349310675082069011e+01
1.284547345772956994e+01
6.159655730633059711e+00
2.343749927240427855e+00
0.000000000000000000e+00
0.000000000000000000e+00
0.000000000000000000e+00
0.000000000000000000e+00
0.000000000000000000e+00
0.000000000000000000e+00
0.000000000000000000e+00
0.000000000000000000e+00
0.000000000000000000e+00
0.000000000000000000e+00
0.000000000000000000e+00
0.000000000000000000e+00
1.543321117390588748e+00
1.362512766373810358e+01
4.312488533085362263e+01
7.424343938156772538e+01
6.351594770885181873e+01
4.706326037133644036e+01
3.168477110004275588e+01
1.933347937099956937e+01
1.059607367969225500e+01
4.741201517593896853e+00
1.838684024950986817e+00
0.000000000000000000e+00
0.000000000000000000e+00
0.000000000000000000e+00
0.000000000000000000e+00
0.000000000000000000e+00
0.000000000000000000e+00
0.000000000000000000e+00
0.000000000000000000e+00
0.000000000000000000e+00
0.000000000000000000e+00
0.000000000000000000e+00
0.000000000000000000e+00
9.705651271184425610e-01
1.118907810108176903e+01
3.672860500659836447e+01
7.749344876711768393e+01
7.641339376850289966e+01
6.393312963140584770e+01
4.298225038109467988e+01
2.379217468884077036e+01
1.577924376946227625e+01
8.437309057546555024e+00
3.959953069792637059e+00
1.455078079828432402e+00
0.000000000000000000e+00
0.000000000000000000e+00
0.000000000000000000e+00
0.000000000000000000e+00
0.000000000000000000e+00
0.000000000000000000e+00
0.000000000000000000e+00
0.000000000000000000e+00
0.000000000000000000e+00
0.000000000000000000e+00
0.000000000000000000e+00
0.000000000000000000e+00
0.000000000000000000e+00
1.116149896186209034e+01
3.511055542063589741e+01
6.990282888352592749e+01
8.756321894589568444e+01
7.486342634926349149e+01
5.214774031925436049e+01
3.324048459793692700e+01
2.100879527812702463e+01
1.183443282709670719e+01
7.259052030955580825e+00
3.063958756220566571e+00
1.136779749865962641e+00
0.000000000000000000e+00
0.000000000000000000e+00
0.000000000000000000e+00
0.000000000000000000e+00
0.000000000000000000e+00
0.000000000000000000e+00
0.000000000000000000e+00
0.000000000000000000e+00
0.000000000000000000e+00
0.000000000000000000e+00
0.000000000000000000e+00
0.000000000000000000e+00
0.000000000000000000e+00
5.315686941415257216e+00
3.348449688558626747e+01
7.022111084127179481e+01
9.093291723407821792e+01
7.530436829347029004e+01
6.230869025342427392e+01
3.973657812327182626e+01
2.810631073924567858e+01
1.498449463576029217e+01
9.666739685499784684e+00
5.298036839846127499e+00
2.373042160196327188e+00
9.341430374066340692e-01
0.000000000000000000e+00
0.000000000000000000e+00
0.000000000000000000e+00
0.000000000000000000e+00
0.000000000000000000e+00
0.000000000000000000e+00
0.000000000000000000e+00
0.000000000000000000e+00
0.000000000000000000e+00
0.000000000000000000e+00
0.000000000000000000e+00
0.000000000000000000e+00
8.001600123562556677e-01
7.668483447548996246e+00
2.244401153041997787e+01
5.823390762710655366e+01
8.411100089778709332e+01
8.412035340220916169e+01
6.808040273043388879e+01
4.603403235141046679e+01
2.753400688856630296e+01
1.704809012052606931e+01
1.292555644153368632e+01
6.952241066743280129e+00
4.160977611387705721e+00
1.835933852332961136e+00
7.183837667609331845e-01
0.000000000000000000e+00
0.000000000000000000e+00
0.000000000000000000e+00
0.000000000000000000e+00
0.000000000000000000e+00
0.000000000000000000e+00
0.000000000000000000e+00
0.000000000000000000e+00
0.000000000000000000e+00
0.000000000000000000e+00
0.000000000000000000e+00
0.000000000000000000e+00
8.960553845713439269e-01
4.800960074137534228e+00
1.394269717736181136e+01
5.551939694367046485e+01
9.220368707625203797e+01
9.800089095430239183e+01
7.197621787583389619e+01
5.625936817273797885e+01
3.735421480366977676e+01
2.200634641472534270e+01
1.586328076852039537e+01
9.455864299411075535e+00
6.073446549879663259e+00
3.106313979194386121e+00
1.516110269014320222e+00
5.648803535575562806e-01
0.000000000000000000e+00
0.000000000000000000e+00
0.000000000000000000e+00
0.000000000000000000e+00
0.000000000000000000e+00
0.000000000000000000e+00
0.000000000000000000e+00
0.000000000000000000e+00
0.000000000000000000e+00
0.000000000000000000e+00
0.000000000000000000e+00
0.000000000000000000e+00
9.825870786883099672e-01
0.000000000000000000e+00
1.360272021005634713e+01
5.507365385057915574e+01
8.268846353312622455e+01
9.414481733048893375e+01
7.832354670757237614e+01
5.805489178462322286e+01
4.246816118875940305e+01
2.448948522398267258e+01
1.835600459237753768e+01
1.184809352005672700e+01
7.663825500732363238e+00
4.511145186566566601e+00
2.241160218410803484e+00
1.291501340271457909e+00
4.763793797424880072e-01
0.000000000000000000e+00
0.000000000000000000e+00
0.000000000000000000e+00
0.000000000000000000e+00
0.000000000000000000e+00
0.000000000000000000e+00
0.000000000000000000e+00
0.000000000000000000e+00
0.000000000000000000e+00
0.000000000000000000e+00
0.000000000000000000e+00
0.000000000000000000e+00
0.000000000000000000e+00
1.965174157376619934e+00
1.971321846056956772e+01
4.640928071666282761e+01
8.714185735851131653e+01
8.268846353312622455e+01
8.443916605930449748e+01
6.327616581301413845e+01
3.969058928132404418e+01
3.327402319944035725e+01
2.309451454666720593e+01
1.230686671534403054e+01
1.007087949204821875e+01
5.604887306505758282e+00
3.573764368578708606e+00
1.936296512229922273e+00
9.594707499559225194e-01
3.552245983473773516e-01
0.000000000000000000e+00
0.000000000000000000e+00
0.000000000000000000e+00
0.000000000000000000e+00
0.000000000000000000e+00
0.000000000000000000e+00
0.000000000000000000e+00
0.000000000000000000e+00
0.000000000000000000e+00
0.000000000000000000e+00
0.000000000000000000e+00
0.000000000000000000e+00
0.000000000000000000e+00
1.058888938575228922e+00
4.912935393441549614e+00
3.763432615199644715e+01
7.921584122326930810e+01
9.829601510040076562e+01
8.977604612167991149e+01
5.580749480931044815e+01
4.707129408041295449e+01
2.873124746483904346e+01
2.210971278383865979e+01
1.503468396662227491e+01
9.908070660658328421e+00
7.108856112034036556e+00
4.575418209392455360e+00
2.929315056212056234e+00
1.598474567542999658e+00
6.835923918261025412e-01
2.954101470792622752e-01
0.000000000000000000e+00
0.000000000000000000e+00
0.000000000000000000e+00
0.000000000000000000e+00
0.000000000000000000e+00
0.000000000000000000e+00
0.000000000000000000e+00
0.000000000000000000e+00
0.000000000000000000e+00
0.000000000000000000e+00
0.000000000000000000e+00
0.000000000000000000e+00
0.000000000000000000e+00
0.000000000000000000e+00
1.058888938575228877e+01
2.849502528196098794e+01
6.630809845827944571e+01
8.721744134683186189e+01
8.086764362869850231e+01
6.142571576746519924e+01
4.270486559321147269e+01
3.742553709672177575e+01
2.488066790769566694e+01
1.598028745762596259e+01
1.286472957968710062e+01
8.239342970442189440e+00
6.648096919587385578e+00
3.698463052592234845e+00
2.128635607514094197e+00
1.301850420988628576e+00
6.347643638385237486e-01
2.319335865498340088e-01
0.000000000000000000e+00
0.000000000000000000e+00
0.000000000000000000e+00
0.000000000000000000e+00
0.000000000000000000e+00
0.000000000000000000e+00
0.000000000000000000e+00
0.000000000000000000e+00
0.000000000000000000e+00
0.000000000000000000e+00
0.000000000000000000e+00
0.000000000000000000e+00
0.000000000000000000e+00
0.000000000000000000e+00
7.875818905201734665e+00
1.164777832432751836e+01
8.155472753112972839e+01
9.946214768741917567e+01
8.721744134683186189e+01
6.692494645133669451e+01
4.134423176656311227e+01
3.008751894067172117e+01
1.659070201194882799e+01
2.014149306813458651e+01
1.182103455769591704e+01
8.524820805816753833e+00
5.214774031925436759e+00
4.146832732019854362e+00
2.325837589774498060e+00
1.757589033727233740e+00
8.651537607835823041e-01
4.394522518882088002e-01
1.968383727955828055e-01
0.000000000000000000e+00
0.000000000000000000e+00
0.000000000000000000e+00
0.000000000000000000e+00
0.000000000000000000e+00
0.000000000000000000e+00
0.000000000000000000e+00
0.000000000000000000e+00
0.000000000000000000e+00
0.000000000000000000e+00
0.000000000000000000e+00
0.000000000000000000e+00
0.000000000000000000e+00
0.000000000000000000e+00
4.728166320983708815e+00
1.350140383748868800e+01
5.188555799018621428e+01
8.057214045244141687e+01
7.437259691942153950e+01
6.081216093907543296e+01
4.810230526189825184e+01
3.425664917800943954e+01
2.620525843219795092e+01
1.736236257064412314e+01
1.332892923626553561e+01
7.223965563036394144e+00
6.819856644653402356e+00
4.484705667455875400e+00
3.225314347126553294e+00
2.097066679304875336e+00
1.620887664437337783e+00
8.321955222775411221e-01
3.637688085074616828e-01
1.470947219960789254e-01
0.000000000000000000e+00
0.000000000000000000e+00
0.000000000000000000e+00
0.000000000000000000e+00
0.000000000000000000e+00
0.000000000000000000e+00
0.000000000000000000e+00
0.000000000000000000e+00
0.000000000000000000e+00
0.000000000000000000e+00
0.000000000000000000e+00
0.000000000000000000e+00
0.000000000000000000e+00
0.000000000000000000e+00
1.230715447488967884e+00
1.300245738270519880e+01
5.063026439058258177e+01
7.835778145456694688e+01
7.565920505899987347e+01
6.361993230456541681e+01
4.560912070430657650e+01
3.346247322566834725e+01
1.830958835376366522e+01
1.649960716101352176e+01
1.466155061521059366e+01
1.155173867143013133e+01
7.005057515671654578e+00
2.479947870783055563e+00
3.546046341709296890e+00
2.698732412901810207e+00
1.868295768835252613e+00
9.959671191120991196e-01
5.850087334822318130e-01
2.856439637273356924e-01
1.220703087104389462e-01
0.000000000000000000e+00
0.000000000000000000e+00
0.000000000000000000e+00
0.000000000000000000e+00
0.000000000000000000e+00
0.000000000000000000e+00
0.000000000000000000e+00
0.000000000000000000e+00
0.000000000000000000e+00
0.000000000000000000e+00
0.000000000000000000e+00
0.000000000000000000e+00
0.000000000000000000e+00
0.000000000000000000e+00
0.000000000000000000e+00
1.476858536986761550e+01
2.836899792590225289e+01
6.750701918744343288e+01
5.718000268306236222e+01
6.190298595736352638e+01
5.107515692056660583e+01
3.920784060545652494e+01
2.927966407245980207e+01
1.653769270662524704e+01
1.649960716101352176e+01
8.102435866300590206e+00
7.404960686814186843e+00
6.786149468306915011e+00
3.254931580402760538e+00
2.503091535324209360e+00
2.501264187567531216e+00
1.258240007582925202e+00
9.959671191120991196e-01
5.190922564701493380e-01
2.734369567304409943e-01
9.857177428367945582e-02
0.000000000000000000e+00
0.000000000000000000e+00
0.000000000000000000e+00
0.000000000000000000e+00
0.000000000000000000e+00
0.000000000000000000e+00
0.000000000000000000e+00
0.000000000000000000e+00
0.000000000000000000e+00
0.000000000000000000e+00
0.000000000000000000e+00
0.000000000000000000e+00
0.000000000000000000e+00
0.000000000000000000e+00
0.000000000000000000e+00
1.017804127745863596e+01
3.446003252969109809e+01
7.210453639500155987e+01
4.725491343121041155e+01
5.294444692876144387e+01
3.439054775409084641e+01
3.225799384456838226e+01
1.840368028419387869e+01
1.533696689509799249e+01
1.122200576520998894e+01
1.552904203389508098e+01
6.944945028257649255e+00
3.258182702198242353e+00
3.502528757835827289e+00
3.564925064250642261e+00
1.251545767662104680e+00
1.250632093783765608e+00
8.006981866436797546e-01
8.397369827807894538e-01
4.202175409520256810e-01
1.928707105509360753e-01
7.476806408514385938e-02
0.000000000000000000e+00
0.000000000000000000e+00
0.000000000000000000e+00
0.000000000000000000e+00
0.000000000000000000e+00
0.000000000000000000e+00
0.000000000000000000e+00
0.000000000000000000e+00
0.000000000000000000e+00
0.000000000000000000e+00
0.000000000000000000e+00
0.000000000000000000e+00
0.000000000000000000e+00
0.000000000000000000e+00
0.000000000000000000e+00
6.538598283977202996e+00
3.053412383237590788e+01
7.138149595436013328e+01
5.673799585180450578e+01
4.612979644475301910e+01
3.282555709583209591e+01
2.652985112458436845e+01
2.240138461428359662e+01
1.040208016063132312e+01
1.045702288302135941e+01
8.859478235692096248e+00
6.308673326269876647e+00
5.015793631519413154e+00
4.442976412088512461e+00
1.751264378917913644e+00
2.324951128859114480e+00
1.773023170854648445e+00
1.250632093783765608e+00
9.913406120350320982e-01
6.053917782838249551e-01
3.048637061808813775e-01
1.367184783652204971e-01
6.713866979074142871e-02
0.000000000000000000e+00
0.000000000000000000e+00
0.000000000000000000e+00
0.000000000000000000e+00
0.000000000000000000e+00
0.000000000000000000e+00
0.000000000000000000e+00
0.000000000000000000e+00
0.000000000000000000e+00
0.000000000000000000e+00
0.000000000000000000e+00
0.000000000000000000e+00
0.000000000000000000e+00
0.000000000000000000e+00
0.000000000000000000e+00
1.338054815040071732e+00
2.353895382231792865e+01
4.452893058888152922e+01
4.553647155709181504e+01
4.137145530860745168e+01
2.587769068851998355e+01
2.117777877150457755e+01
1.572139325901295948e+01
2.060927384514091187e+01
1.120224017298757957e+01
4.182809153208543407e+00
9.450110118071568976e+00
4.852825635592212805e+00
2.700811955433530365e+00
2.073388992307972245e+00
2.189080473647392111e+00
1.704964161163350589e+00
4.171819225540349119e-01
9.873411266713939538e-01
5.719272761740569200e-01
6.053917782838249551e-01
2.883845869278607865e-01
1.464840839627362667e-01
4.669189308174290232e-02
0.000000000000000000e+00
0.000000000000000000e+00
0.000000000000000000e+00
0.000000000000000000e+00
0.000000000000000000e+00
0.000000000000000000e+00
0.000000000000000000e+00
0.000000000000000000e+00
0.000000000000000000e+00
0.000000000000000000e+00
0.000000000000000000e+00
0.000000000000000000e+00
0.000000000000000000e+00
0.000000000000000000e+00
0.000000000000000000e+00
8.184461514008521732e+00
8.028328890240430837e+00
4.577018798784042275e+01
5.597922702602249956e+01
3.446003252969109809e+01
2.009470686418076113e+01
2.362745671560520577e+01
1.058888938575228877e+01
1.473880618032464973e+01
9.856609230284783862e+00
1.040208016063132312e+01
6.971348588680905678e+00
5.906318823794730832e+00
4.852825635592212805e+00
2.700811955433530365e+00
2.665785847253107299e+00
1.970172426282652767e+00
2.014957645011232756e+00
7.300683644695611374e-01
9.215183848933009569e-01
7.625697015654092636e-01
2.538739715383782070e-01
2.142285502892679883e-01
1.025388587739153867e-01
4.333495959220582533e-02
0.000000000000000000e+00
0.000000000000000000e+00
0.000000000000000000e+00
0.000000000000000000e+00
0.000000000000000000e+00
0.000000000000000000e+00
0.000000000000000000e+00
0.000000000000000000e+00
0.000000000000000000e+00
0.000000000000000000e+00
0.000000000000000000e+00
0.000000000000000000e+00
0.000000000000000000e+00
0.000000000000000000e+00
0.000000000000000000e+00
1.386476391214087167e+00
2.591746146102698134e+01
4.816997334144258502e+01
4.315474867424953942e+01
2.544510319364658812e+01
1.723001626484554905e+01
1.536654054319705409e+01
1.237628685103129733e+01
1.058888938575228877e+01
5.895522472129860247e+00
6.272387691999407267e+00
8.001600123562557343e+00
1.394269717736181136e+00
2.362527529517892244e+00
2.426412817796106403e+00
3.858302793476471870e-01
2.073388992307972245e+00
1.094540236823696056e+00
1.394970677315468865e+00
1.042954806385087307e+00
7.898729013371150742e-01
3.050278806261637055e-01
1.952876704141370823e-01
1.071142751446339941e-01
9.765605597515750191e-02
3.540038952602729549e-02
0.000000000000000000e+00
0.000000000000000000e+00
0.000000000000000000e+00
0.000000000000000000e+00
0.000000000000000000e+00
0.000000000000000000e+00
0.000000000000000000e+00
0.000000000000000000e+00
0.000000000000000000e+00
0.000000000000000000e+00
0.000000000000000000e+00
0.000000000000000000e+00
0.000000000000000000e+00
0.000000000000000000e+00
0.000000000000000000e+00
2.811661107804137583e+00
1.386476391214087123e+01
4.774269216504970359e+01
4.816997334144258502e+01
2.746211279270425010e+01
2.544510319364658812e+01
2.092216260731245470e+01
1.063837422221334528e+01
1.125116986457390666e+01
7.412222570026602675e+00
1.965174157376619934e+00
1.792110769142687854e+00
4.800960074137534228e+00
6.274213729812815110e+00
4.134423176656311760e+00
1.941130254236885122e+00
1.543321117390588748e+00
1.184793709890269886e+00
1.751264378917913644e+00
4.649902257718229182e-01
6.257728838310523400e-01
3.949364506685575371e-01
3.812848507827046318e-01
2.929315056212056234e-01
1.235933943976546129e-01
6.347643638385237763e-02
2.716064368807266649e-02
0.000000000000000000e+00
0.000000000000000000e+00
0.000000000000000000e+00
0.000000000000000000e+00
0.000000000000000000e+00
0.000000000000000000e+00
0.000000000000000000e+00
0.000000000000000000e+00
0.000000000000000000e+00
0.000000000000000000e+00
0.000000000000000000e+00
0.000000000000000000e+00
0.000000000000000000e+00
0.000000000000000000e+00
0.000000000000000000e+00
0.000000000000000000e+00
1.686996664682482461e+01
3.743486256278035285e+01
4.637861524604828389e+01
2.542304148576136313e+01
7.846317940772642885e+00
1.145029643714096501e+01
9.845723579911743073e+00
8.274291061721489982e+00
2.250233972914781333e+00
4.235555754300915687e+00
2.947761236064930124e+00
3.584221538285375708e+00
2.400480037068767114e+00
3.485674294340452839e+00
5.906318823794730610e-01
2.911695381355327683e+00
1.157490838042941617e+00
2.961984274725674715e-01
6.567241420942175889e-01
4.649902257718229182e-01
5.214774031925436537e-01
7.898729013371150742e-01
1.525139403130818527e-01
2.148164374555507905e-01
1.071142751446339941e-01
6.103503498447344217e-02
2.441406174208779131e-02
0.000000000000000000e+00
0.000000000000000000e+00
0.000000000000000000e+00
0.000000000000000000e+00
0.000000000000000000e+00
0.000000000000000000e+00
0.000000000000000000e+00
0.000000000000000000e+00
0.000000000000000000e+00
0.000000000000000000e+00
0.000000000000000000e+00
0.000000000000000000e+00
0.000000000000000000e+00
0.000000000000000000e+00
0.000000000000000000e+00
0.000000000000000000e+00
9.958334958003550952e+00
2.671078052413930592e+01
3.604838617156626412e+01
2.046115378502130255e+01
1.471860296544078928e+01
1.176947691115896433e+01
7.633530958093976970e+00
1.353786992237864695e+01
3.546124740737781611e+00
4.500467945829562666e+00
2.117777877150457844e+00
2.947761236064930124e+00
1.792110769142687854e+00
2.400480037068767114e+00
2.788539435472362271e+00
1.181263764758946122e+00
1.455847690677663842e+00
1.543321117390588748e+00
8.885952824177023590e-01
8.756321894589568222e-01
6.199869676957638909e-01
4.171819225540349119e-01
2.632909671123717099e-01
1.143854552348113895e-01
1.367013692898959576e-01
9.063515589161338926e-02
4.394522518882088002e-02
1.892089785011803749e-02
0.000000000000000000e+00
0.000000000000000000e+00
0.000000000000000000e+00
0.000000000000000000e+00
0.000000000000000000e+00
0.000000000000000000e+00
0.000000000000000000e+00
0.000000000000000000e+00
0.000000000000000000e+00
0.000000000000000000e+00
0.000000000000000000e+00
0.000000000000000000e+00
0.000000000000000000e+00
0.000000000000000000e+00
0.000000000000000000e+00
0.000000000000000000e+00
1.724688561162920664e+01
1.849405063629230739e+01
3.373993329364964922e+01
2.357009865063948340e+01
8.184461514008521732e+00
8.028328890240430837e+00
6.538598283977202996e+00
1.272255159682329495e+00
0.000000000000000000e+00
3.546124740737781611e+00
2.250233972914781333e+00
3.176666815725686988e+00
3.930348314753239869e+00
1.792110769142687854e+00
2.400480037068767114e+00
2.091404576604271703e+00
1.181263764758946122e+00
4.852825635592212805e-01
0.000000000000000000e+00
5.923968549451349430e-01
8.756321894589568222e-01
6.199869676957638909e-01
1.042954806385087280e-01
1.316454835561858550e-01
1.143854552348113895e-01
1.171726022484822494e-01
6.591647701208246113e-02
1.953121119503150108e-02
1.495361281702877083e-02
0.000000000000000000e+00
0.000000000000000000e+00
0.000000000000000000e+00
0.000000000000000000e+00
0.000000000000000000e+00
0.000000000000000000e+00
0.000000000000000000e+00
0.000000000000000000e+00
0.000000000000000000e+00
0.000000000000000000e+00
0.000000000000000000e+00
0.000000000000000000e+00
0.000000000000000000e+00
0.000000000000000000e+00
0.000000000000000000e+00
0.000000000000000000e+00
8.700144019665749795e+00
2.587032841744381173e+01
2.276190847543668738e+01
8.434983323412412304e+00
1.109181112971269734e+01
9.548538433009941429e+00
5.352219260160286929e+00
0.000000000000000000e+00
1.272255159682329495e+00
1.230715447488967884e+00
0.000000000000000000e+00
3.375350959372171999e+00
1.058888938575228922e+00
0.000000000000000000e+00
8.960553845713439269e-01
8.001600123562556677e-01
6.971348588680905678e-01
1.181263764758946122e+00
9.705651271184425610e-01
3.858302793476471870e-01
5.923968549451349430e-01
4.378160947294784111e-01
1.549967419239409727e-01
1.042954806385087280e-01
0.000000000000000000e+00
1.525139403130818527e-01
7.811506816565483291e-02
3.295823850604123056e-02
2.441401399378937548e-02
1.068115201216340848e-02
0.000000000000000000e+00
0.000000000000000000e+00
0.000000000000000000e+00
0.000000000000000000e+00
0.000000000000000000e+00
0.000000000000000000e+00
0.000000000000000000e+00
0.000000000000000000e+00
0.000000000000000000e+00
0.000000000000000000e+00
0.000000000000000000e+00
0.000000000000000000e+00
0.000000000000000000e+00
0.000000000000000000e+00
0.000000000000000000e+00
2.942255348607469401e+00
1.607368141346642787e+01
2.465040805571962679e+01
3.305653075562264576e+01
2.276190847543668738e+01
9.840813877314481317e+00
1.386476391214087167e+00
1.364076919001420141e+00
4.014164445120215419e+00
2.615439313590881110e+00
2.544510319364658990e+00
1.230715447488967884e+00
3.546124740737781611e+00
2.250233972914781333e+00
1.058888938575228922e+00
0.000000000000000000e+00
2.688166153714031559e+00
0.000000000000000000e+00
2.091404576604271703e+00
0.000000000000000000e+00
9.705651271184425610e-01
0.000000000000000000e+00
5.923968549451349430e-01
0.000000000000000000e+00
1.084977193467586698e+00
3.128864419155261700e-01
1.316454835561858550e-01
7.625697015654092636e-02
1.171726022484822494e-01
8.239559626510307641e-03
2.685541539316831441e-02
1.098632778393950592e-02
0.000000000000000000e+00
0.000000000000000000e+00
0.000000000000000000e+00
0.000000000000000000e+00
0.000000000000000000e+00
0.000000000000000000e+00
0.000000000000000000e+00
0.000000000000000000e+00
0.000000000000000000e+00
0.000000000000000000e+00
0.000000000000000000e+00
0.000000000000000000e+00
0.000000000000000000e+00
0.000000000000000000e+00
0.000000000000000000e+00
0.000000000000000000e+00
2.942255348607469401e+00
1.607368141346642787e+01
2.900048006555250169e+01
1.580964514399344090e+01
1.138095423771834369e+01
9.840813877314481317e+00
0.000000000000000000e+00
0.000000000000000000e+00
4.014164445120215419e+00
2.615439313590881110e+00
1.272255159682329495e+00
0.000000000000000000e+00
1.182041580245927204e+00
0.000000000000000000e+00
1.058888938575228922e+00
2.947761236064930124e+00
1.792110769142687854e+00
0.000000000000000000e+00
6.971348588680905678e-01
0.000000000000000000e+00
9.705651271184425610e-01
1.157490838042941617e+00
0.000000000000000000e+00
0.000000000000000000e+00
3.099934838478819454e-01
1.042954806385087280e-01
1.974682253342787686e-01
1.143854552348113895e-01
1.952876704141370823e-02
5.767691738557215175e-02
2.197261259441044001e-02
1.098632778393950592e-02
0.000000000000000000e+00
0.000000000000000000e+00
0.000000000000000000e+00
0.000000000000000000e+00
0.000000000000000000e+00
0.000000000000000000e+00
0.000000000000000000e+00
0.000000000000000000e+00
0.000000000000000000e+00
0.000000000000000000e+00
0.000000000000000000e+00
0.000000000000000000e+00
0.000000000000000000e+00
0.000000000000000000e+00
0.000000000000000000e+00
0.000000000000000000e+00
1.479865982045772466e+00
1.324014906873361141e+01
1.753492517832701481e+01
1.160019202622100032e+01
4.311721402907301659e+00
5.690477118859171846e+00
5.623322215608275165e+00
6.932381956070435614e+00
2.728153838002840281e+00
0.000000000000000000e+00
2.615439313590881110e+00
1.272255159682329495e+00
0.000000000000000000e+00
3.546124740737781611e+00
0.000000000000000000e+00
0.000000000000000000e+00
1.965174157376619934e+00
0.000000000000000000e+00
1.600320024712511335e+00
0.000000000000000000e+00
5.906318823794730610e-01
4.852825635592212805e-01
0.000000000000000000e+00
5.923968549451349430e-01
2.189080473647392056e-01
4.649902257718229182e-01
2.085909612770174559e-01
6.582274177809292748e-02
3.812848507827046318e-02
9.764383520706854114e-02
1.647911925302061528e-02
3.173821819192618882e-02
7.629394294402434135e-03
0.000000000000000000e+00
0.000000000000000000e+00
0.000000000000000000e+00
0.000000000000000000e+00
0.000000000000000000e+00
0.000000000000000000e+00
0.000000000000000000e+00
0.000000000000000000e+00
0.000000000000000000e+00
0.000000000000000000e+00
0.000000000000000000e+00
0.000000000000000000e+00
0.000000000000000000e+00
0.000000000000000000e+00
0.000000000000000000e+00
0.000000000000000000e+00
1.487618036407947875e+00
1.479865982045772554e+01
1.471127674303734700e+01
5.844975059442337972e+00
2.900048006555250080e+00
2.874480935271534587e+00
1.422619279714792961e+00
1.405830553902068791e+00
2.772952782428174334e+00
1.364076919001420141e+00
2.676109630080143464e+00
0.000000000000000000e+00
1.272255159682329495e+00
0.000000000000000000e+00
0.000000000000000000e+00
1.125116986457390666e+00
1.058888938575228922e+00
0.000000000000000000e+00
0.000000000000000000e+00
8.001600123562556677e-01
0.000000000000000000e+00
1.181263764758946122e+00
0.000000000000000000e+00
0.000000000000000000e+00
0.000000000000000000e+00
0.000000000000000000e+00
0.000000000000000000e+00
1.042954806385087280e-01
1.974682253342787686e-01
0.000000000000000000e+00
0.000000000000000000e+00
2.471867887953092119e-02
1.953121119503150108e-02
7.629394294402434135e-03
0.000000000000000000e+00
0.000000000000000000e+00
0.000000000000000000e+00
0.000000000000000000e+00
0.000000000000000000e+00
0.000000000000000000e+00
0.000000000000000000e+00
0.000000000000000000e+00
0.000000000000000000e+00
0.000000000000000000e+00
0.000000000000000000e+00
0.000000000000000000e+00
0.000000000000000000e+00
0.000000000000000000e+00
0.000000000000000000e+00
0.000000000000000000e+00
1.494517789827305210e+00
1.041332625485563490e+01
2.367785571273235945e+01
8.826766045822408202e+00
8.767462589163507403e+00
2.900048006555250080e+00
7.186202338178836690e+00
1.422619279714792961e+00
1.405830553902068791e+00
1.386476391214087167e+00
0.000000000000000000e+00
0.000000000000000000e+00
0.000000000000000000e+00
0.000000000000000000e+00
0.000000000000000000e+00
0.000000000000000000e+00
0.000000000000000000e+00
1.058888938575228922e+00
0.000000000000000000e+00
0.000000000000000000e+00
1.600320024712511335e+00
0.000000000000000000e+00
0.000000000000000000e+00
0.000000000000000000e+00
0.000000000000000000e+00
0.000000000000000000e+00
0.000000000000000000e+00
1.549967419239409727e-01
3.128864419155261700e-01
0.000000000000000000e+00
1.143854552348113895e-01
5.858630112424112468e-02
3.295823850604123056e-02
2.441401399378937635e-03
4.577636576641460654e-03
0.000000000000000000e+00
0.000000000000000000e+00
0.000000000000000000e+00
0.000000000000000000e+00
0.000000000000000000e+00
0.000000000000000000e+00
0.000000000000000000e+00
0.000000000000000000e+00
0.000000000000000000e+00
0.000000000000000000e+00
0.000000000000000000e+00
0.000000000000000000e+00
0.000000000000000000e+00
0.000000000000000000e+00
0.000000000000000000e+00
0.000000000000000000e+00
6.002713079457105749e+00
1.195614231861844168e+01
7.438090182039739595e+00
4.439597946137316953e+00
1.471127674303734700e+00
5.844975059442337972e+00
2.900048006555250080e+00
0.000000000000000000e+00
0.000000000000000000e+00
0.000000000000000000e+00
1.386476391214087167e+00
0.000000000000000000e+00
1.338054815040071732e+00
0.000000000000000000e+00
0.000000000000000000e+00
1.230715447488967884e+00
0.000000000000000000e+00
0.000000000000000000e+00
0.000000000000000000e+00
0.000000000000000000e+00
8.960553845713439269e-01
0.000000000000000000e+00
6.971348588680905678e-01
0.000000000000000000e+00
9.705651271184425610e-01
0.000000000000000000e+00
0.000000000000000000e+00
0.000000000000000000e+00
1.549967419239409727e-01
1.042954806385087280e-01
1.316454835561858550e-01
1.525139403130818527e-01
0.000000000000000000e+00
0.000000000000000000e+00
7.324204198136813337e-03
4.272460804865363219e-03
0.000000000000000000e+00
0.000000000000000000e+00
0.000000000000000000e+00
0.000000000000000000e+00
0.000000000000000000e+00
0.000000000000000000e+00
0.000000000000000000e+00
0.000000000000000000e+00
0.000000000000000000e+00
0.000000000000000000e+00
0.000000000000000000e+00
0.000000000000000000e+00
0.000000000000000000e+00
0.000000000000000000e+00
0.000000000000000000e+00
0.000000000000000000e+00
0.000000000000000000e+00
4.502034809592829312e+00
7.472588949136525827e+00
4.462854109223843402e+00
2.959731964091544931e+00
0.000000000000000000e+00
0.000000000000000000e+00
0.000000000000000000e+00
1.437240467635767294e+00
0.000000000000000000e+00
1.405830553902068791e+00
0.000000000000000000e+00
2.728153838002840281e+00
1.338054815040071732e+00
1.307719656795440555e+00
0.000000000000000000e+00
0.000000000000000000e+00
0.000000000000000000e+00
0.000000000000000000e+00
0.000000000000000000e+00
0.000000000000000000e+00
8.960553845713439269e-01
0.000000000000000000e+00
6.971348588680905678e-01
0.000000000000000000e+00
0.000000000000000000e+00
3.858302793476471870e-01
2.961984274725674715e-01
0.000000000000000000e+00
0.000000000000000000e+00
1.042954806385087280e-01
6.582274177809292748e-02
0.000000000000000000e+00
3.905753408282741646e-02
1.647911925302061528e-02
9.765605597515750538e-03
3.967285033089265785e-03
0.000000000000000000e+00
0.000000000000000000e+00
0.000000000000000000e+00
0.000000000000000000e+00
0.000000000000000000e+00
0.000000000000000000e+00
0.000000000000000000e+00
0.000000000000000000e+00
0.000000000000000000e+00
0.000000000000000000e+00
0.000000000000000000e+00
0.000000000000000000e+00
0.000000000000000000e+00
0.000000000000000000e+00
0.000000000000000000e+00
0.000000000000000000e+00
1.511150001924220776e+00
1.204956167982861004e+01
9.004069619185658624e+00
2.989035579654610419e+00
1.487618036407947875e+00
0.000000000000000000e+00
1.471127674303734700e+00
1.461243764860584493e+00
0.000000000000000000e+00
1.437240467635767294e+00
0.000000000000000000e+00
0.000000000000000000e+00
0.000000000000000000e+00
0.000000000000000000e+00
0.000000000000000000e+00
1.307719656795440555e+00
0.000000000000000000e+00
0.000000000000000000e+00
0.000000000000000000e+00
0.000000000000000000e+00
0.000000000000000000e+00
0.000000000000000000e+00
0.000000000000000000e+00
0.000000000000000000e+00
6.971348588680905678e-01
0.000000000000000000e+00
4.852825635592212805e-01
0.000000000000000000e+00
0.000000000000000000e+00
0.000000000000000000e+00
0.000000000000000000e+00
1.042954806385087280e-01
6.582274177809292748e-02
0.000000000000000000e+00
3.905753408282741646e-02
0.000000000000000000e+00
2.441401399378937635e-03
3.967285033089265785e-03
0.000000000000000000e+00
0.000000000000000000e+00
0.000000000000000000e+00
0.000000000000000000e+00
0.000000000000000000e+00
0.000000000000000000e+00
0.000000000000000000e+00
0.000000000000000000e+00
0.000000000000000000e+00
0.000000000000000000e+00
0.000000000000000000e+00
0.000000000000000000e+00
0.000000000000000000e+00
0.000000000000000000e+00
0.000000000000000000e+00
0.000000000000000000e+00
0.000000000000000000e+00
4.533450005772662550e+00
1.355575688980718674e+01
1.500678269864276437e+00
1.494517789827305210e+00
0.000000000000000000e+00
0.000000000000000000e+00
0.000000000000000000e+00
0.000000000000000000e+00
1.450024003277625040e+00
1.437240467635767294e+00
0.000000000000000000e+00
0.000000000000000000e+00
1.386476391214087167e+00
0.000000000000000000e+00
0.000000000000000000e+00
0.000000000000000000e+00
0.000000000000000000e+00
0.000000000000000000e+00
0.000000000000000000e+00
1.125116986457390666e+00
0.000000000000000000e+00
0.000000000000000000e+00
8.960553845713439269e-01
0.000000000000000000e+00
0.000000000000000000e+00
0.000000000000000000e+00
0.000000000000000000e+00
0.000000000000000000e+00
0.000000000000000000e+00
4.378160947294784111e-01
0.000000000000000000e+00
0.000000000000000000e+00
0.000000000000000000e+00
3.812848507827046318e-02
0.000000000000000000e+00
1.647911925302061528e-02
0.000000000000000000e+00
3.051757717760973914e-03
0.000000000000000000e+00
0.000000000000000000e+00
0.000000000000000000e+00
0.000000000000000000e+00
0.000000000000000000e+00
0.000000000000000000e+00
0.000000000000000000e+00
0.000000000000000000e+00
0.000000000000000000e+00
0.000000000000000000e+00
0.000000000000000000e+00
0.000000000000000000e+00
0.000000000000000000e+00
0.000000000000000000e+00
0.000000000000000000e+00
0.000000000000000000e+00
1.519640995800313421e+00
9.093672610418050084e+00
6.044600007696883104e+00
3.012390419957152510e+00
3.001356539728552875e+00
0.000000000000000000e+00
2.975236072815895749e+00
0.000000000000000000e+00
1.471127674303734700e+00
1.461243764860584493e+00
0.000000000000000000e+00
0.000000000000000000e+00
0.000000000000000000e+00
0.000000000000000000e+00
0.000000000000000000e+00
0.000000000000000000e+00
0.000000000000000000e+00
0.000000000000000000e+00
0.000000000000000000e+00
0.000000000000000000e+00
0.000000000000000000e+00
0.000000000000000000e+00
0.000000000000000000e+00
0.000000000000000000e+00
0.000000000000000000e+00
0.000000000000000000e+00
0.000000000000000000e+00
0.000000000000000000e+00
4.852825635592212805e-01
3.858302793476471870e-01
0.000000000000000000e+00
0.000000000000000000e+00
0.000000000000000000e+00
1.042954806385087280e-01
6.582274177809292748e-02
3.812848507827046318e-02
0.000000000000000000e+00
1.647911925302061528e-02
9.765605597515750538e-03
2.441406174208779045e-03
0.000000000000000000e+00
0.000000000000000000e+00
0.000000000000000000e+00
0.000000000000000000e+00
0.000000000000000000e+00
0.000000000000000000e+00
0.000000000000000000e+00
0.000000000000000000e+00
0.000000000000000000e+00
0.000000000000000000e+00
0.000000000000000000e+00
0.000000000000000000e+00
0.000000000000000000e+00
0.000000000000000000e+00
0.000000000000000000e+00
0.000000000000000000e+00
0.000000000000000000e+00
6.078563983201253684e+00
4.546836305209025042e+00
3.022300003848441552e+00
0.000000000000000000e+00
1.500678269864276437e+00
0.000000000000000000e+00
2.975236072815895749e+00
0.000000000000000000e+00
0.000000000000000000e+00
0.000000000000000000e+00
0.000000000000000000e+00
1.437240467635767294e+00
0.000000000000000000e+00
0.000000000000000000e+00
0.000000000000000000e+00
0.000000000000000000e+00
0.000000000000000000e+00
0.000000000000000000e+00
0.000000000000000000e+00
1.230715447488967884e+00
0.000000000000000000e+00
1.125116986457390666e+00
0.000000000000000000e+00
9.825870786883099672e-01
0.000000000000000000e+00
8.001600123562556677e-01
6.971348588680905678e-01
0.000000000000000000e+00
0.000000000000000000e+00
0.000000000000000000e+00
0.000000000000000000e+00
0.000000000000000000e+00
0.000000000000000000e+00
0.000000000000000000e+00
6.582274177809292748e-02
0.000000000000000000e+00
3.905753408282741646e-02
0.000000000000000000e+00
7.324204198136813337e-03
4.272460804865363219e-03
0.000000000000000000e+00
0.000000000000000000e+00
0.000000000000000000e+00
0.000000000000000000e+00
0.000000000000000000e+00
0.000000000000000000e+00
0.000000000000000000e+00
0.000000000000000000e+00
0.000000000000000000e+00
0.000000000000000000e+00
0.000000000000000000e+00
0.000000000000000000e+00
0.000000000000000000e+00
0.000000000000000000e+00
0.000000000000000000e+00
0.000000000000000000e+00
0.000000000000000000e+00
9.139726874564463088e+00
4.558922987400940485e+00
4.546836305209025042e+00
1.511150001924220776e+00
6.024780839914305020e+00
0.000000000000000000e+00
0.000000000000000000e+00
0.000000000000000000e+00
0.000000000000000000e+00
0.000000000000000000e+00
0.000000000000000000e+00
0.000000000000000000e+00
0.000000000000000000e+00
0.000000000000000000e+00
0.000000000000000000e+00
0.000000000000000000e+00
0.000000000000000000e+00
0.000000000000000000e+00
0.000000000000000000e+00
0.000000000000000000e+00
0.000000000000000000e+00
0.000000000000000000e+00
0.000000000000000000e+00
0.000000000000000000e+00
9.825870786883099672e-01
0.000000000000000000e+00
8.001600123562556677e-01
0.000000000000000000e+00
0.000000000000000000e+00
0.000000000000000000e+00
0.000000000000000000e+00
0.000000000000000000e+00
0.000000000000000000e+00
0.000000000000000000e+00
2.085909612770174559e-01
0.000000000000000000e+00
3.812848507827046318e-02
0.000000000000000000e+00
8.239559626510307641e-03
2.441401399378937635e-03
3.051757717760973806e-04
0.000000000000000000e+00
0.000000000000000000e+00
0.000000000000000000e+00
0.000000000000000000e+00
0.000000000000000000e+00
0.000000000000000000e+00
0.000000000000000000e+00
0.000000000000000000e+00
0.000000000000000000e+00
0.000000000000000000e+00
0.000000000000000000e+00
0.000000000000000000e+00
0.000000000000000000e+00
0.000000000000000000e+00
0.000000000000000000e+00
0.000000000000000000e+00
1.529605657132143248e+00
7.632983236317334885e+00
1.066301468699187360e+01
1.519640995800313421e+00
1.515612101736341533e+00
0.000000000000000000e+00
0.000000000000000000e+00
0.000000000000000000e+00
0.000000000000000000e+00
0.000000000000000000e+00
0.000000000000000000e+00
0.000000000000000000e+00
0.000000000000000000e+00
0.000000000000000000e+00
1.437240467635767294e+00
0.000000000000000000e+00
0.000000000000000000e+00
0.000000000000000000e+00
0.000000000000000000e+00
0.000000000000000000e+00
0.000000000000000000e+00
0.000000000000000000e+00
0.000000000000000000e+00
0.000000000000000000e+00
0.000000000000000000e+00
0.000000000000000000e+00
0.000000000000000000e+00
0.000000000000000000e+00
0.000000000000000000e+00
0.000000000000000000e+00
0.000000000000000000e+00
0.000000000000000000e+00
0.000000000000000000e+00
0.000000000000000000e+00
2.189080473647392056e-01
0.000000000000000000e+00
0.000000000000000000e+00
0.000000000000000000e+00
0.000000000000000000e+00
3.905753408282741646e-02
0.000000000000000000e+00
0.000000000000000000e+00
1.525878858880486957e-03
0.000000000000000000e+00
0.000000000000000000e+00
0.000000000000000000e+00
0.000000000000000000e+00
0.000000000000000000e+00
0.000000000000000000e+00
0.000000000000000000e+00
0.000000000000000000e+00
0.000000000000000000e+00
0.000000000000000000e+00
0.000000000000000000e+00
0.000000000000000000e+00
0.000000000000000000e+00
0.000000000000000000e+00
0.000000000000000000e+00
0.000000000000000000e+00
0.000000000000000000e+00
3.059211314264286496e+00
4.579789941790400221e+00
1.523287812427410515e+00
0.000000000000000000e+00
0.000000000000000000e+00
1.511150001924220776e+00
0.000000000000000000e+00
0.000000000000000000e+00
0.000000000000000000e+00
0.000000000000000000e+00
0.000000000000000000e+00
0.000000000000000000e+00
0.000000000000000000e+00
0.000000000000000000e+00
0.000000000000000000e+00
0.000000000000000000e+00
0.000000000000000000e+00
0.000000000000000000e+00
0.000000000000000000e+00
0.000000000000000000e+00
0.000000000000000000e+00
0.000000000000000000e+00
0.000000000000000000e+00
0.000000000000000000e+00
0.000000000000000000e+00
0.000000000000000000e+00
0.000000000000000000e+00
0.000000000000000000e+00
0.000000000000000000e+00
0.000000000000000000e+00
0.000000000000000000e+00
0.000000000000000000e+00
0.000000000000000000e+00
0.000000000000000000e+00
0.000000000000000000e+00
0.000000000000000000e+00
0.000000000000000000e+00
0.000000000000000000e+00
0.000000000000000000e+00
0.000000000000000000e+00
8.239559626510307641e-03
2.441401399378937635e-03
6.103515435521947611e-04
0.000000000000000000e+00
0.000000000000000000e+00
0.000000000000000000e+00
0.000000000000000000e+00
0.000000000000000000e+00
0.000000000000000000e+00
0.000000000000000000e+00
0.000000000000000000e+00
0.000000000000000000e+00
0.000000000000000000e+00
0.000000000000000000e+00
0.000000000000000000e+00
0.000000000000000000e+00
0.000000000000000000e+00
0.000000000000000000e+00
0.000000000000000000e+00
0.000000000000000000e+00
1.532347965967065351e+00
3.059211314264286496e+00
0.000000000000000000e+00
0.000000000000000000e+00
0.000000000000000000e+00
3.031224203472683065e+00
1.511150001924220776e+00
1.506195209978576255e+00
0.000000000000000000e+00
0.000000000000000000e+00
0.000000000000000000e+00
0.000000000000000000e+00
0.000000000000000000e+00
0.000000000000000000e+00
1.450024003277625040e+00
0.000000000000000000e+00
0.000000000000000000e+00
0.000000000000000000e+00
0.000000000000000000e+00
0.000000000000000000e+00
0.000000000000000000e+00
0.000000000000000000e+00
1.272255159682329495e+00
0.000000000000000000e+00
0.000000000000000000e+00
0.000000000000000000e+00
0.000000000000000000e+00
0.000000000000000000e+00
0.000000000000000000e+00
0.000000000000000000e+00
0.000000000000000000e+00
0.000000000000000000e+00
0.000000000000000000e+00
0.000000000000000000e+00
0.000000000000000000e+00
0.000000000000000000e+00
0.000000000000000000e+00
0.000000000000000000e+00
0.000000000000000000e+00
3.812848507827046318e-02
0.000000000000000000e+00
0.000000000000000000e+00
0.000000000000000000e+00
9.155273153282920875e-04
0.000000000000000000e+00
0.000000000000000000e+00
0.000000000000000000e+00
0.000000000000000000e+00
0.000000000000000000e+00
0.000000000000000000e+00
0.000000000000000000e+00
0.000000000000000000e+00
0.000000000000000000e+00
0.000000000000000000e+00
0.000000000000000000e+00
0.000000000000000000e+00
0.000000000000000000e+00
0.000000000000000000e+00
0.000000000000000000e+00
0.000000000000000000e+00
0.000000000000000000e+00
6.139409671137752156e+00
0.000000000000000000e+00
3.059211314264286496e+00
0.000000000000000000e+00
0.000000000000000000e+00
0.000000000000000000e+00
0.000000000000000000e+00
0.000000000000000000e+00
0.000000000000000000e+00
1.500678269864276437e+00
0.000000000000000000e+00
0.000000000000000000e+00
0.000000000000000000e+00
0.000000000000000000e+00
0.000000000000000000e+00
0.000000000000000000e+00
1.437240467635767294e+00
0.000000000000000000e+00
0.000000000000000000e+00
0.000000000000000000e+00
0.000000000000000000e+00
0.000000000000000000e+00
0.000000000000000000e+00
0.000000000000000000e+00
0.000000000000000000e+00
0.000000000000000000e+00
0.000000000000000000e+00
0.000000000000000000e+00
9.825870786883099672e-01
0.000000000000000000e+00
0.000000000000000000e+00
0.000000000000000000e+00
0.000000000000000000e+00
0.000000000000000000e+00
0.000000000000000000e+00
0.000000000000000000e+00
0.000000000000000000e+00
3.099934838478819454e-01
0.000000000000000000e+00
0.000000000000000000e+00
0.000000000000000000e+00
0.000000000000000000e+00
8.239559626510307641e-03
0.000000000000000000e+00
1.220703087104389522e-03
0.000000000000000000e+00
0.000000000000000000e+00
0.000000000000000000e+00
0.000000000000000000e+00
0.000000000000000000e+00
0.000000000000000000e+00
0.000000000000000000e+00
0.000000000000000000e+00
0.000000000000000000e+00
0.000000000000000000e+00
0.000000000000000000e+00
0.000000000000000000e+00
0.000000000000000000e+00
0.000000000000000000e+00
0.000000000000000000e+00
0.000000000000000000e+00
0.000000000000000000e+00
4.611432614215427606e+00
0.000000000000000000e+00
0.000000000000000000e+00
1.529605657132143248e+00
0.000000000000000000e+00
0.000000000000000000e+00
0.000000000000000000e+00
0.000000000000000000e+00
0.000000000000000000e+00
0.000000000000000000e+00
0.000000000000000000e+00
0.000000000000000000e+00
0.000000000000000000e+00
0.000000000000000000e+00
0.000000000000000000e+00
0.000000000000000000e+00
0.000000000000000000e+00
0.000000000000000000e+00
0.000000000000000000e+00
0.000000000000000000e+00
0.000000000000000000e+00
0.000000000000000000e+00
0.000000000000000000e+00
0.000000000000000000e+00
0.000000000000000000e+00
0.000000000000000000e+00
0.000000000000000000e+00
0.000000000000000000e+00
0.000000000000000000e+00
0.000000000000000000e+00
0.000000000000000000e+00
0.000000000000000000e+00
6.971348588680905678e-01
0.000000000000000000e+00
0.000000000000000000e+00
0.000000000000000000e+00
2.961984274725674715e-01
0.000000000000000000e+00
0.000000000000000000e+00
0.000000000000000000e+00
0.000000000000000000e+00
0.000000000000000000e+00
0.000000000000000000e+00
0.000000000000000000e+00
0.000000000000000000e+00
0.000000000000000000e+00
0.000000000000000000e+00
0.000000000000000000e+00
0.000000000000000000e+00
0.000000000000000000e+00
0.000000000000000000e+00
0.000000000000000000e+00
0.000000000000000000e+00
0.000000000000000000e+00
0.000000000000000000e+00
0.000000000000000000e+00
0.000000000000000000e+00
0.000000000000000000e+00
0.000000000000000000e+00
0.000000000000000000e+00
0.000000000000000000e+00
0.000000000000000000e+00
0.000000000000000000e+00
4.617736178447984230e+00
1.537144204738476017e+00
1.534852417784438039e+00
1.532347965967065351e+00
0.000000000000000000e+00
1.526596647263466888e+00
0.000000000000000000e+00
0.000000000000000000e+00
0.000000000000000000e+00
0.000000000000000000e+00
0.000000000000000000e+00
0.000000000000000000e+00
0.000000000000000000e+00
0.000000000000000000e+00
0.000000000000000000e+00
0.000000000000000000e+00
0.000000000000000000e+00
0.000000000000000000e+00
0.000000000000000000e+00
0.000000000000000000e+00
0.000000000000000000e+00
0.000000000000000000e+00
0.000000000000000000e+00
0.000000000000000000e+00
0.000000000000000000e+00
0.000000000000000000e+00
0.000000000000000000e+00
0.000000000000000000e+00
0.000000000000000000e+00
0.000000000000000000e+00
0.000000000000000000e+00
0.000000000000000000e+00
0.000000000000000000e+00
0.000000000000000000e+00
0.000000000000000000e+00
0.000000000000000000e+00
0.000000000000000000e+00
0.000000000000000000e+00
0.000000000000000000e+00
0.000000000000000000e+00
0.000000000000000000e+00
0.000000000000000000e+00
0.000000000000000000e+00
0.000000000000000000e+00
8.239559626510307641e-03
0.000000000000000000e+00
9.155273153282920875e-04
0.000000000000000000e+00
