# pd_vector
0.000000000000000000e+00
0.000000000000000000e+00
0.000000000000000000e+00
0.000000000000000000e+00
0.000000000000000000e+00
0.000000000000000000e+00
0.000000000000000000e+00
0.000000000000000000e+00
0.000000000000000000e+00
0.000000000000000000e+00
0.000000000000000000e+00
0.000000000000000000e+00
0.000000000000000000e+00
5.493163891969752959e-03
0.000000000000000000e+00
0.000000000000000000e+00
0.000000000000000000e+00
0.000000000000000000e+00
0.000000000000000000e+00
3.326415912359461519e-02
0.000000000000000000e+00
0.000000000000000000e+00
0.000000000000000000e+00
0.000000000000000000e+00
0.000000000000000000e+00
0.000000000000000000e+00
6.295776171740888882e-01
0.000000000000000000e+00
0.000000000000000000e+00
0.000000000000000000e+00
0.000000000000000000e+00
0.000000000000000000e+00
0.000000000000000000e+00
0.000000000000000000e+00
1.684570260204057535e+00
0.000000000000000000e+00
0.000000000000000000e+00
0.000000000000000000e+00
0.000000000000000000e+00
0.000000000000000000e+00
0.000000000000000000e+00
0.000000000000000000e+00
4.125968364950404754e-01
7.197570577339257092e+00
0.000000000000000000e+00
0.000000000000000000e+00
0.000000000000000000e+00
0.000000000000000000e+00
0.000000000000000000e+00
0.000000000000000000e+00
0.000000000000000000e+00
0.000000000000000000e+00
2.783197595291988957e+00
1.098327602622174481e+01
0.000000000000000000e+00
0.000000000000000000e+00
0.000000000000000000e+00
0.000000000000000000e+00
0.000000000000000000e+00
0.000000000000000000e+00
0.000000000000000000e+00
0.000000000000000000e+00
6.097274123617627550e-01
5.424793909419999061e+00
1.159454309708926800e+01
0.000000000000000000e+00
0.000000000000000000e+00
0.000000000000000000e+00
0.000000000000000000e+00
0.000000000000000000e+00
0.000000000000000000e+00
0.000000000000000000e+00
0.000000000000000000e+00
9.764383520706854114e-02
2.232920658784293355e+00
7.851546900402663454e+00
1.136047328013700053e+01
0.000000000000000000e+00
0.000000000000000000e+00
0.000000000000000000e+00
0.000000000000000000e+00
0.000000000000000000e+00
0.000000000000000000e+00
0.000000000000000000e+00
0.000000000000000000e+00
0.000000000000000000e+00
6.249205453252386633e-01
5.059089610677329318e+00
1.125730185253628157e+01
1.085021938972736599e+01
0.000000000000000000e+00
0.000000000000000000e+00
0.000000000000000000e+00
0.000000000000000000e+00
0.000000000000000000e+00
0.000000000000000000e+00
0.000000000000000000e+00
0.000000000000000000e+00
0.000000000000000000e+00
1.143854552348113895e-01
2.773084919880746568e+00
1.141179008271677553e+01
1.398434721564255412e+01
1.003814666103117048e+01
0.000000000000000000e+00
0.000000000000000000e+00
0.000000000000000000e+00
0.000000000000000000e+00
0.000000000000000000e+00
0.000000000000000000e+00
0.000000000000000000e+00
0.000000000000000000e+00
0.000000000000000000e+00
0.000000000000000000e+00
1.487010918052548147e+00
8.787945168636168702e+00
1.770681363737065084e+01
1.589596451135626332e+01
9.024352747190976132e+00
0.000000000000000000e+00
0.000000000000000000e+00
0.000000000000000000e+00
0.000000000000000000e+00
0.000000000000000000e+00
0.000000000000000000e+00
0.000000000000000000e+00
0.000000000000000000e+00
0.000000000000000000e+00
0.000000000000000000e+00
6.582274177809293025e-01
5.719272761740569422e+00
1.878667389383998909e+01
2.350746361443390597e+01
1.561032054762892685e+01
7.657775641177611448e+00
0.000000000000000000e+00
0.000000000000000000e+00
0.000000000000000000e+00
0.000000000000000000e+00
0.000000000000000000e+00
0.000000000000000000e+00
0.000000000000000000e+00
0.000000000000000000e+00
0.000000000000000000e+00
0.000000000000000000e+00
3.128864419155261700e-01
3.751896281351296825e+00
1.643337706873456838e+01
2.935173686324480258e+01
2.541080188815778840e+01
1.478268547323946791e+01
6.412353316559357808e+00
0.000000000000000000e+00
0.000000000000000000e+00
0.000000000000000000e+00
0.000000000000000000e+00
0.000000000000000000e+00
0.000000000000000000e+00
0.000000000000000000e+00
0.000000000000000000e+00
0.000000000000000000e+00
0.000000000000000000e+00
0.000000000000000000e+00
2.711682496601226955e+00
1.434935770762425733e+01
3.149412867465140309e+01
3.439015875992954108e+01
2.531192717263966330e+01
1.277829492434936043e+01
5.322875811318690253e+00
0.000000000000000000e+00
0.000000000000000000e+00
0.000000000000000000e+00
0.000000000000000000e+00
0.000000000000000000e+00
0.000000000000000000e+00
0.000000000000000000e+00
0.000000000000000000e+00
0.000000000000000000e+00
0.000000000000000000e+00
2.189080473647392056e-01
9.299804515436458363e-01
1.439277632811420382e+01
3.041010670147893080e+01
4.251326086227156509e+01
3.403864095318409255e+01
2.348274493555437559e+01
1.088132603703192558e+01
4.330139025731045699e+00
0.000000000000000000e+00
0.000000000000000000e+00
0.000000000000000000e+00
0.000000000000000000e+00
0.000000000000000000e+00
0.000000000000000000e+00
0.000000000000000000e+00
0.000000000000000000e+00
0.000000000000000000e+00
0.000000000000000000e+00
0.000000000000000000e+00
1.313448284188435178e+00
8.214827321968870777e+00
3.076716678836007546e+01
4.541769182688412343e+01
4.518225481775049701e+01
3.429251492472246809e+01
1.884387286582907350e+01
9.238262895249899742e+00
3.486633192541912507e+00
0.000000000000000000e+00
0.000000000000000000e+00
0.000000000000000000e+00
0.000000000000000000e+00
0.000000000000000000e+00
0.000000000000000000e+00
0.000000000000000000e+00
0.000000000000000000e+00
0.000000000000000000e+00
0.000000000000000000e+00
0.000000000000000000e+00
2.961984274725674715e-01
7.005057515671654578e+00
3.301430602979942819e+01
5.141767195478480090e+01
5.818730373183414883e+01
4.487722693712433397e+01
2.724263002277212209e+01
1.621545334497228552e+01
7.197251325369108166e+00
2.798156651415036666e+00
0.000000000000000000e+00
0.000000000000000000e+00
0.000000000000000000e+00
0.000000000000000000e+00
0.000000000000000000e+00
0.000000000000000000e+00
0.000000000000000000e+00
0.000000000000000000e+00
0.000000000000000000e+00
0.000000000000000000e+00
0.000000000000000000e+00
3.858302793476471870e-01
4.146777984615944490e+00
2.210971278383865979e+01
5.145891831874840250e+01
6.424601607332137121e+01
5.331642084025526884e+01
3.931046811569684962e+01
2.386415332460754968e+01
1.267244270557285368e+01
5.742176091339261212e+00
2.201843193364542817e+00
0.000000000000000000e+00
0.000000000000000000e+00
0.000000000000000000e+00
0.000000000000000000e+00
0.000000000000000000e+00
0.000000000000000000e+00
0.000000000000000000e+00
0.000000000000000000e+00
0.000000000000000000e+00
0.000000000000000000e+00
0.000000000000000000e+00
0.000000000000000000e+00
3.472472514128824628e+00
1.777190564835404984e+01
4.618959799395997123e+01
6.633860554344673233e+01
6.362024318949032420e+01
5.042022020201918053e+01
2.993086078644231307e+01
2.023180265490460172e+01
1.044776160641507090e+01
4.660635271414392378e+00
1.779785100998199976e+00
0.000000000000000000e+00
0.000000000000000000e+00
0.000000000000000000e+00
0.000000000000000000e+00
0.000000000000000000e+00
0.000000000000000000e+00
0.000000000000000000e+00
0.000000000000000000e+00
0.000000000000000000e+00
0.000000000000000000e+00
0.000000000000000000e+00
0.000000000000000000e+00
1.941130254236885122e+00
1.311822949782000514e+01
4.739174839561079722e+01
6.851821882516337325e+01
7.625839702657896169e+01
5.934412848331146506e+01
3.844048119840626754e+01
2.562234197259775215e+01
1.542772596271682950e+01
8.363153020907962087e+00
3.815910387229279443e+00
1.454467728284880135e+00
0.000000000000000000e+00
0.000000000000000000e+00
0.000000000000000000e+00
0.000000000000000000e+00
0.000000000000000000e+00
0.000000000000000000e+00
0.000000000000000000e+00
0.000000000000000000e+00
0.000000000000000000e+00
0.000000000000000000e+00
0.000000000000000000e+00
0.000000000000000000e+00
5.906318823794730610e-01
1.213206408898053112e+01
4.089800961085060038e+01
7.790018642528524140e+01
8.143379361968298724e+01
6.680359576921856046e+01
4.881028493882208608e+01
3.113415686103795466e+01
2.154259406922281173e+01
1.158055885555832987e+01
6.253825756521323775e+00
3.002923721236093080e+00
1.102294887655263844e+00
0.000000000000000000e+00
0.000000000000000000e+00
0.000000000000000000e+00
0.000000000000000000e+00
0.000000000000000000e+00
0.000000000000000000e+00
0.000000000000000000e+00
0.000000000000000000e+00
0.000000000000000000e+00
0.000000000000000000e+00
0.000000000000000000e+00
0.000000000000000000e+00
6.971348588680905678e-01
1.004074200045104170e+01
3.202864919490860274e+01
8.141018894235355674e+01
9.182151251649591472e+01
7.070729929881076714e+01
5.843377170532574638e+01
3.744207754922463494e+01
2.461770542500675418e+01
1.494636615068202090e+01
9.315221878754339713e+00
5.166203885821962771e+00
2.238765083230485953e+00
8.950805386192935975e-01
0.000000000000000000e+00
0.000000000000000000e+00
0.000000000000000000e+00
0.000000000000000000e+00
0.000000000000000000e+00
0.000000000000000000e+00
0.000000000000000000e+00
0.000000000000000000e+00
0.000000000000000000e+00
0.000000000000000000e+00
0.000000000000000000e+00
0.000000000000000000e+00
8.001600123562556677e-01
2.788539435472362271e+00
2.894096223659418143e+01
6.502786351693565337e+01
8.642598257387297167e+01
8.441655182968172255e+01
6.764258663570441854e+01
4.355408448062741655e+01
3.118434871091410798e+01
2.066834091832117792e+01
1.258240007582925202e+01
7.088942436033176087e+00
4.045623776616561251e+00
1.894527485918055643e+00
6.835937287784581429e-01
0.000000000000000000e+00
0.000000000000000000e+00
0.000000000000000000e+00
0.000000000000000000e+00
0.000000000000000000e+00
0.000000000000000000e+00
0.000000000000000000e+00
0.000000000000000000e+00
0.000000000000000000e+00
0.000000000000000000e+00
0.000000000000000000e+00
0.000000000000000000e+00
0.000000000000000000e+00
1.600320024712511335e+00
2.021691090717462558e+01
6.024445200270625378e+01
8.783614400421905088e+01
8.681181285322061569e+01
7.819638485275781647e+01
5.494591988854953968e+01
3.254931580402760716e+01
1.981614132131665684e+01
1.388859851517760724e+01
8.426395202297772613e+00
5.604756140885734261e+00
3.229907373592040720e+00
1.406247206042268161e+00
5.661010566446605941e-01
0.000000000000000000e+00
0.000000000000000000e+00
0.000000000000000000e+00
0.000000000000000000e+00
0.000000000000000000e+00
0.000000000000000000e+00
0.000000000000000000e+00
0.000000000000000000e+00
0.000000000000000000e+00
0.000000000000000000e+00
0.000000000000000000e+00
0.000000000000000000e+00
0.000000000000000000e+00
2.688166153714031559e+00
1.520304023476885824e+01
4.810230526189825184e+01
9.745426059261305340e+01
9.899764296608114478e+01
7.639439531083414181e+01
5.450051065495241431e+01
4.224925314139466792e+01
2.681443635284178839e+01
1.700016334407692398e+01
1.053163868449486884e+01
6.786870343932142724e+00
4.237742447986774685e+00
2.232920658784293355e+00
1.162107066104374420e+00
4.562377788052655592e-01
0.000000000000000000e+00
0.000000000000000000e+00
0.000000000000000000e+00
0.000000000000000000e+00
0.000000000000000000e+00
0.000000000000000000e+00
0.000000000000000000e+00
0.000000000000000000e+00
0.000000000000000000e+00
0.000000000000000000e+00
0.000000000000000000e+00
0.000000000000000000e+00
0.000000000000000000e+00
9.825870786883099672e-01
1.075266461485612624e+01
3.920784060545652494e+01
9.271893622945604818e+01
9.272920553357727158e+01
6.551314608049487731e+01
5.980369329888531382e+01
4.354116883846742070e+01
3.108494272579296691e+01
1.859960903087291584e+01
1.303693507981359012e+01
8.293665464039708723e+00
5.566758821427487902e+00
3.437062999288812648e+00
2.018692108495025561e+00
8.642560953801439183e-01
3.601074106957948828e-01
0.000000000000000000e+00
0.000000000000000000e+00
0.000000000000000000e+00
0.000000000000000000e+00
0.000000000000000000e+00
0.000000000000000000e+00
0.000000000000000000e+00
0.000000000000000000e+00
0.000000000000000000e+00
0.000000000000000000e+00
0.000000000000000000e+00
0.000000000000000000e+00
0.000000000000000000e+00
1.058888938575228922e+00
6.878109550818169993e+00
3.584221538285375885e+01
8.401680129740684322e+01
8.853612707624749589e+01
8.446035918026464628e+01
5.629277737286966499e+01
3.974051877280766121e+01
2.873124746483904346e+01
2.386097716275657277e+01
1.224474261199133629e+01
9.595184218742803139e+00
6.779742403143571572e+00
4.880446090018619287e+00
2.812142453963573985e+00
1.334808659494669758e+00
6.665025820304499860e-01
2.993774321123515159e-01
0.000000000000000000e+00
0.000000000000000000e+00
0.000000000000000000e+00
0.000000000000000000e+00
0.000000000000000000e+00
0.000000000000000000e+00
0.000000000000000000e+00
0.000000000000000000e+00
0.000000000000000000e+00
0.000000000000000000e+00
0.000000000000000000e+00
0.000000000000000000e+00
0.000000000000000000e+00
0.000000000000000000e+00
3.176666815725686988e+00
2.554726404589606048e+01
7.526865230399289430e+01
1.000200015445319650e+02
7.668483447548996423e+01
6.674140270888045734e+01
4.949882148304057239e+01
3.163808290650706923e+01
1.866050093077175021e+01
1.619919550499070127e+01
1.038478170890404506e+01
5.840546915756489099e+00
5.989869501806456498e+00
3.927233963061857569e+00
2.070049306389853072e+00
1.104100989952381262e+00
5.249013008664715763e-01
2.227783133965510753e-01
0.000000000000000000e+00
0.000000000000000000e+00
0.000000000000000000e+00
0.000000000000000000e+00
0.000000000000000000e+00
0.000000000000000000e+00
0.000000000000000000e+00
0.000000000000000000e+00
0.000000000000000000e+00
0.000000000000000000e+00
0.000000000000000000e+00
0.000000000000000000e+00
0.000000000000000000e+00
0.000000000000000000e+00
5.625584932286953332e+00
3.388444603440732550e+01
6.485074719342846095e+01
7.706076307313557550e+01
8.321664128505058500e+01
6.971348588680905323e+01
4.843181435511679211e+01
3.396977944914549141e+01
2.430730759890177239e+01
1.332892923626553561e+01
1.225885065242539618e+01
9.299804515436457919e+00
5.736251435117980080e+00
3.817719023129389821e+00
2.668993955478932367e+00
1.738060266685820032e+00
8.239559626510307710e-01
4.223624420925561895e-01
1.678466744768535579e-01
0.000000000000000000e+00
0.000000000000000000e+00
0.000000000000000000e+00
0.000000000000000000e+00
0.000000000000000000e+00
0.000000000000000000e+00
0.000000000000000000e+00
0.000000000000000000e+00
0.000000000000000000e+00
0.000000000000000000e+00
0.000000000000000000e+00
0.000000000000000000e+00
0.000000000000000000e+00
0.000000000000000000e+00
0.000000000000000000e+00
1.687675479686085822e+01
5.188555799018621428e+01
8.548507584588296027e+01
7.168443076570751771e+01
4.800960074137533695e+01
5.367938413284297638e+01
2.303464341279945060e+01
1.892601997880963083e+01
1.851985340868706587e+01
1.007074653406729325e+01
8.099597752495350633e+00
8.369824063892812305e+00
3.754637302986314040e+00
3.291137088904646291e+00
2.097066679304875336e+00
9.959671191120991196e-01
7.909977241449894780e-01
3.417961959130512706e-01
1.522827101162725905e-01
0.000000000000000000e+00
0.000000000000000000e+00
0.000000000000000000e+00
0.000000000000000000e+00
0.000000000000000000e+00
0.000000000000000000e+00
0.000000000000000000e+00
0.000000000000000000e+00
0.000000000000000000e+00
0.000000000000000000e+00
0.000000000000000000e+00
0.000000000000000000e+00
0.000000000000000000e+00
0.000000000000000000e+00
0.000000000000000000e+00
1.418449896295112644e+01
5.288049836349735955e+01
7.200444782311556935e+01
6.878109550818169282e+01
5.197121230513794643e+01
4.240848065488155072e+01
3.485674294340452661e+01
1.653769270662524704e+01
1.941130254236885122e+01
1.350405977716765094e+01
9.182151251649591117e+00
6.786149468306915011e+00
4.804898999642170487e+00
4.171819225540349230e+00
1.777214028008509139e+00
1.448882432974277545e+00
1.171726022484822494e+00
6.426856508678040480e-01
2.734369567304409943e-01
1.171874963620213872e-01
0.000000000000000000e+00
0.000000000000000000e+00
0.000000000000000000e+00
0.000000000000000000e+00
0.000000000000000000e+00
0.000000000000000000e+00
0.000000000000000000e+00
0.000000000000000000e+00
0.000000000000000000e+00
0.000000000000000000e+00
0.000000000000000000e+00
0.000000000000000000e+00
0.000000000000000000e+00
0.000000000000000000e+00
1.272255159682329495e+00
1.353786992237864695e+01
3.900737214811559994e+01
5.175538137703996711e+01
7.624000357741648770e+01
3.930348314753239691e+01
3.225799384456838226e+01
2.560512039540018137e+01
2.300545034264698785e+01
1.712832458900471977e+01
1.164678152542131073e+01
9.259926704343532933e+00
5.331571694506214598e+00
4.378160947294784222e+00
4.959895741566111127e+00
3.546046341709296890e+00
1.645568544452323145e+00
1.334496977739466184e+00
8.397369827807894538e-01
3.460615043134329105e-01
2.075191189472097020e-01
7.720947025935263885e-02
0.000000000000000000e+00
0.000000000000000000e+00
0.000000000000000000e+00
0.000000000000000000e+00
0.000000000000000000e+00
0.000000000000000000e+00
0.000000000000000000e+00
0.000000000000000000e+00
0.000000000000000000e+00
0.000000000000000000e+00
0.000000000000000000e+00
0.000000000000000000e+00
0.000000000000000000e+00
0.000000000000000000e+00
1.307719656795440555e+00
3.816765479046988485e+00
2.830645529224626245e+01
6.855841165426377870e+01
4.612979644475301910e+01
3.917889072728347344e+01
3.832089606884408539e+01
2.060927384514091187e+01
1.840368028419387869e+01
1.603410175396608395e+01
1.181263764758946166e+01
4.852825635592212805e+00
6.559114748910002568e+00
4.146777984615944490e+00
3.721436805200566411e+00
2.479947870783055563e+00
1.668727690216139647e+00
1.974682253342787908e+00
9.150836418784911164e-01
6.444493123666523715e-01
4.202175409520256810e-01
1.782223021546624486e-01
7.415771254159166104e-02
0.000000000000000000e+00
0.000000000000000000e+00
0.000000000000000000e+00
0.000000000000000000e+00
0.000000000000000000e+00
0.000000000000000000e+00
0.000000000000000000e+00
0.000000000000000000e+00
0.000000000000000000e+00
0.000000000000000000e+00
0.000000000000000000e+00
0.000000000000000000e+00
0.000000000000000000e+00
0.000000000000000000e+00
0.000000000000000000e+00
6.538598283977202996e+00
3.435088931142289681e+01
5.784362603198149344e+01
5.082778795057487287e+01
3.937909452600867155e+01
2.859000134153118111e+01
2.358208988851944099e+01
1.881716307599822358e+01
1.120224017298757957e+01
1.533696689509799249e+01
5.315686941415257216e+00
5.823390762710655366e+00
2.700811955433530365e+00
3.850579557143376963e+00
2.845804615741609478e+00
1.549967419239409727e+00
1.877318651493157020e+00
5.924046760028363057e-01
8.769551568002206254e-01
4.686904089939289975e-01
2.966241465543710820e-01
1.489254853621151953e-01
6.408691207298045089e-02
0.000000000000000000e+00
0.000000000000000000e+00
0.000000000000000000e+00
0.000000000000000000e+00
0.000000000000000000e+00
0.000000000000000000e+00
0.000000000000000000e+00
0.000000000000000000e+00
0.000000000000000000e+00
0.000000000000000000e+00
0.000000000000000000e+00
0.000000000000000000e+00
0.000000000000000000e+00
0.000000000000000000e+00
0.000000000000000000e+00
4.014164445120215419e+00
3.530843073347689653e+01
5.597922702602249956e+01
5.045933334704768214e+01
4.964574637032894344e+01
3.150327562080693866e+01
2.435444558723026631e+01
1.277363202294803024e+01
8.064498461142095564e+00
8.001600123562557343e+00
1.394269717736181136e+00
5.315686941415257216e+00
5.823390762710655366e+00
4.629963352171766466e+00
1.184793709890269886e+00
3.502528757835827289e+00
9.299804515436458363e-01
1.773023170854648445e+00
8.556956431152080711e-01
7.244412164871387727e-01
4.296328749111015810e-01
2.719054676748401400e-01
1.025388587739153867e-01
5.493163891969753132e-02
0.000000000000000000e+00
0.000000000000000000e+00
0.000000000000000000e+00
0.000000000000000000e+00
0.000000000000000000e+00
0.000000000000000000e+00
0.000000000000000000e+00
0.000000000000000000e+00
0.000000000000000000e+00
0.000000000000000000e+00
0.000000000000000000e+00
0.000000000000000000e+00
0.000000000000000000e+00
0.000000000000000000e+00
0.000000000000000000e+00
6.820384595007100259e+00
2.809915111584150793e+01
4.315474867424953942e+01
4.834569606792852170e+01
3.815217887215800374e+01
1.773062370368890939e+01
1.462652082394607866e+01
1.588333407862843316e+01
1.080845786557140897e+01
1.164871999942747038e+01
5.601120086493789785e+00
7.668483447548996246e+00
7.087582588553676288e+00
4.367543072032991525e+00
1.929151396738235880e+00
1.184793709890269886e+00
1.094540236823696056e+00
1.394970677315468865e+00
1.564432209577630850e+00
7.240501595590221884e-01
6.481842463305979019e-01
3.905753408282741646e-01
1.977494310362473695e-01
1.098630629720522001e-01
3.784179570023607497e-02
0.000000000000000000e+00
0.000000000000000000e+00
0.000000000000000000e+00
0.000000000000000000e+00
0.000000000000000000e+00
0.000000000000000000e+00
0.000000000000000000e+00
0.000000000000000000e+00
0.000000000000000000e+00
0.000000000000000000e+00
0.000000000000000000e+00
0.000000000000000000e+00
0.000000000000000000e+00
0.000000000000000000e+00
0.000000000000000000e+00
6.932381956070435614e+00
1.909707686601988286e+01
3.880358963616208001e+01
2.353895382231792865e+01
3.562314447110522764e+01
2.461430894977935679e+01
1.773062370368890939e+01
1.125116986457390666e+01
6.353333631451373975e+00
1.965174157376619934e+00
8.064498461142095564e+00
7.201440111206300898e+00
3.485674294340452839e+00
1.771895647138419072e+00
1.455847690677663842e+00
1.543321117390588748e+00
2.665785847253107299e+00
1.751264378917913644e+00
1.084977193467586698e+00
6.257728838310523400e-01
5.924046760028363057e-01
1.906424253913523159e-01
1.757589033727233740e-01
9.887471551812368475e-02
6.103503498447344217e-02
2.960204986228144597e-02
0.000000000000000000e+00
0.000000000000000000e+00
0.000000000000000000e+00
0.000000000000000000e+00
0.000000000000000000e+00
0.000000000000000000e+00
0.000000000000000000e+00
0.000000000000000000e+00
0.000000000000000000e+00
0.000000000000000000e+00
0.000000000000000000e+00
0.000000000000000000e+00
0.000000000000000000e+00
0.000000000000000000e+00
0.000000000000000000e+00
2.811661107804137583e+00
1.525124030335495817e+01
3.819415373203976571e+01
3.746553482112200584e+01
2.746211279270425010e+01
2.162833771459960275e+01
1.230715447488967840e+01
7.092249481475563222e+00
6.750701918744343999e+00
6.353333631451373975e+00
4.912935393441549614e+00
5.376332307428063118e+00
8.001600123562556677e-01
4.182809153208543407e+00
1.771895647138419072e+00
2.426412817796106403e+00
1.929151396738235880e+00
3.258182702198242353e+00
6.567241420942175889e-01
1.084977193467586698e+00
5.214774031925436537e-01
7.240501595590221884e-01
4.575418209392455582e-01
1.171726022484822494e-01
1.071142751446339941e-01
6.347643638385237763e-02
3.234863180826632462e-02
0.000000000000000000e+00
0.000000000000000000e+00
0.000000000000000000e+00
0.000000000000000000e+00
0.000000000000000000e+00
0.000000000000000000e+00
0.000000000000000000e+00
0.000000000000000000e+00
0.000000000000000000e+00
0.000000000000000000e+00
0.000000000000000000e+00
0.000000000000000000e+00
0.000000000000000000e+00
0.000000000000000000e+00
0.000000000000000000e+00
2.845238559429585923e+00
1.546413609292275737e+01
3.466190978035218251e+01
3.819415373203976571e+01
2.408498667072129251e+01
1.700035553834072743e+01
1.399480675650562489e+01
8.615008132422774523e+00
5.910207901229636462e+00
5.625584932286953332e+00
5.294444692876144387e+00
2.947761236064930124e+00
4.480276922856719857e+00
2.400480037068767114e+00
1.394269717736181136e+00
1.181263764758946122e+00
1.455847690677663842e+00
2.314981676085883233e+00
8.885952824177023590e-01
2.189080473647392056e-01
7.749837096197048636e-01
5.214774031925436537e-01
5.924046760028363057e-01
2.287709104696227791e-01
5.858630112424112468e-02
9.063515589161338926e-02
5.371083078633662883e-02
1.953124939367023236e-02
0.000000000000000000e+00
0.000000000000000000e+00
0.000000000000000000e+00
0.000000000000000000e+00
0.000000000000000000e+00
0.000000000000000000e+00
0.000000000000000000e+00
0.000000000000000000e+00
0.000000000000000000e+00
0.000000000000000000e+00
0.000000000000000000e+00
0.000000000000000000e+00
0.000000000000000000e+00
0.000000000000000000e+00
1.450024003277625040e+00
0.000000000000000000e+00
9.958334958003550952e+00
2.389911941633516790e+01
1.386476391214087123e+01
1.500484610901562199e+01
5.352219260160286929e+00
1.307719656795440599e+01
8.905786117776306909e+00
6.153577237444839199e+00
2.364083160491854407e+00
6.750701918744343999e+00
4.235555754300915687e+00
1.965174157376619934e+00
8.960553845713439269e-01
3.200640049425022671e+00
1.394269717736181136e+00
2.953159411897365416e+00
0.000000000000000000e+00
3.858302793476471870e-01
1.184793709890269886e+00
4.378160947294784111e-01
1.549967419239409727e-01
2.085909612770174559e-01
3.291137088904646513e-01
2.668993955478932145e-01
9.764383520706854114e-02
1.071142751446339941e-01
3.173821819192618882e-02
1.892089785011803749e-02
0.000000000000000000e+00
0.000000000000000000e+00
0.000000000000000000e+00
0.000000000000000000e+00
0.000000000000000000e+00
0.000000000000000000e+00
0.000000000000000000e+00
0.000000000000000000e+00
0.000000000000000000e+00
0.000000000000000000e+00
0.000000000000000000e+00
0.000000000000000000e+00
0.000000000000000000e+00
0.000000000000000000e+00
0.000000000000000000e+00
1.450024003277625040e+00
7.186202338178836690e+00
2.133928919572189287e+01
2.952244163194344395e+01
2.079714586821130595e+01
8.184461514008521732e+00
8.028328890240430837e+00
5.230878627181762219e+00
5.089020638729317980e+00
6.153577237444839199e+00
2.364083160491854407e+00
2.250233972914781333e+00
2.117777877150457844e+00
2.947761236064930124e+00
1.792110769142687854e+00
3.200640049425022671e+00
1.394269717736181136e+00
1.771895647138419072e+00
4.852825635592212805e-01
1.157490838042941617e+00
2.961984274725674715e-01
6.567241420942175889e-01
3.099934838478819454e-01
5.214774031925436537e-01
1.316454835561858550e-01
2.287709104696227791e-01
5.858630112424112468e-02
6.591647701208246113e-02
4.150382378944193762e-02
1.281738241459609053e-02
0.000000000000000000e+00
0.000000000000000000e+00
0.000000000000000000e+00
0.000000000000000000e+00
0.000000000000000000e+00
0.000000000000000000e+00
0.000000000000000000e+00
0.000000000000000000e+00
0.000000000000000000e+00
0.000000000000000000e+00
0.000000000000000000e+00
0.000000000000000000e+00
0.000000000000000000e+00
0.000000000000000000e+00
0.000000000000000000e+00
0.000000000000000000e+00
4.350072009832874897e+00
2.299584748217227670e+01
2.418452775515148190e+01
1.968162775462896263e+01
6.932381956070435614e+00
1.091261535201136113e+01
5.352219260160286929e+00
2.615439313590881110e+00
5.089020638729317980e+00
1.230715447488967884e+00
1.182041580245927204e+00
1.125116986457390666e+00
2.117777877150457844e+00
9.825870786883099672e-01
0.000000000000000000e+00
8.001600123562556677e-01
6.971348588680905678e-01
1.181263764758946122e+00
4.852825635592212805e-01
3.858302793476471870e-01
2.961984274725674715e-01
4.378160947294784111e-01
1.549967419239409727e-01
3.128864419155261700e-01
6.582274177809292748e-02
2.668993955478932145e-01
5.858630112424112468e-02
4.943735775906184238e-02
1.953121119503150108e-02
1.403808550170048026e-02
0.000000000000000000e+00
0.000000000000000000e+00
0.000000000000000000e+00
0.000000000000000000e+00
0.000000000000000000e+00
0.000000000000000000e+00
0.000000000000000000e+00
0.000000000000000000e+00
0.000000000000000000e+00
0.000000000000000000e+00
0.000000000000000000e+00
0.000000000000000000e+00
0.000000000000000000e+00
0.000000000000000000e+00
0.000000000000000000e+00
1.471127674303734700e+00
5.844975059442337972e+00
1.885031204260912574e+01
2.299584748217227670e+01
1.138095423771834369e+01
7.029152769510344179e+00
5.545905564856348668e+00
1.364076919001420141e+00
5.352219260160286929e+00
1.307719656795440555e+00
3.816765479046988485e+00
2.461430894977935768e+00
2.364083160491854407e+00
1.125116986457390666e+00
2.117777877150457844e+00
9.825870786883099672e-01
0.000000000000000000e+00
8.001600123562556677e-01
2.788539435472362271e+00
5.906318823794730610e-01
4.852825635592212805e-01
1.157490838042941617e+00
2.961984274725674715e-01
2.189080473647392056e-01
3.099934838478819454e-01
3.128864419155261700e-01
1.974682253342787686e-01
0.000000000000000000e+00
5.858630112424112468e-02
3.295823850604123056e-02
1.464840839627362667e-02
7.934570066178531569e-03
0.000000000000000000e+00
0.000000000000000000e+00
0.000000000000000000e+00
0.000000000000000000e+00
0.000000000000000000e+00
0.000000000000000000e+00
0.000000000000000000e+00
0.000000000000000000e+00
0.000000000000000000e+00
0.000000000000000000e+00
0.000000000000000000e+00
0.000000000000000000e+00
0.000000000000000000e+00
0.000000000000000000e+00
0.000000000000000000e+00
0.000000000000000000e+00
1.471127674303734700e+00
1.607368141346642787e+01
2.030033604588675189e+01
1.006068327345037083e+01
1.280357351743313643e+01
7.029152769510344179e+00
0.000000000000000000e+00
5.456307676005680563e+00
0.000000000000000000e+00
1.307719656795440555e+00
2.544510319364658990e+00
1.230715447488967884e+00
0.000000000000000000e+00
0.000000000000000000e+00
1.058888938575228922e+00
0.000000000000000000e+00
8.960553845713439269e-01
1.600320024712511335e+00
6.971348588680905678e-01
0.000000000000000000e+00
0.000000000000000000e+00
7.716605586952943741e-01
8.885952824177023590e-01
6.567241420942175889e-01
3.099934838478819454e-01
3.128864419155261700e-01
1.316454835561858550e-01
7.625697015654092636e-02
1.952876704141370823e-02
4.119779813255153994e-02
1.953121119503150108e-02
1.037597624038731105e-02
0.000000000000000000e+00
0.000000000000000000e+00
0.000000000000000000e+00
0.000000000000000000e+00
0.000000000000000000e+00
0.000000000000000000e+00
0.000000000000000000e+00
0.000000000000000000e+00
0.000000000000000000e+00
0.000000000000000000e+00
0.000000000000000000e+00
0.000000000000000000e+00
0.000000000000000000e+00
0.000000000000000000e+00
0.000000000000000000e+00
0.000000000000000000e+00
2.959731964091544931e+00
1.324014906873361141e+01
2.045741270804818157e+01
1.740028803933149959e+01
1.437240467635767294e+00
1.422619279714792961e+00
2.811661107804137583e+00
1.386476391214087167e+00
0.000000000000000000e+00
0.000000000000000000e+00
1.307719656795440555e+00
1.272255159682329495e+00
1.230715447488967884e+00
1.182041580245927204e+00
1.125116986457390666e+00
1.058888938575228922e+00
0.000000000000000000e+00
0.000000000000000000e+00
8.001600123562556677e-01
0.000000000000000000e+00
5.906318823794730610e-01
4.852825635592212805e-01
0.000000000000000000e+00
0.000000000000000000e+00
0.000000000000000000e+00
1.549967419239409727e-01
3.128864419155261700e-01
1.316454835561858550e-01
1.525139403130818527e-01
3.905753408282741646e-02
8.239559626510307641e-03
1.464840839627362667e-02
6.713866979074142698e-03
0.000000000000000000e+00
0.000000000000000000e+00
0.000000000000000000e+00
0.000000000000000000e+00
0.000000000000000000e+00
0.000000000000000000e+00
0.000000000000000000e+00
0.000000000000000000e+00
0.000000000000000000e+00
0.000000000000000000e+00
0.000000000000000000e+00
0.000000000000000000e+00
0.000000000000000000e+00
0.000000000000000000e+00
0.000000000000000000e+00
0.000000000000000000e+00
4.462854109223843402e+00
1.923825776659504072e+01
8.826766045822408202e+00
1.315119388374526110e+01
7.250120016388125421e+00
1.437240467635767294e+00
1.422619279714792961e+00
1.405830553902068791e+00
0.000000000000000000e+00
1.364076919001420141e+00
0.000000000000000000e+00
2.615439313590881110e+00
0.000000000000000000e+00
0.000000000000000000e+00
0.000000000000000000e+00
0.000000000000000000e+00
0.000000000000000000e+00
0.000000000000000000e+00
8.960553845713439269e-01
0.000000000000000000e+00
0.000000000000000000e+00
5.906318823794730610e-01
0.000000000000000000e+00
0.000000000000000000e+00
0.000000000000000000e+00
2.189080473647392056e-01
1.549967419239409727e-01
1.042954806385087280e-01
6.582274177809292748e-02
1.525139403130818527e-01
0.000000000000000000e+00
1.647911925302061528e-02
1.464840839627362667e-02
5.798339663745850393e-03
0.000000000000000000e+00
0.000000000000000000e+00
0.000000000000000000e+00
0.000000000000000000e+00
0.000000000000000000e+00
0.000000000000000000e+00
0.000000000000000000e+00
0.000000000000000000e+00
0.000000000000000000e+00
0.000000000000000000e+00
0.000000000000000000e+00
0.000000000000000000e+00
0.000000000000000000e+00
0.000000000000000000e+00
0.000000000000000000e+00
0.000000000000000000e+00
4.483553369481915851e+00
7.438090182039739595e+00
8.879195892274633906e+00
1.324014906873361141e+01
2.922487529721168986e+00
1.450024003277625040e+00
4.311721402907301659e+00
0.000000000000000000e+00
2.811661107804137583e+00
2.772952782428174334e+00
0.000000000000000000e+00
0.000000000000000000e+00
1.307719656795440555e+00
0.000000000000000000e+00
0.000000000000000000e+00
0.000000000000000000e+00
1.125116986457390666e+00
0.000000000000000000e+00
0.000000000000000000e+00
0.000000000000000000e+00
0.000000000000000000e+00
6.971348588680905678e-01
0.000000000000000000e+00
0.000000000000000000e+00
0.000000000000000000e+00
0.000000000000000000e+00
2.189080473647392056e-01
1.549967419239409727e-01
0.000000000000000000e+00
6.582274177809292748e-02
0.000000000000000000e+00
1.952876704141370823e-02
4.119779813255153994e-02
7.324204198136813337e-03
3.967285033089265785e-03
0.000000000000000000e+00
0.000000000000000000e+00
0.000000000000000000e+00
0.000000000000000000e+00
0.000000000000000000e+00
0.000000000000000000e+00
0.000000000000000000e+00
0.000000000000000000e+00
0.000000000000000000e+00
0.000000000000000000e+00
0.000000000000000000e+00
0.000000000000000000e+00
0.000000000000000000e+00
0.000000000000000000e+00
0.000000000000000000e+00
0.000000000000000000e+00
0.000000000000000000e+00
1.494517789827305165e+01
1.338856232767153109e+01
7.399329910228862772e+00
5.884510697214938801e+00
7.306218824302922243e+00
4.350072009832874897e+00
1.437240467635767294e+00
0.000000000000000000e+00
1.405830553902068791e+00
1.386476391214087167e+00
2.728153838002840281e+00
1.338054815040071732e+00
0.000000000000000000e+00
0.000000000000000000e+00
0.000000000000000000e+00
0.000000000000000000e+00
0.000000000000000000e+00
0.000000000000000000e+00
0.000000000000000000e+00
0.000000000000000000e+00
1.600320024712511335e+00
0.000000000000000000e+00
5.906318823794730610e-01
4.852825635592212805e-01
0.000000000000000000e+00
0.000000000000000000e+00
2.189080473647392056e-01
0.000000000000000000e+00
1.042954806385087280e-01
6.582274177809292748e-02
0.000000000000000000e+00
0.000000000000000000e+00
1.647911925302061528e-02
4.882802798757875269e-03
5.187988120193655524e-03
0.000000000000000000e+00
0.000000000000000000e+00
0.000000000000000000e+00
0.000000000000000000e+00
0.000000000000000000e+00
0.000000000000000000e+00
0.000000000000000000e+00
0.000000000000000000e+00
0.000000000000000000e+00
0.000000000000000000e+00
0.000000000000000000e+00
0.000000000000000000e+00
0.000000000000000000e+00
0.000000000000000000e+00
0.000000000000000000e+00
0.000000000000000000e+00
3.012390419957152510e+00
1.200542615891421150e+01
8.967106738963831702e+00
5.950472145631791498e+00
1.479865982045772466e+00
0.000000000000000000e+00
1.461243764860584493e+00
1.450024003277625040e+00
1.437240467635767294e+00
2.845238559429585923e+00
1.405830553902068791e+00
1.386476391214087167e+00
0.000000000000000000e+00
0.000000000000000000e+00
0.000000000000000000e+00
2.544510319364658990e+00
0.000000000000000000e+00
0.000000000000000000e+00
0.000000000000000000e+00
0.000000000000000000e+00
0.000000000000000000e+00
0.000000000000000000e+00
0.000000000000000000e+00
0.000000000000000000e+00
0.000000000000000000e+00
0.000000000000000000e+00
3.858302793476471870e-01
2.961984274725674715e-01
0.000000000000000000e+00
0.000000000000000000e+00
0.000000000000000000e+00
0.000000000000000000e+00
1.143854552348113895e-01
0.000000000000000000e+00
0.000000000000000000e+00
9.765605597515750538e-03
1.220703087104389522e-03
0.000000000000000000e+00
0.000000000000000000e+00
0.000000000000000000e+00
0.000000000000000000e+00
0.000000000000000000e+00
0.000000000000000000e+00
0.000000000000000000e+00
0.000000000000000000e+00
0.000000000000000000e+00
0.000000000000000000e+00
0.000000000000000000e+00
0.000000000000000000e+00
0.000000000000000000e+00
0.000000000000000000e+00
0.000000000000000000e+00
0.000000000000000000e+00
1.511150001924220776e+00
6.024780839914305020e+00
4.502034809592829312e+00
1.046162452879113580e+01
1.487618036407947875e+00
2.959731964091544931e+00
1.471127674303734700e+00
2.922487529721168986e+00
0.000000000000000000e+00
0.000000000000000000e+00
0.000000000000000000e+00
0.000000000000000000e+00
1.386476391214087167e+00
0.000000000000000000e+00
0.000000000000000000e+00
0.000000000000000000e+00
0.000000000000000000e+00
0.000000000000000000e+00
0.000000000000000000e+00
1.125116986457390666e+00
0.000000000000000000e+00
0.000000000000000000e+00
0.000000000000000000e+00
0.000000000000000000e+00
0.000000000000000000e+00
0.000000000000000000e+00
0.000000000000000000e+00
0.000000000000000000e+00
2.961984274725674715e-01
0.000000000000000000e+00
0.000000000000000000e+00
0.000000000000000000e+00
0.000000000000000000e+00
0.000000000000000000e+00
1.952876704141370823e-02
0.000000000000000000e+00
2.441401399378937635e-03
1.525878858880486957e-03
0.000000000000000000e+00
0.000000000000000000e+00
0.000000000000000000e+00
0.000000000000000000e+00
0.000000000000000000e+00
0.000000000000000000e+00
0.000000000000000000e+00
0.000000000000000000e+00
0.000000000000000000e+00
0.000000000000000000e+00
0.000000000000000000e+00
0.000000000000000000e+00
0.000000000000000000e+00
0.000000000000000000e+00
0.000000000000000000e+00
0.000000000000000000e+00
0.000000000000000000e+00
7.555750009621103658e+00
7.530976049892881719e+00
4.502034809592829312e+00
1.494517789827305210e+00
0.000000000000000000e+00
0.000000000000000000e+00
0.000000000000000000e+00
0.000000000000000000e+00
0.000000000000000000e+00
0.000000000000000000e+00
0.000000000000000000e+00
0.000000000000000000e+00
0.000000000000000000e+00
0.000000000000000000e+00
0.000000000000000000e+00
1.307719656795440555e+00
1.272255159682329495e+00
1.230715447488967884e+00
0.000000000000000000e+00
0.000000000000000000e+00
0.000000000000000000e+00
0.000000000000000000e+00
0.000000000000000000e+00
0.000000000000000000e+00
0.000000000000000000e+00
0.000000000000000000e+00
0.000000000000000000e+00
0.000000000000000000e+00
2.961984274725674715e-01
0.000000000000000000e+00
0.000000000000000000e+00
0.000000000000000000e+00
0.000000000000000000e+00
0.000000000000000000e+00
0.000000000000000000e+00
1.647911925302061528e-02
2.441401399378937635e-03
2.441406174208779045e-03
0.000000000000000000e+00
0.000000000000000000e+00
0.000000000000000000e+00
0.000000000000000000e+00
0.000000000000000000e+00
0.000000000000000000e+00
0.000000000000000000e+00
0.000000000000000000e+00
0.000000000000000000e+00
0.000000000000000000e+00
0.000000000000000000e+00
0.000000000000000000e+00
0.000000000000000000e+00
0.000000000000000000e+00
0.000000000000000000e+00
0.000000000000000000e+00
1.519640995800313421e+00
7.578060508681707219e+00
1.208920001539376621e+01
1.054336646985003334e+01
0.000000000000000000e+00
0.000000000000000000e+00
0.000000000000000000e+00
4.439597946137316953e+00
0.000000000000000000e+00
0.000000000000000000e+00
0.000000000000000000e+00
0.000000000000000000e+00
0.000000000000000000e+00
1.405830553902068791e+00
0.000000000000000000e+00
0.000000000000000000e+00
0.000000000000000000e+00
1.307719656795440555e+00
0.000000000000000000e+00
0.000000000000000000e+00
0.000000000000000000e+00
0.000000000000000000e+00
0.000000000000000000e+00
0.000000000000000000e+00
0.000000000000000000e+00
0.000000000000000000e+00
0.000000000000000000e+00
0.000000000000000000e+00
0.000000000000000000e+00
0.000000000000000000e+00
0.000000000000000000e+00
0.000000000000000000e+00
0.000000000000000000e+00
0.000000000000000000e+00
0.000000000000000000e+00
0.000000000000000000e+00
0.000000000000000000e+00
1.647911925302061528e-02
7.324204198136813337e-03
2.746581945984876479e-03
0.000000000000000000e+00
0.000000000000000000e+00
0.000000000000000000e+00
0.000000000000000000e+00
0.000000000000000000e+00
0.000000000000000000e+00
0.000000000000000000e+00
0.000000000000000000e+00
0.000000000000000000e+00
0.000000000000000000e+00
0.000000000000000000e+00
0.000000000000000000e+00
0.000000000000000000e+00
0.000000000000000000e+00
0.000000000000000000e+00
1.526596647263466888e+00
1.523287812427410515e+00
4.558922987400940485e+00
1.515612101736341533e+00
3.022300003848441552e+00
1.506195209978576255e+00
1.500678269864276437e+00
0.000000000000000000e+00
1.487618036407947875e+00
0.000000000000000000e+00
0.000000000000000000e+00
0.000000000000000000e+00
1.450024003277625040e+00
0.000000000000000000e+00
0.000000000000000000e+00
0.000000000000000000e+00
0.000000000000000000e+00
0.000000000000000000e+00
1.338054815040071732e+00
1.307719656795440555e+00
0.000000000000000000e+00
0.000000000000000000e+00
0.000000000000000000e+00
0.000000000000000000e+00
0.000000000000000000e+00
0.000000000000000000e+00
0.000000000000000000e+00
0.000000000000000000e+00
0.000000000000000000e+00
5.906318823794730610e-01
4.852825635592212805e-01
0.000000000000000000e+00
0.000000000000000000e+00
0.000000000000000000e+00
0.000000000000000000e+00
0.000000000000000000e+00
6.582274177809292748e-02
0.000000000000000000e+00
0.000000000000000000e+00
8.239559626510307641e-03
4.882802798757875269e-03
6.103515435521947611e-04
0.000000000000000000e+00
0.000000000000000000e+00
0.000000000000000000e+00
0.000000000000000000e+00
0.000000000000000000e+00
0.000000000000000000e+00
0.000000000000000000e+00
0.000000000000000000e+00
0.000000000000000000e+00
0.000000000000000000e+00
0.000000000000000000e+00
0.000000000000000000e+00
0.000000000000000000e+00
0.000000000000000000e+00
0.000000000000000000e+00
0.000000000000000000e+00
0.000000000000000000e+00
3.046575624854821029e+00
9.117845974801880971e+00
0.000000000000000000e+00
3.022300003848441552e+00
0.000000000000000000e+00
1.500678269864276437e+00
0.000000000000000000e+00
0.000000000000000000e+00
0.000000000000000000e+00
0.000000000000000000e+00
0.000000000000000000e+00
0.000000000000000000e+00
0.000000000000000000e+00
0.000000000000000000e+00
0.000000000000000000e+00
0.000000000000000000e+00
0.000000000000000000e+00
0.000000000000000000e+00
0.000000000000000000e+00
0.000000000000000000e+00
0.000000000000000000e+00
0.000000000000000000e+00
0.000000000000000000e+00
0.000000000000000000e+00
0.000000000000000000e+00
0.000000000000000000e+00
8.001600123562556677e-01
0.000000000000000000e+00
0.000000000000000000e+00
0.000000000000000000e+00
0.000000000000000000e+00
0.000000000000000000e+00
0.000000000000000000e+00
0.000000000000000000e+00
0.000000000000000000e+00
0.000000000000000000e+00
0.000000000000000000e+00
0.000000000000000000e+00
0.000000000000000000e+00
0.000000000000000000e+00
1.525878858880486957e-03
0.000000000000000000e+00
0.000000000000000000e+00
0.000000000000000000e+00
0.000000000000000000e+00
0.000000000000000000e+00
0.000000000000000000e+00
0.000000000000000000e+00
0.000000000000000000e+00
0.000000000000000000e+00
0.000000000000000000e+00
0.000000000000000000e+00
0.000000000000000000e+00
0.000000000000000000e+00
0.000000000000000000e+00
0.000000000000000000e+00
0.000000000000000000e+00
0.000000000000000000e+00
3.053193294526933776e+00
6.093151249709642059e+00
0.000000000000000000e+00
1.515612101736341533e+00
0.000000000000000000e+00
1.506195209978576255e+00
1.500678269864276437e+00
0.000000000000000000e+00
0.000000000000000000e+00
0.000000000000000000e+00
0.000000000000000000e+00
1.461243764860584493e+00
0.000000000000000000e+00
0.000000000000000000e+00
0.000000000000000000e+00
0.000000000000000000e+00
0.000000000000000000e+00
0.000000000000000000e+00
0.000000000000000000e+00
0.000000000000000000e+00
0.000000000000000000e+00
0.000000000000000000e+00
0.000000000000000000e+00
0.000000000000000000e+00
0.000000000000000000e+00
0.000000000000000000e+00
0.000000000000000000e+00
0.000000000000000000e+00
0.000000000000000000e+00
5.906318823794730610e-01
0.000000000000000000e+00
0.000000000000000000e+00
0.000000000000000000e+00
0.000000000000000000e+00
0.000000000000000000e+00
0.000000000000000000e+00
6.582274177809292748e-02
0.000000000000000000e+00
0.000000000000000000e+00
0.000000000000000000e+00
4.882802798757875269e-03
3.051757717760973806e-04
0.000000000000000000e+00
0.000000000000000000e+00
0.000000000000000000e+00
0.000000000000000000e+00
0.000000000000000000e+00
0.000000000000000000e+00
0.000000000000000000e+00
0.000000000000000000e+00
0.000000000000000000e+00
0.000000000000000000e+00
0.000000000000000000e+00
0.000000000000000000e+00
0.000000000000000000e+00
0.000000000000000000e+00
0.000000000000000000e+00
1.534852417784438039e+00
0.000000000000000000e+00
6.118422628528572993e+00
6.106386589053867553e+00
1.523287812427410515e+00
1.519640995800313421e+00
3.031224203472683065e+00
1.511150001924220776e+00
0.000000000000000000e+00
0.000000000000000000e+00
0.000000000000000000e+00
0.000000000000000000e+00
0.000000000000000000e+00
0.000000000000000000e+00
0.000000000000000000e+00
0.000000000000000000e+00
0.000000000000000000e+00
0.000000000000000000e+00
0.000000000000000000e+00
0.000000000000000000e+00
1.364076919001420141e+00
0.000000000000000000e+00
0.000000000000000000e+00
0.000000000000000000e+00
0.000000000000000000e+00
0.000000000000000000e+00
0.000000000000000000e+00
0.000000000000000000e+00
0.000000000000000000e+00
0.000000000000000000e+00
0.000000000000000000e+00
0.000000000000000000e+00
0.000000000000000000e+00
0.000000000000000000e+00
0.000000000000000000e+00
0.000000000000000000e+00
0.000000000000000000e+00
0.000000000000000000e+00
0.000000000000000000e+00
0.000000000000000000e+00
0.000000000000000000e+00
0.000000000000000000e+00
0.000000000000000000e+00
0.000000000000000000e+00
6.103515435521947611e-04
0.000000000000000000e+00
0.000000000000000000e+00
0.000000000000000000e+00
0.000000000000000000e+00
0.000000000000000000e+00
0.000000000000000000e+00
0.000000000000000000e+00
0.000000000000000000e+00
0.000000000000000000e+00
0.000000000000000000e+00
0.000000000000000000e+00
0.000000000000000000e+00
0.000000000000000000e+00
0.000000000000000000e+00
0.000000000000000000e+00
0.000000000000000000e+00
0.000000000000000000e+00
7.661739829835326532e+00
3.059211314264286496e+00
1.526596647263466888e+00
3.046575624854821029e+00
3.039281991600626842e+00
0.000000000000000000e+00
0.000000000000000000e+00
0.000000000000000000e+00
0.000000000000000000e+00
0.000000000000000000e+00
0.000000000000000000e+00
0.000000000000000000e+00
0.000000000000000000e+00
1.461243764860584493e+00
0.000000000000000000e+00
1.437240467635767294e+00
0.000000000000000000e+00
0.000000000000000000e+00
0.000000000000000000e+00
0.000000000000000000e+00
0.000000000000000000e+00
0.000000000000000000e+00
0.000000000000000000e+00
0.000000000000000000e+00
0.000000000000000000e+00
0.000000000000000000e+00
0.000000000000000000e+00
0.000000000000000000e+00
0.000000000000000000e+00
0.000000000000000000e+00
6.971348588680905678e-01
0.000000000000000000e+00
0.000000000000000000e+00
3.858302793476471870e-01
0.000000000000000000e+00
0.000000000000000000e+00
0.000000000000000000e+00
0.000000000000000000e+00
0.000000000000000000e+00
0.000000000000000000e+00
0.000000000000000000e+00
8.239559626510307641e-03
2.441401399378937635e-03
1.220703087104389522e-03
0.000000000000000000e+00
0.000000000000000000e+00
0.000000000000000000e+00
0.000000000000000000e+00
0.000000000000000000e+00
0.000000000000000000e+00
0.000000000000000000e+00
0.000000000000000000e+00
0.000000000000000000e+00
0.000000000000000000e+00
0.000000000000000000e+00
0.000000000000000000e+00
0.000000000000000000e+00
0.000000000000000000e+00
0.000000000000000000e+00
0.000000000000000000e+00
0.000000000000000000e+00
1.534852417784438039e+00
1.532347965967065351e+00
0.000000000000000000e+00
0.000000000000000000e+00
0.000000000000000000e+00
0.000000000000000000e+00
0.000000000000000000e+00
0.000000000000000000e+00
0.000000000000000000e+00
0.000000000000000000e+00
0.000000000000000000e+00
0.000000000000000000e+00
0.000000000000000000e+00
0.000000000000000000e+00
0.000000000000000000e+00
0.000000000000000000e+00
0.000000000000000000e+00
0.000000000000000000e+00
0.000000000000000000e+00
0.000000000000000000e+00
0.000000000000000000e+00
0.000000000000000000e+00
0.000000000000000000e+00
0.000000000000000000e+00
0.000000000000000000e+00
0.000000000000000000e+00
0.000000000000000000e+00
0.000000000000000000e+00
0.000000000000000000e+00
0.000000000000000000e+00
0.000000000000000000e+00
0.000000000000000000e+00
0.000000000000000000e+00
0.000000000000000000e+00
0.000000000000000000e+00
0.000000000000000000e+00
0.000000000000000000e+00
0.000000000000000000e+00
1.042954806385087280e-01
0.000000000000000000e+00
0.000000000000000000e+00
0.000000000000000000e+00
0.000000000000000000e+00
2.441401399378937635e-03
6.103515435521947611e-04
0.000000000000000000e+00
0.000000000000000000e+00
0.000000000000000000e+00
0.000000000000000000e+00
0.000000000000000000e+00
0.000000000000000000e+00
0.000000000000000000e+00
0.000000000000000000e+00
0.000000000000000000e+00
0.000000000000000000e+00
0.000000000000000000e+00
0.000000000000000000e+00
0.000000000000000000e+00
0.000000000000000000e+00
0.000000000000000000e+00
0.000000000000000000e+00
0.000000000000000000e+00
1.537144204738476017e+00
0.000000000000000000e+00
0.000000000000000000e+00
3.059211314264286496e+00
0.000000000000000000e+00
0.000000000000000000e+00
0.000000000000000000e+00
1.515612101736341533e+00
0.000000000000000000e+00
0.000000000000000000e+00
0.000000000000000000e+00
0.000000000000000000e+00
1.487618036407947875e+00
0.000000000000000000e+00
0.000000000000000000e+00
0.000000000000000000e+00
0.000000000000000000e+00
0.000000000000000000e+00
0.000000000000000000e+00
0.000000000000000000e+00
0.000000000000000000e+00
0.000000000000000000e+00
0.000000000000000000e+00
0.000000000000000000e+00
0.000000000000000000e+00
0.000000000000000000e+00
0.000000000000000000e+00
0.000000000000000000e+00
0.000000000000000000e+00
0.000000000000000000e+00
0.000000000000000000e+00
0.000000000000000000e+00
0.000000000000000000e+00
0.000000000000000000e+00
0.000000000000000000e+00
0.000000000000000000e+00
0.000000000000000000e+00
0.000000000000000000e+00
0.000000000000000000e+00
0.000000000000000000e+00
0.000000000000000000e+00
0.000000000000000000e+00
0.000000000000000000e+00
0.000000000000000000e+00
2.441401399378937635e-03
0.000000000000000000e+00
0.000000000000000000e+00
0.000000000000000000e+00
0.000000000000000000e+00
0.000000000000000000e+00
0.000000000000000000e+00
0.000000000000000000e+00
0.000000000000000000e+00
0.000000000000000000e+00
0.000000000000000000e+00
0.000000000000000000e+00
0.000000000000000000e+00
0.000000000000000000e+00
0.000000000000000000e+00
0.000000000000000000e+00
0.000000000000000000e+00
0.000000000000000000e+00
0.000000000000000000e+00
3.078490785631989635e+00
0.000000000000000000e+00
0.000000000000000000e+00
0.000000000000000000e+00
0.000000000000000000e+00
0.000000000000000000e+00
0.000000000000000000e+00
0.000000000000000000e+00
0.000000000000000000e+00
0.000000000000000000e+00
0.000000000000000000e+00
0.000000000000000000e+00
0.000000000000000000e+00
0.000000000000000000e+00
0.000000000000000000e+00
0.000000000000000000e+00
0.000000000000000000e+00
0.000000000000000000e+00
0.000000000000000000e+00
0.000000000000000000e+00
0.000000000000000000e+00
0.000000000000000000e+00
0.000000000000000000e+00
0.000000000000000000e+00
0.000000000000000000e+00
0.000000000000000000e+00
0.000000000000000000e+00
0.000000000000000000e+00
0.000000000000000000e+00
0.000000000000000000e+00
0.000000000000000000e+00
0.000000000000000000e+00
0.000000000000000000e+00
0.000000000000000000e+00
0.000000000000000000e+00
0.000000000000000000e+00
0.000000000000000000e+00
0.000000000000000000e+00
0.000000000000000000e+00
0.000000000000000000e+00
0.000000000000000000e+00
0.000000000000000000e+00
0.000000000000000000e+00
0.000000000000000000e+00
0.000000000000000000e+00
0.000000000000000000e+00
0.000000000000000000e+00
0.000000000000000000e+00
