# pd_vector
0.000000000000000000e+00
0.000000000000000000e+00
0.000000000000000000e+00
0.000000000000000000e+00
0.000000000000000000e+00
0.000000000000000000e+00
0.000000000000000000e+00
0.000000000000000000e+00
0.000000000000000000e+00
0.000000000000000000e+00
0.000000000000000000e+00
0.000000000000000000e+00
0.000000000000000000e+00
0.000000000000000000e+00
0.000000000000000000e+00
0.000000000000000000e+00
0.000000000000000000e+00
0.000000000000000000e+00
0.000000000000000000e+00
1.403808550170048026e-02
0.000000000000000000e+00
0.000000000000000000e+00
0.000000000000000000e+00
0.000000000000000000e+00
0.000000000000000000e+00
0.000000000000000000e+00
1.129150355571560266e-01
0.000000000000000000e+00
0.000000000000000000e+00
0.000000000000000000e+00
0.000000000000000000e+00
0.000000000000000000e+00
0.000000000000000000e+00
0.000000000000000000e+00
1.754760687712559886e+00
0.000000000000000000e+00
0.000000000000000000e+00
0.000000000000000000e+00
0.000000000000000000e+00
0.000000000000000000e+00
0.000000000000000000e+00
0.000000000000000000e+00
4.882802798757875269e-03
6.496581829569561428e+00
0.000000000000000000e+00
0.000000000000000000e+00
0.000000000000000000e+00
0.000000000000000000e+00
0.000000000000000000e+00
0.000000000000000000e+00
0.000000000000000000e+00
0.000000000000000000e+00
6.022937252267839270e+00
1.636383005840611915e+01
0.000000000000000000e+00
0.000000000000000000e+00
0.000000000000000000e+00
0.000000000000000000e+00
0.000000000000000000e+00
0.000000000000000000e+00
0.000000000000000000e+00
0.000000000000000000e+00
1.046424072566809027e+00
2.055904118417003446e+01
8.483276103831954629e+00
0.000000000000000000e+00
0.000000000000000000e+00
0.000000000000000000e+00
0.000000000000000000e+00
0.000000000000000000e+00
0.000000000000000000e+00
0.000000000000000000e+00
0.000000000000000000e+00
2.734027385797919152e-01
6.772918012991472558e+00
5.358876071636768046e+00
4.580993510130998203e+00
0.000000000000000000e+00
0.000000000000000000e+00
0.000000000000000000e+00
0.000000000000000000e+00
0.000000000000000000e+00
0.000000000000000000e+00
0.000000000000000000e+00
0.000000000000000000e+00
1.143854552348113895e-01
3.769052038992845688e+00
2.908564548158138585e+00
2.895502059663420003e+00
4.257507192048334943e+00
0.000000000000000000e+00
0.000000000000000000e+00
0.000000000000000000e+00
0.000000000000000000e+00
0.000000000000000000e+00
0.000000000000000000e+00
0.000000000000000000e+00
0.000000000000000000e+00
0.000000000000000000e+00
1.525139403130818527e-01
3.124602726626193316e-01
1.433683375012793526e+00
3.271477875167776439e+00
4.095458857235226624e+00
0.000000000000000000e+00
0.000000000000000000e+00
0.000000000000000000e+00
0.000000000000000000e+00
0.000000000000000000e+00
0.000000000000000000e+00
0.000000000000000000e+00
0.000000000000000000e+00
0.000000000000000000e+00
0.000000000000000000e+00
3.812848507827046318e-02
3.319890397040330399e-01
2.447149209073561149e+00
4.082023139761584041e+00
3.787841679284920549e+00
0.000000000000000000e+00
0.000000000000000000e+00
0.000000000000000000e+00
0.000000000000000000e+00
0.000000000000000000e+00
0.000000000000000000e+00
0.000000000000000000e+00
0.000000000000000000e+00
0.000000000000000000e+00
0.000000000000000000e+00
0.000000000000000000e+00
2.287709104696227791e-01
9.178520509464442867e-01
3.163990896579957912e+00
4.309073469903824893e+00
3.342590228263594643e+00
0.000000000000000000e+00
0.000000000000000000e+00
0.000000000000000000e+00
0.000000000000000000e+00
0.000000000000000000e+00
0.000000000000000000e+00
0.000000000000000000e+00
0.000000000000000000e+00
0.000000000000000000e+00
0.000000000000000000e+00
0.000000000000000000e+00
1.316454835561858550e-01
2.668993955478932145e-01
2.167693141596921613e+00
4.696548987110875650e+00
4.228507223724320419e+00
2.939147857975593858e+00
0.000000000000000000e+00
0.000000000000000000e+00
0.000000000000000000e+00
0.000000000000000000e+00
0.000000000000000000e+00
0.000000000000000000e+00
0.000000000000000000e+00
0.000000000000000000e+00
0.000000000000000000e+00
0.000000000000000000e+00
0.000000000000000000e+00
0.000000000000000000e+00
2.632909671123717099e-01
1.258240007582925202e+00
3.827638340117086813e+00
5.372192876484720436e+00
4.062491928566552168e+00
2.612609782175169482e+00
0.000000000000000000e+00
0.000000000000000000e+00
0.000000000000000000e+00
0.000000000000000000e+00
0.000000000000000000e+00
0.000000000000000000e+00
0.000000000000000000e+00
0.000000000000000000e+00
0.000000000000000000e+00
0.000000000000000000e+00
0.000000000000000000e+00
0.000000000000000000e+00
1.042954806385087280e-01
1.711391286230416142e+00
4.079747903374939533e+00
6.288262987335214049e+00
5.825368655942787299e+00
4.194327604133015086e+00
2.322997974759653417e+00
0.000000000000000000e+00
0.000000000000000000e+00
0.000000000000000000e+00
0.000000000000000000e+00
0.000000000000000000e+00
0.000000000000000000e+00
0.000000000000000000e+00
0.000000000000000000e+00
0.000000000000000000e+00
0.000000000000000000e+00
0.000000000000000000e+00
0.000000000000000000e+00
1.549967419239409727e-01
1.460136728939122275e+00
4.015187248463668368e+00
6.901255799166953864e+00
7.108471203074589795e+00
6.369179591292468245e+00
3.930656253000089695e+00
2.079162533110551436e+00
0.000000000000000000e+00
0.000000000000000000e+00
0.000000000000000000e+00
0.000000000000000000e+00
0.000000000000000000e+00
0.000000000000000000e+00
0.000000000000000000e+00
0.000000000000000000e+00
0.000000000000000000e+00
0.000000000000000000e+00
0.000000000000000000e+00
0.000000000000000000e+00
0.000000000000000000e+00
7.749837096197048636e-01
3.441750861070787870e+00
6.845565144921664569e+00
9.646506724802426547e+00
8.455956128932136551e+00
7.036583921039802902e+00
3.903800837606921093e+00
1.806945744686272670e+00
0.000000000000000000e+00
0.000000000000000000e+00
0.000000000000000000e+00
0.000000000000000000e+00
0.000000000000000000e+00
0.000000000000000000e+00
0.000000000000000000e+00
0.000000000000000000e+00
0.000000000000000000e+00
0.000000000000000000e+00
0.000000000000000000e+00
0.000000000000000000e+00
0.000000000000000000e+00
2.189080473647392056e-01
2.014957645011232756e+00
5.840546915756489099e+00
1.046581594271677496e+01
1.197234431457692594e+01
9.569095850292717031e+00
6.781157572617983575e+00
3.422844761929270785e+00
1.575927685451766980e+00
0.000000000000000000e+00
0.000000000000000000e+00
0.000000000000000000e+00
0.000000000000000000e+00
0.000000000000000000e+00
0.000000000000000000e+00
0.000000000000000000e+00
0.000000000000000000e+00
0.000000000000000000e+00
0.000000000000000000e+00
0.000000000000000000e+00
0.000000000000000000e+00
0.000000000000000000e+00
2.961984274725674715e-01
1.970172426282652767e+00
6.664859902729461716e+00
1.053384354448938076e+01
1.283543464672812107e+01
1.269678553106406405e+01
9.569095850292717031e+00
6.492772985690122844e+00
3.171380417793240092e+00
1.405334429028928467e+00
0.000000000000000000e+00
0.000000000000000000e+00
0.000000000000000000e+00
0.000000000000000000e+00
0.000000000000000000e+00
0.000000000000000000e+00
0.000000000000000000e+00
0.000000000000000000e+00
0.000000000000000000e+00
0.000000000000000000e+00
0.000000000000000000e+00
0.000000000000000000e+00
0.000000000000000000e+00
0.000000000000000000e+00
8.885952824177023590e-01
5.691609231483218956e+00
1.208974587006739654e+01
1.554002661513780126e+01
1.652150818630132534e+01
1.403128250880353001e+01
9.686268452541199281e+00
5.759452178930705379e+00
2.853998235873977940e+00
1.152038538454767558e+00
0.000000000000000000e+00
0.000000000000000000e+00
0.000000000000000000e+00
0.000000000000000000e+00
0.000000000000000000e+00
0.000000000000000000e+00
0.000000000000000000e+00
0.000000000000000000e+00
0.000000000000000000e+00
0.000000000000000000e+00
0.000000000000000000e+00
0.000000000000000000e+00
0.000000000000000000e+00
0.000000000000000000e+00
7.716605586952943741e-01
3.850579557143376963e+00
9.194137989319045801e+00
1.937459274049261992e+01
2.138057353089428858e+01
1.869365866497838979e+01
1.410753947896007077e+01
8.045852021062447790e+00
5.223880803207535450e+00
2.373042160196327188e+00
9.942626644465252239e-01
0.000000000000000000e+00
0.000000000000000000e+00
0.000000000000000000e+00
0.000000000000000000e+00
0.000000000000000000e+00
0.000000000000000000e+00
0.000000000000000000e+00
0.000000000000000000e+00
0.000000000000000000e+00
0.000000000000000000e+00
0.000000000000000000e+00
0.000000000000000000e+00
0.000000000000000000e+00
0.000000000000000000e+00
4.852825635592212805e-01
3.472472514128824628e+00
1.036694496153986123e+01
1.466683917343752697e+01
2.045956993396020707e+01
1.950325487940113334e+01
1.652150818630132534e+01
1.185795885934211391e+01
7.674805447275587333e+00
4.424643519436035177e+00
2.111812210462781003e+00
8.450317120480136390e-01
0.000000000000000000e+00
0.000000000000000000e+00
0.000000000000000000e+00
0.000000000000000000e+00
0.000000000000000000e+00
0.000000000000000000e+00
0.000000000000000000e+00
0.000000000000000000e+00
0.000000000000000000e+00
0.000000000000000000e+00
0.000000000000000000e+00
0.000000000000000000e+00
0.000000000000000000e+00
0.000000000000000000e+00
5.906318823794730610e-01
2.911695381355327683e+00
5.401623910867060729e+00
1.451372294615580572e+01
1.926390816809704987e+01
2.572945915937420125e+01
2.065050516642472900e+01
1.448100319118044332e+01
1.052346188160264795e+01
6.561665725915005964e+00
3.419417245001777683e+00
1.774898817348487645e+00
7.379150161546034203e-01
0.000000000000000000e+00
0.000000000000000000e+00
0.000000000000000000e+00
0.000000000000000000e+00
0.000000000000000000e+00
0.000000000000000000e+00
0.000000000000000000e+00
0.000000000000000000e+00
0.000000000000000000e+00
0.000000000000000000e+00
0.000000000000000000e+00
0.000000000000000000e+00
0.000000000000000000e+00
0.000000000000000000e+00
0.000000000000000000e+00
2.362527529517892244e+00
2.911695381355327683e+00
1.697653229129647556e+01
2.191868363296999433e+01
2.626896568376870533e+01
2.293951780474326441e+01
2.023332324387069292e+01
1.415188948228997923e+01
9.532121269567616295e+00
5.741457510175630219e+00
3.023918382929283055e+00
1.462399438227983683e+00
6.152343559006123730e-01
0.000000000000000000e+00
0.000000000000000000e+00
0.000000000000000000e+00
0.000000000000000000e+00
0.000000000000000000e+00
0.000000000000000000e+00
0.000000000000000000e+00
0.000000000000000000e+00
0.000000000000000000e+00
0.000000000000000000e+00
0.000000000000000000e+00
0.000000000000000000e+00
0.000000000000000000e+00
0.000000000000000000e+00
0.000000000000000000e+00
6.971348588680905678e-01
4.725055059035784488e+00
1.213206408898053112e+01
2.122066536412059534e+01
2.517686633516823491e+01
2.386097716275657277e+01
2.371450151436296849e+01
1.752164074726946552e+01
1.066328416805105483e+01
8.617037627689125401e+00
4.374443817276670643e+00
2.686096438242360218e+00
1.350094973856552416e+00
5.462646314792143354e-01
0.000000000000000000e+00
0.000000000000000000e+00
0.000000000000000000e+00
0.000000000000000000e+00
0.000000000000000000e+00
0.000000000000000000e+00
0.000000000000000000e+00
0.000000000000000000e+00
0.000000000000000000e+00
0.000000000000000000e+00
0.000000000000000000e+00
0.000000000000000000e+00
0.000000000000000000e+00
0.000000000000000000e+00
0.000000000000000000e+00
8.001600123562556677e-01
3.485674294340452839e+00
1.299390141234840712e+01
2.086715023304651595e+01
2.276398648151118564e+01
2.843504903736647549e+01
2.626896568376870533e+01
2.247452757897143982e+01
1.407988988619867854e+01
9.807588524935846763e+00
6.596227918540789936e+00
4.042454777572637603e+00
2.430670089820540891e+00
1.152341460506858484e+00
4.666137550456528893e-01
0.000000000000000000e+00
0.000000000000000000e+00
0.000000000000000000e+00
0.000000000000000000e+00
0.000000000000000000e+00
0.000000000000000000e+00
0.000000000000000000e+00
0.000000000000000000e+00
0.000000000000000000e+00
0.000000000000000000e+00
0.000000000000000000e+00
0.000000000000000000e+00
0.000000000000000000e+00
0.000000000000000000e+00
0.000000000000000000e+00
0.000000000000000000e+00
4.000800061781278671e+00
5.577078870944724542e+00
1.949085211852261068e+01
2.814638868643483249e+01
3.472472514128824628e+01
2.873124746483904346e+01
2.407988521012131145e+01
1.534467745047015619e+01
1.115961642832043310e+01
8.227842722261616615e+00
6.443713978227708417e+00
3.573764368578708606e+00
2.257639337663824186e+00
1.000974573745364360e+00
3.897094605580763704e-01
0.000000000000000000e+00
0.000000000000000000e+00
0.000000000000000000e+00
0.000000000000000000e+00
0.000000000000000000e+00
0.000000000000000000e+00
0.000000000000000000e+00
0.000000000000000000e+00
0.000000000000000000e+00
0.000000000000000000e+00
0.000000000000000000e+00
0.000000000000000000e+00
0.000000000000000000e+00
0.000000000000000000e+00
0.000000000000000000e+00
0.000000000000000000e+00
4.480276922856719857e+00
1.120224017298757957e+01
2.021691090717462558e+01
3.307538541325049408e+01
4.173430046609303190e+01
3.318140402389765597e+01
3.198943016703728759e+01
1.926390816809704987e+01
1.286472957968710062e+01
1.074243450576639880e+01
7.372147079146407656e+00
5.376116396036135114e+00
3.026958891419124775e+00
1.557276769410448125e+00
7.958968561975336975e-01
3.402709855303485686e-01
0.000000000000000000e+00
0.000000000000000000e+00
0.000000000000000000e+00
0.000000000000000000e+00
0.000000000000000000e+00
0.000000000000000000e+00
0.000000000000000000e+00
0.000000000000000000e+00
0.000000000000000000e+00
0.000000000000000000e+00
0.000000000000000000e+00
0.000000000000000000e+00
0.000000000000000000e+00
0.000000000000000000e+00
0.000000000000000000e+00
0.000000000000000000e+00
2.947761236064930124e+00
8.960553845713439713e+00
2.160432033361890447e+01
3.206820350793216789e+01
3.780044047228627591e+01
3.979317021185614323e+01
2.700811955433530187e+01
2.132628677802485839e+01
1.422902307870804783e+01
1.394970677315468777e+01
9.178002296188768838e+00
6.516451436031199584e+00
4.804189119862078527e+00
2.636383550590850611e+00
1.359527338374200811e+00
6.909165960242393822e-01
2.981567290252471469e-01
0.000000000000000000e+00
0.000000000000000000e+00
0.000000000000000000e+00
0.000000000000000000e+00
0.000000000000000000e+00
0.000000000000000000e+00
0.000000000000000000e+00
0.000000000000000000e+00
0.000000000000000000e+00
0.000000000000000000e+00
0.000000000000000000e+00
0.000000000000000000e+00
0.000000000000000000e+00
0.000000000000000000e+00
0.000000000000000000e+00
0.000000000000000000e+00
2.117777877150457844e+00
7.860696629506479738e+00
1.344083076857015868e+01
2.320464035833141381e+01
3.555387780227261629e+01
3.425664917800943954e+01
3.057280150423094156e+01
2.777978011303059702e+01
1.747570722088148187e+01
1.510465526816700432e+01
1.053977845082798659e+01
6.779206241503067609e+00
6.121514985362642491e+00
3.622206082435694086e+00
2.109106840472680489e+00
1.384246017253731642e+00
5.981433428478397651e-01
2.276611257449686343e-01
0.000000000000000000e+00
0.000000000000000000e+00
0.000000000000000000e+00
0.000000000000000000e+00
0.000000000000000000e+00
0.000000000000000000e+00
0.000000000000000000e+00
0.000000000000000000e+00
0.000000000000000000e+00
0.000000000000000000e+00
0.000000000000000000e+00
0.000000000000000000e+00
0.000000000000000000e+00
0.000000000000000000e+00
0.000000000000000000e+00
0.000000000000000000e+00
0.000000000000000000e+00
8.471111508601831375e+00
1.277363202294803024e+01
3.763432615199644715e+01
3.280656050660648049e+01
3.137106864906407466e+01
3.071285788373259962e+01
2.474941074152028619e+01
2.044900480542530019e+01
1.836430250329918223e+01
1.225885065242539618e+01
8.679817547740693584e+00
6.570615280226049570e+00
4.081009990241761365e+00
2.516480015165850403e+00
2.011463005265611947e+00
1.062903191819829729e+00
6.005847442472186382e-01
2.062988217206418173e-01
0.000000000000000000e+00
0.000000000000000000e+00
0.000000000000000000e+00
0.000000000000000000e+00
0.000000000000000000e+00
0.000000000000000000e+00
0.000000000000000000e+00
0.000000000000000000e+00
0.000000000000000000e+00
0.000000000000000000e+00
0.000000000000000000e+00
0.000000000000000000e+00
0.000000000000000000e+00
0.000000000000000000e+00
0.000000000000000000e+00
0.000000000000000000e+00
0.000000000000000000e+00
0.000000000000000000e+00
7.412222570026602675e+00
3.144278651802591895e+01
3.494615999828241115e+01
2.560512039540018137e+01
3.206820350793216789e+01
2.185337964804050159e+01
2.377884561440184186e+01
1.774819284999177071e+01
1.629091351099120999e+01
8.318505799860089311e+00
5.889876193109756741e+00
5.527660473840962929e+00
3.883541764907482818e+00
2.974021836105096295e+00
1.620887664437337783e+00
1.095861430325870911e+00
4.345694490894508877e-01
1.684570260204057424e-01
0.000000000000000000e+00
0.000000000000000000e+00
0.000000000000000000e+00
0.000000000000000000e+00
0.000000000000000000e+00
0.000000000000000000e+00
0.000000000000000000e+00
0.000000000000000000e+00
0.000000000000000000e+00
0.000000000000000000e+00
0.000000000000000000e+00
0.000000000000000000e+00
0.000000000000000000e+00
0.000000000000000000e+00
0.000000000000000000e+00
0.000000000000000000e+00
0.000000000000000000e+00
4.728166320983708815e+00
6.750701918744343999e+00
2.011888983292934796e+01
2.554726404589606048e+01
3.315404922913972285e+01
3.040608046953771648e+01
3.625101266114070597e+01
2.480653905993786879e+01
1.892601997880963083e+01
1.196073865977706241e+01
9.478349679122159088e+00
8.756321894589568444e+00
6.664859902729461716e+00
5.631955954479471060e+00
3.422782572460832284e+00
2.249580619617957300e+00
1.503715062188855534e+00
8.239559626510307710e-01
3.955070266993879202e-01
1.611328074977794178e-01
0.000000000000000000e+00
0.000000000000000000e+00
0.000000000000000000e+00
0.000000000000000000e+00
0.000000000000000000e+00
0.000000000000000000e+00
0.000000000000000000e+00
0.000000000000000000e+00
0.000000000000000000e+00
0.000000000000000000e+00
0.000000000000000000e+00
0.000000000000000000e+00
0.000000000000000000e+00
0.000000000000000000e+00
0.000000000000000000e+00
0.000000000000000000e+00
1.272255159682329495e+00
2.461430894977935768e+00
5.910207901229636462e+00
2.137722274269042089e+01
2.859000134153118111e+01
4.126865730490901996e+01
3.046588307542569396e+01
3.120624048189397115e+01
2.858252921359171239e+01
2.185337964804050159e+01
1.747017228813196610e+01
1.543321117390588704e+01
1.125554024395756336e+01
7.661781657765872389e+00
4.649902257718228960e+00
5.631955954479471060e+00
3.751896281351296825e+00
1.944552738991793595e+00
1.074082187277753953e+00
7.168416875063967630e-01
2.758783581298199783e-01
1.239013633410955412e-01
0.000000000000000000e+00
0.000000000000000000e+00
0.000000000000000000e+00
0.000000000000000000e+00
0.000000000000000000e+00
0.000000000000000000e+00
0.000000000000000000e+00
0.000000000000000000e+00
0.000000000000000000e+00
0.000000000000000000e+00
0.000000000000000000e+00
0.000000000000000000e+00
0.000000000000000000e+00
0.000000000000000000e+00
0.000000000000000000e+00
0.000000000000000000e+00
1.307719656795440555e+00
0.000000000000000000e+00
9.845723579911743073e+00
1.654858212344297996e+01
2.925304164789215733e+01
2.329555664865503672e+01
2.652985112458436845e+01
2.867377230628300566e+01
2.080416032126264625e+01
2.579398977811935012e+01
1.594706082424577254e+01
1.358791177965819585e+01
9.259926704343532933e+00
5.331571694506214598e+00
7.005057515671654578e+00
5.734879451185816102e+00
3.024568938516753125e+00
2.303795962233252670e+00
1.372625462817736786e+00
7.811506816565483291e-01
5.685296142292112220e-01
2.490229427366516257e-01
1.046752897192013976e-01
0.000000000000000000e+00
0.000000000000000000e+00
0.000000000000000000e+00
0.000000000000000000e+00
0.000000000000000000e+00
0.000000000000000000e+00
0.000000000000000000e+00
0.000000000000000000e+00
0.000000000000000000e+00
0.000000000000000000e+00
0.000000000000000000e+00
0.000000000000000000e+00
0.000000000000000000e+00
0.000000000000000000e+00
0.000000000000000000e+00
0.000000000000000000e+00
0.000000000000000000e+00
0.000000000000000000e+00
7.633530958093976970e+00
1.969144715982348615e+01
2.600491476541039759e+01
2.812792466143476844e+01
2.223666771007980714e+01
3.439054775409084641e+01
3.315404922913972285e+01
2.640528040775643603e+01
1.533696689509799249e+01
1.122200576520998894e+01
1.019093383474364600e+01
5.401623910867060729e+00
6.812563831869051789e+00
4.159252899930044656e+00
3.874918548098524429e+00
2.920273457878244550e+00
2.369618704011345223e+00
1.181983037426384442e+00
8.006794486979620373e-01
5.438109353496802800e-01
2.368159357397569553e-01
8.789062227151604734e-02
0.000000000000000000e+00
0.000000000000000000e+00
0.000000000000000000e+00
0.000000000000000000e+00
0.000000000000000000e+00
0.000000000000000000e+00
0.000000000000000000e+00
0.000000000000000000e+00
0.000000000000000000e+00
0.000000000000000000e+00
0.000000000000000000e+00
0.000000000000000000e+00
0.000000000000000000e+00
0.000000000000000000e+00
0.000000000000000000e+00
0.000000000000000000e+00
0.000000000000000000e+00
2.676109630080143464e+00
2.615439313590881110e+00
1.145029643714096501e+01
2.953717073973523100e+01
3.782533056786967052e+01
3.600374356663650133e+01
2.647222346438072194e+01
2.358208988851944099e+01
1.523294153771284698e+01
1.840368028419387869e+01
1.533696689509799249e+01
7.087582588553676288e+00
1.067621639830286817e+01
7.330775307605296831e+00
4.739174839561079544e+00
2.407988521012131233e+00
4.339908773870346792e+00
2.815977977239735530e+00
1.448100319118044377e+00
1.487010918052548147e+00
7.030356134908934962e-01
3.543010639399432060e-01
2.050777175478307734e-01
8.483886455375506952e-02
0.000000000000000000e+00
0.000000000000000000e+00
0.000000000000000000e+00
0.000000000000000000e+00
0.000000000000000000e+00
0.000000000000000000e+00
0.000000000000000000e+00
0.000000000000000000e+00
0.000000000000000000e+00
0.000000000000000000e+00
0.000000000000000000e+00
0.000000000000000000e+00
0.000000000000000000e+00
0.000000000000000000e+00
0.000000000000000000e+00
0.000000000000000000e+00
0.000000000000000000e+00
2.728153838002840281e+00
8.028328890240430837e+00
1.438491622474984588e+01
2.544510319364658812e+01
2.461430894977935679e+01
2.009470686418076113e+01
2.362745671560520577e+01
2.541333452580549590e+01
2.751243820327267997e+01
1.612899692228419113e+01
1.360272021005634713e+01
1.394269717736181136e+01
9.450110118071568976e+00
4.852825635592212805e+00
4.244133072824118891e+00
4.442976412088512461e+00
3.502528757835827289e+00
2.324951128859114480e+00
1.355841248300613477e+00
8.556956431152080711e-01
1.258240007582925202e+00
7.420931475737209126e-01
3.048637061808813775e-01
1.293942741670836838e-01
6.713866979074142871e-02
0.000000000000000000e+00
0.000000000000000000e+00
0.000000000000000000e+00
0.000000000000000000e+00
0.000000000000000000e+00
0.000000000000000000e+00
0.000000000000000000e+00
0.000000000000000000e+00
0.000000000000000000e+00
0.000000000000000000e+00
0.000000000000000000e+00
0.000000000000000000e+00
0.000000000000000000e+00
0.000000000000000000e+00
0.000000000000000000e+00
0.000000000000000000e+00
1.405830553902068791e+00
0.000000000000000000e+00
0.000000000000000000e+00
1.338054815040071688e+01
2.353895382231792865e+01
2.162833771459960275e+01
3.199860163471316454e+01
4.137145530860745168e+01
2.812792466143476844e+01
2.223666771007980714e+01
2.259950280983112947e+01
1.075266461485612624e+01
7.201440111206300898e+00
8.365618306417086814e+00
9.450110118071568976e+00
1.941130254236885122e+00
5.015793631519413154e+00
5.035373267033646627e+00
3.283620710471088167e+00
1.704964161163350589e+00
1.877318651493157020e+00
7.898729013371150742e-01
9.150836418784911164e-01
4.686904089939289975e-01
4.119779813255153855e-01
1.367184783652204971e-01
6.652831824718923037e-02
0.000000000000000000e+00
0.000000000000000000e+00
0.000000000000000000e+00
0.000000000000000000e+00
0.000000000000000000e+00
0.000000000000000000e+00
0.000000000000000000e+00
0.000000000000000000e+00
0.000000000000000000e+00
0.000000000000000000e+00
0.000000000000000000e+00
0.000000000000000000e+00
0.000000000000000000e+00
0.000000000000000000e+00
0.000000000000000000e+00
0.000000000000000000e+00
0.000000000000000000e+00
0.000000000000000000e+00
1.386476391214087167e+00
1.091261535201136113e+01
1.605665778048086167e+01
3.007755210629513343e+01
2.671735835332891895e+01
3.446003252969109809e+01
2.364083160491854585e+01
1.350140383748868800e+01
1.482444514005320535e+01
1.179104494425972049e+01
8.960553845713439713e+00
5.601120086493789785e+00
8.365618306417086814e+00
8.268846353312623521e+00
3.396977944914548964e+00
3.858302793476471759e+00
2.665785847253107299e+00
1.313448284188435178e+00
3.254931580402760538e+00
2.085909612770174615e+00
9.873411266713939538e-01
4.194133358609750672e-01
6.249205453252386633e-01
1.730307521567164553e-01
1.464840839627362667e-01
4.821777194062338429e-02
0.000000000000000000e+00
0.000000000000000000e+00
0.000000000000000000e+00
0.000000000000000000e+00
0.000000000000000000e+00
0.000000000000000000e+00
0.000000000000000000e+00
0.000000000000000000e+00
0.000000000000000000e+00
0.000000000000000000e+00
0.000000000000000000e+00
0.000000000000000000e+00
0.000000000000000000e+00
0.000000000000000000e+00
0.000000000000000000e+00
0.000000000000000000e+00
0.000000000000000000e+00
0.000000000000000000e+00
1.405830553902068791e+00
5.545905564856348668e+00
1.909707686601988286e+01
2.542304148576136313e+01
2.746211279270425010e+01
3.053412383237590788e+01
3.322931708220212954e+01
1.063837422221334528e+01
1.125116986457390666e+01
1.164777832432751836e+01
5.895522472129860247e+00
1.254477538399881453e+01
1.040208016063132312e+01
3.485674294340452839e+00
5.315686941415257216e+00
2.911695381355327683e+00
3.472472514128824628e+00
2.369587419780539772e+00
3.721436805200566411e+00
6.199869676957638909e-01
6.257728838310523400e-01
1.118986610227579837e+00
2.668993955478932145e-01
3.710465737868604563e-01
2.966241465543710820e-01
1.562496895602520086e-01
4.089355341799704585e-02
0.000000000000000000e+00
0.000000000000000000e+00
0.000000000000000000e+00
0.000000000000000000e+00
0.000000000000000000e+00
0.000000000000000000e+00
0.000000000000000000e+00
0.000000000000000000e+00
0.000000000000000000e+00
0.000000000000000000e+00
0.000000000000000000e+00
0.000000000000000000e+00
0.000000000000000000e+00
0.000000000000000000e+00
0.000000000000000000e+00
0.000000000000000000e+00
0.000000000000000000e+00
1.437240467635767294e+00
1.422619279714792961e+00
4.217491661706206152e+00
1.386476391214087123e+01
1.909707686601988286e+01
2.274693185568121834e+01
1.830807519513616910e+01
1.399480675650562489e+01
1.107643902740071162e+01
1.300245738270519880e+01
9.000935891659125332e+00
1.058888938575228877e+01
6.878109550818169993e+00
8.064498461142095564e+00
7.201440111206300898e+00
6.971348588680905678e+00
4.134423176656311760e+00
2.426412817796106403e+00
3.086642234781177496e+00
3.850579557143376963e+00
1.970172426282652767e+00
1.239973935391527782e+00
7.300683644695611374e-01
3.291137088904646513e-01
3.431563657044341964e-01
1.952876704141370823e-01
1.812703117832267785e-01
9.033185177702068858e-02
3.631591684135558606e-02
0.000000000000000000e+00
0.000000000000000000e+00
0.000000000000000000e+00
0.000000000000000000e+00
0.000000000000000000e+00
0.000000000000000000e+00
0.000000000000000000e+00
0.000000000000000000e+00
0.000000000000000000e+00
0.000000000000000000e+00
0.000000000000000000e+00
0.000000000000000000e+00
0.000000000000000000e+00
0.000000000000000000e+00
0.000000000000000000e+00
0.000000000000000000e+00
0.000000000000000000e+00
0.000000000000000000e+00
0.000000000000000000e+00
2.845238559429585923e+00
1.405830553902068836e+01
2.911600421549583118e+01
3.410192297503550662e+01
2.809915111584150793e+01
1.961579485193160721e+01
7.633530958093976970e+00
1.353786992237864695e+01
1.063837422221334528e+01
6.750701918744343999e+00
6.353333631451373975e+00
3.930348314753239869e+00
8.960553845713439269e-01
3.200640049425022671e+00
4.182809153208543407e+00
2.953159411897365416e+00
1.455847690677663842e+00
1.929151396738235880e+00
2.073388992307972245e+00
1.094540236823696056e+00
1.549967419239409727e+00
6.257728838310523400e-01
2.632909671123717099e-01
3.812848507827046318e-01
2.734027385797919152e-01
2.059889906627576928e-01
9.277325317639963098e-02
3.387451066714680659e-02
0.000000000000000000e+00
0.000000000000000000e+00
0.000000000000000000e+00
0.000000000000000000e+00
0.000000000000000000e+00
0.000000000000000000e+00
0.000000000000000000e+00
0.000000000000000000e+00
0.000000000000000000e+00
0.000000000000000000e+00
0.000000000000000000e+00
0.000000000000000000e+00
0.000000000000000000e+00
0.000000000000000000e+00
0.000000000000000000e+00
0.000000000000000000e+00
0.000000000000000000e+00
0.000000000000000000e+00
0.000000000000000000e+00
2.874480935271534587e+00
8.535715678288758212e+00
1.546413609292275737e+01
1.663771669456904689e+01
1.636892302801704346e+01
1.204249333536064626e+01
1.700035553834072743e+01
8.905786117776306909e+00
7.384292684933807749e+00
7.092249481475563222e+00
2.250233972914781333e+00
2.117777877150457844e+00
7.860696629506479738e+00
7.168443076570751415e+00
0.000000000000000000e+00
2.788539435472362271e+00
5.906318823794730610e-01
1.941130254236885122e+00
1.543321117390588748e+00
1.480992137362837413e+00
1.532356331553174522e+00
7.749837096197048636e-01
7.300683644695611374e-01
5.924046760028363057e-01
2.668993955478932145e-01
3.319890397040330399e-01
1.400725136506752178e-01
5.371083078633662883e-02
2.380371019853559644e-02
0.000000000000000000e+00
0.000000000000000000e+00
0.000000000000000000e+00
0.000000000000000000e+00
0.000000000000000000e+00
0.000000000000000000e+00
0.000000000000000000e+00
0.000000000000000000e+00
0.000000000000000000e+00
0.000000000000000000e+00
0.000000000000000000e+00
0.000000000000000000e+00
0.000000000000000000e+00
0.000000000000000000e+00
0.000000000000000000e+00
0.000000000000000000e+00
0.000000000000000000e+00
0.000000000000000000e+00
0.000000000000000000e+00
2.900048006555250080e+00
8.623442805814603318e+00
2.560714703486627286e+01
1.546413609292275737e+01
1.386476391214087123e+01
1.773299994701846316e+01
8.028328890240430837e+00
1.046175725436352444e+01
8.905786117776306909e+00
2.461430894977935768e+00
1.182041580245927292e+01
6.750701918744343999e+00
3.176666815725686988e+00
1.965174157376619934e+00
1.792110769142687854e+00
4.000800061781278671e+00
1.394269717736181136e+00
5.315686941415257216e+00
1.455847690677663842e+00
1.157490838042941617e+00
8.885952824177023590e-01
1.532356331553174522e+00
1.549967419239409727e+00
3.128864419155261700e-01
1.316454835561858550e-01
3.050278806261637055e-01
1.757589033727233740e-01
8.239559626510307988e-02
5.371083078633662883e-02
2.563476482919218105e-02
0.000000000000000000e+00
0.000000000000000000e+00
0.000000000000000000e+00
0.000000000000000000e+00
0.000000000000000000e+00
0.000000000000000000e+00
0.000000000000000000e+00
0.000000000000000000e+00
0.000000000000000000e+00
0.000000000000000000e+00
0.000000000000000000e+00
0.000000000000000000e+00
0.000000000000000000e+00
0.000000000000000000e+00
0.000000000000000000e+00
0.000000000000000000e+00
0.000000000000000000e+00
0.000000000000000000e+00
1.471127674303734700e+00
1.461243764860584493e+00
1.160019202622100032e+01
1.149792374108613835e+01
1.138095423771834369e+01
1.405830553902068836e+01
1.663771669456904689e+01
6.820384595007100259e+00
1.070443852032057386e+01
5.230878627181762219e+00
6.361275798411647031e+00
7.384292684933807749e+00
1.182041580245927204e+00
6.750701918744343999e+00
3.176666815725686988e+00
2.947761236064930124e+00
3.584221538285375708e+00
8.001600123562556677e-01
1.394269717736181136e+00
1.181263764758946122e+00
9.705651271184425610e-01
1.157490838042941617e+00
5.923968549451349430e-01
4.378160947294784111e-01
1.084977193467586698e+00
6.257728838310523400e-01
4.607591924466504785e-01
1.906424253913523159e-01
1.562301363313096658e-01
1.071142751446339941e-01
3.906242239006300215e-02
2.136230402432681696e-02
0.000000000000000000e+00
0.000000000000000000e+00
0.000000000000000000e+00
0.000000000000000000e+00
0.000000000000000000e+00
0.000000000000000000e+00
0.000000000000000000e+00
0.000000000000000000e+00
0.000000000000000000e+00
0.000000000000000000e+00
0.000000000000000000e+00
0.000000000000000000e+00
0.000000000000000000e+00
0.000000000000000000e+00
0.000000000000000000e+00
0.000000000000000000e+00
0.000000000000000000e+00
0.000000000000000000e+00
1.479865982045772466e+00
2.942255348607469401e+00
1.168995011888467594e+01
5.800096013110500159e+00
1.293516420872190587e+01
8.535715678288758212e+00
1.686996664682482461e+01
9.705334738498610392e+00
1.227669227101278082e+01
1.338054815040071732e+00
6.538598283977202996e+00
5.089020638729317980e+00
6.153577237444839199e+00
2.364083160491854407e+00
1.125116986457390666e+00
4.235555754300915687e+00
3.930348314753239869e+00
2.688166153714031559e+00
8.001600123562556677e-01
6.971348588680905678e-01
1.181263764758946122e+00
4.852825635592212805e-01
2.314981676085883233e+00
2.961984274725674715e-01
2.189080473647392056e-01
4.649902257718229182e-01
2.085909612770174559e-01
1.316454835561858550e-01
2.668993955478932145e-01
2.734027385797919152e-01
7.415603663859277050e-02
2.929681679254725335e-02
1.525878858880486827e-02
0.000000000000000000e+00
0.000000000000000000e+00
0.000000000000000000e+00
0.000000000000000000e+00
0.000000000000000000e+00
0.000000000000000000e+00
0.000000000000000000e+00
0.000000000000000000e+00
0.000000000000000000e+00
0.000000000000000000e+00
0.000000000000000000e+00
0.000000000000000000e+00
0.000000000000000000e+00
0.000000000000000000e+00
0.000000000000000000e+00
0.000000000000000000e+00
0.000000000000000000e+00
0.000000000000000000e+00
0.000000000000000000e+00
4.439597946137316953e+00
2.942255348607469401e+00
1.168995011888467594e+01
1.015016802294337595e+01
1.293516420872190587e+01
8.535715678288758212e+00
8.434983323412412304e+00
5.545905564856348668e+00
8.184461514008521732e+00
0.000000000000000000e+00
9.154037597568084550e+00
2.544510319364658990e+00
2.461430894977935768e+00
3.546124740737781611e+00
4.500467945829562666e+00
0.000000000000000000e+00
0.000000000000000000e+00
8.960553845713439269e-01
8.001600123562556677e-01
2.091404576604271703e+00
1.181263764758946122e+00
1.455847690677663842e+00
1.929151396738235880e+00
5.923968549451349430e-01
4.378160947294784111e-01
3.099934838478819454e-01
2.085909612770174559e-01
1.316454835561858550e-01
1.143854552348113895e-01
1.171726022484822494e-01
9.887471551812368475e-02
3.662102099068406669e-02
1.342773395814828540e-02
0.000000000000000000e+00
0.000000000000000000e+00
0.000000000000000000e+00
0.000000000000000000e+00
0.000000000000000000e+00
0.000000000000000000e+00
0.000000000000000000e+00
0.000000000000000000e+00
0.000000000000000000e+00
0.000000000000000000e+00
0.000000000000000000e+00
0.000000000000000000e+00
0.000000000000000000e+00
0.000000000000000000e+00
0.000000000000000000e+00
0.000000000000000000e+00
0.000000000000000000e+00
0.000000000000000000e+00
0.000000000000000000e+00
0.000000000000000000e+00
5.919463928183089863e+00
1.324014906873361141e+01
7.306218824302922243e+00
1.450024003277625084e+01
1.293516420872190587e+01
8.535715678288758212e+00
4.217491661706206152e+00
4.159429173642261723e+00
4.092230757004260866e+00
2.676109630080143464e+00
5.230878627181762219e+00
2.544510319364658990e+00
0.000000000000000000e+00
4.728166320983708815e+00
0.000000000000000000e+00
2.117777877150457844e+00
1.965174157376619934e+00
4.480276922856719857e+00
1.600320024712511335e+00
6.971348588680905678e-01
1.181263764758946122e+00
4.852825635592212805e-01
7.716605586952943741e-01
5.923968549451349430e-01
0.000000000000000000e+00
4.649902257718229182e-01
2.085909612770174559e-01
1.316454835561858550e-01
1.906424253913523159e-01
9.764383520706854114e-02
6.591647701208246113e-02
3.662102099068406669e-02
1.434326127347657770e-02
0.000000000000000000e+00
0.000000000000000000e+00
0.000000000000000000e+00
0.000000000000000000e+00
0.000000000000000000e+00
0.000000000000000000e+00
0.000000000000000000e+00
0.000000000000000000e+00
0.000000000000000000e+00
0.000000000000000000e+00
0.000000000000000000e+00
0.000000000000000000e+00
0.000000000000000000e+00
0.000000000000000000e+00
0.000000000000000000e+00
0.000000000000000000e+00
0.000000000000000000e+00
0.000000000000000000e+00
3.001356539728552875e+00
0.000000000000000000e+00
2.975236072815895749e+00
1.479865982045772554e+01
1.471127674303734700e+01
8.767462589163507403e+00
5.800096013110500159e+00
2.874480935271534587e+00
1.422619279714792961e+00
2.811661107804137583e+00
2.772952782428174334e+00
2.728153838002840281e+00
2.676109630080143464e+00
0.000000000000000000e+00
1.272255159682329495e+00
3.692146342466903874e+00
3.546124740737781611e+00
0.000000000000000000e+00
0.000000000000000000e+00
3.930348314753239869e+00
1.792110769142687854e+00
2.400480037068767114e+00
0.000000000000000000e+00
5.906318823794730610e-01
1.455847690677663842e+00
7.716605586952943741e-01
5.923968549451349430e-01
1.094540236823696056e+00
1.549967419239409727e-01
4.171819225540349119e-01
6.582274177809292748e-02
2.287709104696227791e-01
1.562301363313096658e-01
4.119779813255153994e-02
2.685541539316831441e-02
1.037597624038731105e-02
0.000000000000000000e+00
0.000000000000000000e+00
0.000000000000000000e+00
0.000000000000000000e+00
0.000000000000000000e+00
0.000000000000000000e+00
0.000000000000000000e+00
0.000000000000000000e+00
0.000000000000000000e+00
0.000000000000000000e+00
0.000000000000000000e+00
0.000000000000000000e+00
0.000000000000000000e+00
0.000000000000000000e+00
0.000000000000000000e+00
0.000000000000000000e+00
0.000000000000000000e+00
0.000000000000000000e+00
0.000000000000000000e+00
0.000000000000000000e+00
4.483553369481915851e+00
1.190094429126358300e+01
1.035906187432040682e+01
8.826766045822408202e+00
1.461243764860584449e+01
0.000000000000000000e+00
4.311721402907301659e+00
7.113096398573964585e+00
0.000000000000000000e+00
2.772952782428174334e+00
2.728153838002840281e+00
9.366383705280501459e+00
1.307719656795440555e+00
2.544510319364658990e+00
1.230715447488967884e+00
1.182041580245927204e+00
1.125116986457390666e+00
1.058888938575228922e+00
1.965174157376619934e+00
0.000000000000000000e+00
0.000000000000000000e+00
6.971348588680905678e-01
5.906318823794730610e-01
4.852825635592212805e-01
7.716605586952943741e-01
5.923968549451349430e-01
4.378160947294784111e-01
0.000000000000000000e+00
4.171819225540349119e-01
1.974682253342787686e-01
2.287709104696227791e-01
5.858630112424112468e-02
3.295823850604123056e-02
2.441401399378937548e-02
7.934570066178531569e-03
0.000000000000000000e+00
0.000000000000000000e+00
0.000000000000000000e+00
0.000000000000000000e+00
0.000000000000000000e+00
0.000000000000000000e+00
0.000000000000000000e+00
0.000000000000000000e+00
0.000000000000000000e+00
0.000000000000000000e+00
0.000000000000000000e+00
0.000000000000000000e+00
0.000000000000000000e+00
0.000000000000000000e+00
0.000000000000000000e+00
0.000000000000000000e+00
0.000000000000000000e+00
0.000000000000000000e+00
0.000000000000000000e+00
0.000000000000000000e+00
4.502034809592829312e+00
8.967106738963831702e+00
1.190094429126358300e+01
8.879195892274633906e+00
5.884510697214938801e+00
4.383731294581753701e+00
4.350072009832874897e+00
0.000000000000000000e+00
0.000000000000000000e+00
0.000000000000000000e+00
1.386476391214087167e+00
2.728153838002840281e+00
0.000000000000000000e+00
1.307719656795440555e+00
0.000000000000000000e+00
1.230715447488967884e+00
1.182041580245927204e+00
1.125116986457390666e+00
0.000000000000000000e+00
0.000000000000000000e+00
8.960553845713439269e-01
0.000000000000000000e+00
1.394269717736181136e+00
1.181263764758946122e+00
0.000000000000000000e+00
3.858302793476471870e-01
0.000000000000000000e+00
6.567241420942175889e-01
0.000000000000000000e+00
0.000000000000000000e+00
3.291137088904646513e-01
1.906424253913523159e-01
5.858630112424112468e-02
5.767691738557215175e-02
1.464840839627362667e-02
8.239745837954629004e-03
0.000000000000000000e+00
0.000000000000000000e+00
0.000000000000000000e+00
0.000000000000000000e+00
0.000000000000000000e+00
0.000000000000000000e+00
0.000000000000000000e+00
0.000000000000000000e+00
0.000000000000000000e+00
0.000000000000000000e+00
0.000000000000000000e+00
0.000000000000000000e+00
0.000000000000000000e+00
0.000000000000000000e+00
0.000000000000000000e+00
0.000000000000000000e+00
0.000000000000000000e+00
0.000000000000000000e+00
0.000000000000000000e+00
1.511150001924220776e+00
3.012390419957152510e+00
1.350610442877848882e+01
1.345066010844574755e+01
1.190094429126358300e+01
1.331879383841195263e+01
0.000000000000000000e+00
4.383731294581753701e+00
4.350072009832874897e+00
1.437240467635767294e+00
4.267857839144379106e+00
2.811661107804137583e+00
5.545905564856348668e+00
4.092230757004260866e+00
2.676109630080143464e+00
1.307719656795440555e+00
1.272255159682329495e+00
3.692146342466903874e+00
0.000000000000000000e+00
0.000000000000000000e+00
0.000000000000000000e+00
9.825870786883099672e-01
0.000000000000000000e+00
2.400480037068767114e+00
1.394269717736181136e+00
0.000000000000000000e+00
4.852825635592212805e-01
7.716605586952943741e-01
8.885952824177023590e-01
2.189080473647392056e-01
0.000000000000000000e+00
1.042954806385087280e-01
6.582274177809292748e-02
7.625697015654092636e-02
5.858630112424112468e-02
2.471867887953092119e-02
9.765605597515750538e-03
6.713866979074142698e-03
0.000000000000000000e+00
0.000000000000000000e+00
0.000000000000000000e+00
0.000000000000000000e+00
0.000000000000000000e+00
0.000000000000000000e+00
0.000000000000000000e+00
0.000000000000000000e+00
0.000000000000000000e+00
0.000000000000000000e+00
0.000000000000000000e+00
0.000000000000000000e+00
0.000000000000000000e+00
0.000000000000000000e+00
0.000000000000000000e+00
0.000000000000000000e+00
0.000000000000000000e+00
0.000000000000000000e+00
0.000000000000000000e+00
0.000000000000000000e+00
6.044600007696883104e+00
1.506195209978576255e+00
6.002713079457105749e+00
1.046162452879113580e+01
7.438090182039739595e+00
2.959731964091544931e+00
4.413383022911204101e+00
0.000000000000000000e+00
1.450024003277625040e+00
1.437240467635767294e+00
1.422619279714792961e+00
0.000000000000000000e+00
1.386476391214087167e+00
0.000000000000000000e+00
1.338054815040071732e+00
1.307719656795440555e+00
1.272255159682329495e+00
0.000000000000000000e+00
0.000000000000000000e+00
0.000000000000000000e+00
1.058888938575228922e+00
9.825870786883099672e-01
0.000000000000000000e+00
0.000000000000000000e+00
0.000000000000000000e+00
5.906318823794730610e-01
0.000000000000000000e+00
7.716605586952943741e-01
0.000000000000000000e+00
0.000000000000000000e+00
0.000000000000000000e+00
0.000000000000000000e+00
1.316454835561858550e-01
3.812848507827046318e-02
1.952876704141370823e-02
2.471867887953092119e-02
7.324204198136813337e-03
7.019042750850240132e-03
0.000000000000000000e+00
0.000000000000000000e+00
0.000000000000000000e+00
0.000000000000000000e+00
0.000000000000000000e+00
0.000000000000000000e+00
0.000000000000000000e+00
0.000000000000000000e+00
0.000000000000000000e+00
0.000000000000000000e+00
0.000000000000000000e+00
0.000000000000000000e+00
0.000000000000000000e+00
0.000000000000000000e+00
0.000000000000000000e+00
0.000000000000000000e+00
0.000000000000000000e+00
0.000000000000000000e+00
0.000000000000000000e+00
0.000000000000000000e+00
4.546836305209025042e+00
9.066900011545325100e+00
9.037171259871456641e+00
7.503391349321382187e+00
4.483553369481915851e+00
1.487618036407947875e+00
8.879195892274633906e+00
1.471127674303734700e+00
0.000000000000000000e+00
0.000000000000000000e+00
1.437240467635767294e+00
1.422619279714792961e+00
1.405830553902068791e+00
1.386476391214087167e+00
1.364076919001420141e+00
1.338054815040071732e+00
0.000000000000000000e+00
0.000000000000000000e+00
1.230715447488967884e+00
0.000000000000000000e+00
0.000000000000000000e+00
1.058888938575228922e+00
0.000000000000000000e+00
0.000000000000000000e+00
8.001600123562556677e-01
1.394269717736181136e+00
0.000000000000000000e+00
0.000000000000000000e+00
0.000000000000000000e+00
5.923968549451349430e-01
2.189080473647392056e-01
3.099934838478819454e-01
3.128864419155261700e-01
6.582274177809292748e-02
3.812848507827046318e-02
3.905753408282741646e-02
2.471867887953092119e-02
9.765605597515750538e-03
7.324218522626336700e-03
0.000000000000000000e+00
0.000000000000000000e+00
0.000000000000000000e+00
0.000000000000000000e+00
0.000000000000000000e+00
0.000000000000000000e+00
0.000000000000000000e+00
0.000000000000000000e+00
0.000000000000000000e+00
0.000000000000000000e+00
0.000000000000000000e+00
0.000000000000000000e+00
0.000000000000000000e+00
0.000000000000000000e+00
0.000000000000000000e+00
0.000000000000000000e+00
0.000000000000000000e+00
0.000000000000000000e+00
0.000000000000000000e+00
0.000000000000000000e+00
0.000000000000000000e+00
6.062448406945366131e+00
7.555750009621103658e+00
4.518585629935728321e+00
4.502034809592829312e+00
7.472588949136525827e+00
0.000000000000000000e+00
1.479865982045772466e+00
0.000000000000000000e+00
2.922487529721168986e+00
0.000000000000000000e+00
0.000000000000000000e+00
0.000000000000000000e+00
0.000000000000000000e+00
0.000000000000000000e+00
1.364076919001420141e+00
0.000000000000000000e+00
0.000000000000000000e+00
1.272255159682329495e+00
1.230715447488967884e+00
0.000000000000000000e+00
0.000000000000000000e+00
1.058888938575228922e+00
0.000000000000000000e+00
0.000000000000000000e+00
0.000000000000000000e+00
0.000000000000000000e+00
0.000000000000000000e+00
0.000000000000000000e+00
0.000000000000000000e+00
0.000000000000000000e+00
2.189080473647392056e-01
0.000000000000000000e+00
0.000000000000000000e+00
0.000000000000000000e+00
3.812848507827046318e-02
5.858630112424112468e-02
4.119779813255153994e-02
1.708980979565256214e-02
1.831054630656584175e-03
0.000000000000000000e+00
0.000000000000000000e+00
0.000000000000000000e+00
0.000000000000000000e+00
0.000000000000000000e+00
0.000000000000000000e+00
0.000000000000000000e+00
0.000000000000000000e+00
0.000000000000000000e+00
0.000000000000000000e+00
0.000000000000000000e+00
0.000000000000000000e+00
0.000000000000000000e+00
0.000000000000000000e+00
0.000000000000000000e+00
0.000000000000000000e+00
0.000000000000000000e+00
0.000000000000000000e+00
0.000000000000000000e+00
0.000000000000000000e+00
1.523287812427410515e+00
7.598204979001566883e+00
3.031224203472683065e+00
9.066900011545325100e+00
1.506195209978576255e+00
4.502034809592829312e+00
4.483553369481915851e+00
1.487618036407947875e+00
2.959731964091544931e+00
1.471127674303734700e+00
0.000000000000000000e+00
0.000000000000000000e+00
0.000000000000000000e+00
1.422619279714792961e+00
0.000000000000000000e+00
0.000000000000000000e+00
1.364076919001420141e+00
1.338054815040071732e+00
1.307719656795440555e+00
1.272255159682329495e+00
0.000000000000000000e+00
1.182041580245927204e+00
0.000000000000000000e+00
2.117777877150457844e+00
9.825870786883099672e-01
0.000000000000000000e+00
8.001600123562556677e-01
0.000000000000000000e+00
5.906318823794730610e-01
0.000000000000000000e+00
0.000000000000000000e+00
0.000000000000000000e+00
0.000000000000000000e+00
0.000000000000000000e+00
1.042954806385087280e-01
6.582274177809292748e-02
7.625697015654092636e-02
1.952876704141370823e-02
8.239559626510307641e-03
1.464840839627362667e-02
4.577636576641460654e-03
0.000000000000000000e+00
0.000000000000000000e+00
0.000000000000000000e+00
0.000000000000000000e+00
0.000000000000000000e+00
0.000000000000000000e+00
0.000000000000000000e+00
0.000000000000000000e+00
0.000000000000000000e+00
0.000000000000000000e+00
0.000000000000000000e+00
0.000000000000000000e+00
0.000000000000000000e+00
0.000000000000000000e+00
0.000000000000000000e+00
0.000000000000000000e+00
0.000000000000000000e+00
0.000000000000000000e+00
0.000000000000000000e+00
0.000000000000000000e+00
1.526596647263466888e+00
1.523287812427410515e+00
6.078563983201253684e+00
9.093672610418050084e+00
3.022300003848441552e+00
4.518585629935728321e+00
0.000000000000000000e+00
0.000000000000000000e+00
0.000000000000000000e+00
0.000000000000000000e+00
1.471127674303734700e+00
2.922487529721168986e+00
1.450024003277625040e+00
2.874480935271534587e+00
1.422619279714792961e+00
0.000000000000000000e+00
0.000000000000000000e+00
1.364076919001420141e+00
0.000000000000000000e+00
1.307719656795440555e+00
1.272255159682329495e+00
0.000000000000000000e+00
0.000000000000000000e+00
0.000000000000000000e+00
1.058888938575228922e+00
0.000000000000000000e+00
0.000000000000000000e+00
0.000000000000000000e+00
1.394269717736181136e+00
0.000000000000000000e+00
0.000000000000000000e+00
3.858302793476471870e-01
0.000000000000000000e+00
0.000000000000000000e+00
1.549967419239409727e-01
2.085909612770174559e-01
0.000000000000000000e+00
3.812848507827046318e-02
3.905753408282741646e-02
0.000000000000000000e+00
0.000000000000000000e+00
3.662109261313168350e-03
0.000000000000000000e+00
0.000000000000000000e+00
0.000000000000000000e+00
0.000000000000000000e+00
0.000000000000000000e+00
0.000000000000000000e+00
0.000000000000000000e+00
0.000000000000000000e+00
0.000000000000000000e+00
0.000000000000000000e+00
0.000000000000000000e+00
0.000000000000000000e+00
0.000000000000000000e+00
0.000000000000000000e+00
0.000000000000000000e+00
0.000000000000000000e+00
0.000000000000000000e+00
0.000000000000000000e+00
0.000000000000000000e+00
0.000000000000000000e+00
0.000000000000000000e+00
3.053193294526933776e+00
7.616439062137052574e+00
6.078563983201253684e+00
4.546836305209025042e+00
1.511150001924220776e+00
4.518585629935728321e+00
3.001356539728552875e+00
0.000000000000000000e+00
0.000000000000000000e+00
0.000000000000000000e+00
0.000000000000000000e+00
1.461243764860584493e+00
0.000000000000000000e+00
0.000000000000000000e+00
0.000000000000000000e+00
0.000000000000000000e+00
0.000000000000000000e+00
0.000000000000000000e+00
0.000000000000000000e+00
1.307719656795440555e+00
1.272255159682329495e+00
1.230715447488967884e+00
1.182041580245927204e+00
0.000000000000000000e+00
0.000000000000000000e+00
9.825870786883099672e-01
0.000000000000000000e+00
0.000000000000000000e+00
0.000000000000000000e+00
0.000000000000000000e+00
0.000000000000000000e+00
0.000000000000000000e+00
0.000000000000000000e+00
0.000000000000000000e+00
0.000000000000000000e+00
1.042954806385087280e-01
0.000000000000000000e+00
7.625697015654092636e-02
5.858630112424112468e-02
2.471867887953092119e-02
4.882802798757875269e-03
2.136230402432681610e-03
0.000000000000000000e+00
0.000000000000000000e+00
0.000000000000000000e+00
0.000000000000000000e+00
0.000000000000000000e+00
0.000000000000000000e+00
0.000000000000000000e+00
0.000000000000000000e+00
0.000000000000000000e+00
0.000000000000000000e+00
0.000000000000000000e+00
0.000000000000000000e+00
0.000000000000000000e+00
0.000000000000000000e+00
0.000000000000000000e+00
0.000000000000000000e+00
0.000000000000000000e+00
0.000000000000000000e+00
0.000000000000000000e+00
0.000000000000000000e+00
0.000000000000000000e+00
3.059211314264286496e+00
6.106386589053867553e+00
1.523287812427410515e+00
3.039281991600626842e+00
3.031224203472683065e+00
0.000000000000000000e+00
0.000000000000000000e+00
1.500678269864276437e+00
0.000000000000000000e+00
1.487618036407947875e+00
0.000000000000000000e+00
0.000000000000000000e+00
1.461243764860584493e+00
0.000000000000000000e+00
0.000000000000000000e+00
0.000000000000000000e+00
0.000000000000000000e+00
0.000000000000000000e+00
0.000000000000000000e+00
0.000000000000000000e+00
0.000000000000000000e+00
0.000000000000000000e+00
0.000000000000000000e+00
0.000000000000000000e+00
0.000000000000000000e+00
0.000000000000000000e+00
0.000000000000000000e+00
0.000000000000000000e+00
0.000000000000000000e+00
6.971348588680905678e-01
0.000000000000000000e+00
0.000000000000000000e+00
3.858302793476471870e-01
0.000000000000000000e+00
0.000000000000000000e+00
1.549967419239409727e-01
0.000000000000000000e+00
0.000000000000000000e+00
3.812848507827046318e-02
5.858630112424112468e-02
8.239559626510307641e-03
4.882802798757875269e-03
3.356933489537071349e-03
0.000000000000000000e+00
