# pd_vector
0.000000000000000000e+00
0.000000000000000000e+00
0.000000000000000000e+00
0.000000000000000000e+00
0.000000000000000000e+00
0.000000000000000000e+00
0.000000000000000000e+00
0.000000000000000000e+00
0.000000000000000000e+00
0.000000000000000000e+00
0.000000000000000000e+00
0.000000000000000000e+00
0.000000000000000000e+00
0.000000000000000000e+00
0.000000000000000000e+00
0.000000000000000000e+00
0.000000000000000000e+00
0.000000000000000000e+00
0.000000000000000000e+00
5.493163891969752959e-03
0.000000000000000000e+00
0.000000000000000000e+00
0.000000000000000000e+00
0.000000000000000000e+00
0.000000000000000000e+00
0.000000000000000000e+00
1.147460901878126216e-01
0.000000000000000000e+00
0.000000000000000000e+00
0.000000000000000000e+00
0.000000000000000000e+00
0.000000000000000000e+00
0.000000000000000000e+00
0.000000000000000000e+00
1.343688923130156754e+00
0.000000000000000000e+00
0.000000000000000000e+00
0.000000000000000000e+00
0.000000000000000000e+00
0.000000000000000000e+00
0.000000000000000000e+00
0.000000000000000000e+00
7.324204198136813337e-03
3.006896879309887360e+00
0.000000000000000000e+00
0.000000000000000000e+00
0.000000000000000000e+00
0.000000000000000000e+00
0.000000000000000000e+00
0.000000000000000000e+00
0.000000000000000000e+00
0.000000000000000000e+00
1.635738937583888220e+00
3.811645389483456103e+00
0.000000000000000000e+00
0.000000000000000000e+00
0.000000000000000000e+00
0.000000000000000000e+00
0.000000000000000000e+00
0.000000000000000000e+00
0.000000000000000000e+00
0.000000000000000000e+00
6.591647701208246113e-02
1.665035754376435362e+00
3.090515040776538047e+00
0.000000000000000000e+00
0.000000000000000000e+00
0.000000000000000000e+00
0.000000000000000000e+00
0.000000000000000000e+00
0.000000000000000000e+00
0.000000000000000000e+00
0.000000000000000000e+00
0.000000000000000000e+00
1.730307521567164553e-01
1.218259298290089943e+00
3.964233275371504828e+00
0.000000000000000000e+00
0.000000000000000000e+00
0.000000000000000000e+00
0.000000000000000000e+00
0.000000000000000000e+00
0.000000000000000000e+00
0.000000000000000000e+00
0.000000000000000000e+00
0.000000000000000000e+00
3.905753408282741646e-02
5.602900546027008710e-01
2.448725603577074583e+00
4.335021838079462952e+00
0.000000000000000000e+00
0.000000000000000000e+00
0.000000000000000000e+00
0.000000000000000000e+00
0.000000000000000000e+00
0.000000000000000000e+00
0.000000000000000000e+00
0.000000000000000000e+00
0.000000000000000000e+00
0.000000000000000000e+00
9.764383520706854114e-02
1.804463558205757323e+00
3.869621218015616204e+00
4.415283066056576722e+00
0.000000000000000000e+00
0.000000000000000000e+00
0.000000000000000000e+00
0.000000000000000000e+00
0.000000000000000000e+00
0.000000000000000000e+00
0.000000000000000000e+00
0.000000000000000000e+00
0.000000000000000000e+00
0.000000000000000000e+00
0.000000000000000000e+00
9.178520509464442867e-01
3.172230456206468485e+00
5.141591347092042241e+00
3.939514037857640982e+00
0.000000000000000000e+00
0.000000000000000000e+00
0.000000000000000000e+00
0.000000000000000000e+00
0.000000000000000000e+00
0.000000000000000000e+00
0.000000000000000000e+00
0.000000000000000000e+00
0.000000000000000000e+00
0.000000000000000000e+00
0.000000000000000000e+00
1.143854552348113895e-01
2.167693141596921613e+00
4.943735775906184848e+00
5.026845481321232434e+00
3.514709363545313714e+00
0.000000000000000000e+00
0.000000000000000000e+00
0.000000000000000000e+00
0.000000000000000000e+00
0.000000000000000000e+00
0.000000000000000000e+00
0.000000000000000000e+00
0.000000000000000000e+00
0.000000000000000000e+00
0.000000000000000000e+00
0.000000000000000000e+00
6.582274177809292748e-02
7.625697015654092636e-01
3.671408203785777147e+00
5.462828032376333631e+00
5.041493889717505894e+00
3.062438869773137284e+00
0.000000000000000000e+00
0.000000000000000000e+00
0.000000000000000000e+00
0.000000000000000000e+00
0.000000000000000000e+00
0.000000000000000000e+00
0.000000000000000000e+00
0.000000000000000000e+00
0.000000000000000000e+00
0.000000000000000000e+00
0.000000000000000000e+00
0.000000000000000000e+00
3.291137088904646513e-01
2.630865470400661987e+00
4.862662993312013349e+00
6.377419150918978374e+00
4.719228904999486218e+00
2.559509197886128629e+00
0.000000000000000000e+00
0.000000000000000000e+00
0.000000000000000000e+00
0.000000000000000000e+00
0.000000000000000000e+00
0.000000000000000000e+00
0.000000000000000000e+00
0.000000000000000000e+00
0.000000000000000000e+00
0.000000000000000000e+00
0.000000000000000000e+00
0.000000000000000000e+00
5.214774031925436537e-01
1.316454835561858605e+00
5.566758821427487902e+00
6.971769833784693837e+00
7.151937755810947372e+00
4.475088765061592255e+00
2.214660575779138885e+00
0.000000000000000000e+00
0.000000000000000000e+00
0.000000000000000000e+00
0.000000000000000000e+00
0.000000000000000000e+00
0.000000000000000000e+00
0.000000000000000000e+00
0.000000000000000000e+00
0.000000000000000000e+00
0.000000000000000000e+00
0.000000000000000000e+00
0.000000000000000000e+00
0.000000000000000000e+00
1.251545767662104680e+00
4.541769182688412343e+00
8.807680053080476412e+00
8.416898594849307358e+00
6.542210343449184506e+00
3.933097654399468457e+00
1.947326599703277372e+00
0.000000000000000000e+00
0.000000000000000000e+00
0.000000000000000000e+00
0.000000000000000000e+00
0.000000000000000000e+00
0.000000000000000000e+00
0.000000000000000000e+00
0.000000000000000000e+00
0.000000000000000000e+00
0.000000000000000000e+00
0.000000000000000000e+00
0.000000000000000000e+00
0.000000000000000000e+00
9.299804515436458363e-01
4.797592109371401570e+00
8.293665464039708723e+00
9.989663090506860854e+00
9.530038316209889615e+00
6.797636691871003833e+00
3.666984901867164304e+00
1.656799264972432573e+00
0.000000000000000000e+00
0.000000000000000000e+00
0.000000000000000000e+00
0.000000000000000000e+00
0.000000000000000000e+00
0.000000000000000000e+00
0.000000000000000000e+00
0.000000000000000000e+00
0.000000000000000000e+00
0.000000000000000000e+00
0.000000000000000000e+00
0.000000000000000000e+00
0.000000000000000000e+00
6.567241420942175889e-01
3.564925064250642261e+00
8.343638451080698459e+00
1.191391626183481911e+01
1.185795885934211391e+01
9.315221878754339713e+00
6.154951041003199563e+00
3.266595072369018471e+00
1.374206500307766587e+00
0.000000000000000000e+00
0.000000000000000000e+00
0.000000000000000000e+00
0.000000000000000000e+00
0.000000000000000000e+00
0.000000000000000000e+00
0.000000000000000000e+00
0.000000000000000000e+00
0.000000000000000000e+00
0.000000000000000000e+00
0.000000000000000000e+00
0.000000000000000000e+00
0.000000000000000000e+00
2.961984274725674715e-01
1.751264378917913644e+00
7.284846870425226051e+00
1.209827575406701250e+01
1.553416705962993127e+01
1.387876856849044849e+01
9.744854753665439517e+00
5.446348913123313373e+00
2.675775933719315436e+00
1.113281215439203331e+00
0.000000000000000000e+00
0.000000000000000000e+00
0.000000000000000000e+00
0.000000000000000000e+00
0.000000000000000000e+00
0.000000000000000000e+00
0.000000000000000000e+00
0.000000000000000000e+00
0.000000000000000000e+00
0.000000000000000000e+00
0.000000000000000000e+00
0.000000000000000000e+00
0.000000000000000000e+00
0.000000000000000000e+00
8.885952824177023590e-01
6.567241420942176333e+00
1.379471003123074624e+01
1.908607295684709726e+01
1.790378576364127738e+01
1.212485825489000746e+01
8.143495856269517219e+00
5.017891812544777785e+00
2.358393751800053728e+00
9.402465528421560803e-01
0.000000000000000000e+00
0.000000000000000000e+00
0.000000000000000000e+00
0.000000000000000000e+00
0.000000000000000000e+00
0.000000000000000000e+00
0.000000000000000000e+00
0.000000000000000000e+00
0.000000000000000000e+00
0.000000000000000000e+00
0.000000000000000000e+00
0.000000000000000000e+00
0.000000000000000000e+00
0.000000000000000000e+00
1.157490838042941617e+00
7.701159114286753926e+00
1.182103455769591704e+01
1.921959599856868195e+01
1.939895939876262432e+01
1.625821721918895335e+01
1.208672976981173619e+01
7.499046543902863959e+00
4.243373207652808787e+00
1.914058697113087071e+00
7.742309329959590203e-01
0.000000000000000000e+00
0.000000000000000000e+00
0.000000000000000000e+00
0.000000000000000000e+00
0.000000000000000000e+00
0.000000000000000000e+00
0.000000000000000000e+00
0.000000000000000000e+00
0.000000000000000000e+00
0.000000000000000000e+00
0.000000000000000000e+00
0.000000000000000000e+00
0.000000000000000000e+00
0.000000000000000000e+00
1.455847690677663842e+00
6.944945028257649255e+00
7.997357541759321897e+00
1.773155183654387557e+01
2.200953735319961879e+01
2.044191420514771096e+01
1.461264867473662932e+01
9.760892180037238575e+00
6.073446549879663259e+00
3.262865612098081680e+00
1.643063141782024950e+00
6.347656052942824978e-01
0.000000000000000000e+00
0.000000000000000000e+00
0.000000000000000000e+00
0.000000000000000000e+00
0.000000000000000000e+00
0.000000000000000000e+00
0.000000000000000000e+00
0.000000000000000000e+00
0.000000000000000000e+00
0.000000000000000000e+00
0.000000000000000000e+00
0.000000000000000000e+00
0.000000000000000000e+00
0.000000000000000000e+00
5.906318823794730610e-01
3.882260508473770244e+00
1.003158726303882631e+01
1.777190564835404984e+01
2.539333349430974707e+01
2.278452106281932288e+01
1.773023170854648356e+01
1.369113028984332914e+01
9.379607329254534775e+00
5.507112305678665720e+00
2.999199704049751780e+00
1.354977776655310384e+00
4.986572110821431147e-01
0.000000000000000000e+00
0.000000000000000000e+00
0.000000000000000000e+00
0.000000000000000000e+00
0.000000000000000000e+00
0.000000000000000000e+00
0.000000000000000000e+00
0.000000000000000000e+00
0.000000000000000000e+00
0.000000000000000000e+00
0.000000000000000000e+00
0.000000000000000000e+00
0.000000000000000000e+00
0.000000000000000000e+00
6.971348588680905678e-01
4.725055059035784488e+00
5.338108199151434086e+00
2.122066536412059534e+01
2.991604117472931534e+01
3.283620710471087989e+01
1.968458622434050298e+01
1.637439046024586986e+01
1.138733432761007691e+01
7.435054590262740071e+00
4.804076692187772224e+00
2.282358016543355017e+00
1.069333812927974581e+00
4.461669783366543629e-01
0.000000000000000000e+00
0.000000000000000000e+00
0.000000000000000000e+00
0.000000000000000000e+00
0.000000000000000000e+00
0.000000000000000000e+00
0.000000000000000000e+00
0.000000000000000000e+00
0.000000000000000000e+00
0.000000000000000000e+00
0.000000000000000000e+00
0.000000000000000000e+00
0.000000000000000000e+00
0.000000000000000000e+00
0.000000000000000000e+00
6.971348588680905678e-01
6.496950706174203560e+00
1.989658510592807161e+01
3.433889486194060225e+01
2.873124746483904346e+01
2.539333349430974707e+01
2.107955690165597318e+01
1.480995825066823990e+01
9.149361107154916795e+00
5.643015791584028662e+00
3.495649300413053773e+00
2.150525062519190289e+00
8.056624617950494116e-01
3.619384653264515195e-01
0.000000000000000000e+00
0.000000000000000000e+00
0.000000000000000000e+00
0.000000000000000000e+00
0.000000000000000000e+00
0.000000000000000000e+00
0.000000000000000000e+00
0.000000000000000000e+00
0.000000000000000000e+00
0.000000000000000000e+00
0.000000000000000000e+00
0.000000000000000000e+00
0.000000000000000000e+00
0.000000000000000000e+00
0.000000000000000000e+00
1.600320024712511335e+00
8.365618306417086814e+00
1.830958835376366522e+01
2.571997586863872698e+01
3.896885821411236606e+01
3.021223960220188332e+01
2.517442544694500839e+01
1.611966116008986205e+01
1.199398027342850348e+01
7.043033370255943559e+00
4.499161239235914600e+00
3.124602726626193316e+00
1.441922934639303877e+00
7.690414408043653172e-01
3.094482325809627676e-01
0.000000000000000000e+00
0.000000000000000000e+00
0.000000000000000000e+00
0.000000000000000000e+00
0.000000000000000000e+00
0.000000000000000000e+00
0.000000000000000000e+00
0.000000000000000000e+00
0.000000000000000000e+00
0.000000000000000000e+00
0.000000000000000000e+00
0.000000000000000000e+00
0.000000000000000000e+00
0.000000000000000000e+00
0.000000000000000000e+00
8.960553845713439269e-01
4.800960074137534228e+00
1.533696689509799249e+01
3.248475353087101780e+01
2.911695381355327683e+01
3.588221597933118545e+01
3.110083488461958368e+01
1.795045988390861424e+01
1.487968722469833338e+01
8.447933931719207479e+00
7.108856112034036556e+00
3.698463052592234845e+00
2.597326016508023194e+00
1.441922934639303877e+00
6.274401596403870185e-01
2.310180592345057182e-01
0.000000000000000000e+00
0.000000000000000000e+00
0.000000000000000000e+00
0.000000000000000000e+00
0.000000000000000000e+00
0.000000000000000000e+00
0.000000000000000000e+00
0.000000000000000000e+00
0.000000000000000000e+00
0.000000000000000000e+00
0.000000000000000000e+00
0.000000000000000000e+00
0.000000000000000000e+00
0.000000000000000000e+00
0.000000000000000000e+00
9.825870786883099672e-01
8.960553845713439269e-01
1.360272021005634713e+01
2.788539435472362271e+01
3.307538541325049408e+01
3.542562713982315614e+01
3.125225262715942165e+01
2.606546161758593882e+01
1.488574722080226564e+01
1.022978496698010353e+01
6.049137877033506250e+00
4.410123699132226349e+00
2.516480015165850403e+00
2.206750675679749030e+00
9.805075955547266631e-01
5.737293288540503688e-01
2.139282160150442758e-01
0.000000000000000000e+00
0.000000000000000000e+00
0.000000000000000000e+00
0.000000000000000000e+00
0.000000000000000000e+00
0.000000000000000000e+00
0.000000000000000000e+00
0.000000000000000000e+00
0.000000000000000000e+00
0.000000000000000000e+00
0.000000000000000000e+00
0.000000000000000000e+00
0.000000000000000000e+00
0.000000000000000000e+00
0.000000000000000000e+00
2.117777877150457844e+00
0.000000000000000000e+00
1.254477538399881453e+01
2.720544042011269426e+01
2.858252921359171239e+01
3.248475353087101780e+01
3.348449688558626747e+01
2.199232592281589049e+01
1.629091351099120999e+01
1.401011503134330916e+01
9.299804515436457919e+00
5.631955954479471060e+00
4.146832732019854362e+00
2.783379410713743951e+00
1.640416431478751491e+00
8.239559626510307710e-01
4.638662658819981410e-01
1.568603466929140433e-01
0.000000000000000000e+00
0.000000000000000000e+00
0.000000000000000000e+00
0.000000000000000000e+00
0.000000000000000000e+00
0.000000000000000000e+00
0.000000000000000000e+00
0.000000000000000000e+00
0.000000000000000000e+00
0.000000000000000000e+00
0.000000000000000000e+00
0.000000000000000000e+00
0.000000000000000000e+00
0.000000000000000000e+00
0.000000000000000000e+00
0.000000000000000000e+00
2.117777877150457844e+00
6.878109550818169993e+00
2.777771692171166151e+01
3.440688053131899693e+01
4.113095667321734084e+01
2.716906658945575970e+01
1.941130254236885122e+01
2.083483508477294777e+01
1.332892923626553561e+01
8.537413847224829766e+00
8.214827321968870777e+00
4.380410186817366380e+00
3.027846121792274747e+00
2.020809709148334576e+00
1.015495886153512828e+00
7.497999260124379450e-01
3.295891889161565724e-01
1.422119096476613664e-01
0.000000000000000000e+00
0.000000000000000000e+00
0.000000000000000000e+00
0.000000000000000000e+00
0.000000000000000000e+00
0.000000000000000000e+00
0.000000000000000000e+00
0.000000000000000000e+00
0.000000000000000000e+00
0.000000000000000000e+00
0.000000000000000000e+00
0.000000000000000000e+00
0.000000000000000000e+00
0.000000000000000000e+00
0.000000000000000000e+00
1.182041580245927204e+00
7.875818905201734665e+00
1.058888938575228877e+01
1.375621910163633999e+01
3.405010461371107056e+01
3.680736056838775738e+01
3.415960808453643693e+01
2.539717094231734151e+01
1.698488972457274571e+01
9.259926704343532933e+00
1.184793709890269930e+01
6.567241420942176333e+00
5.424885967337933934e+00
3.441750861070787870e+00
3.291137088904646291e+00
1.677653343443900269e+00
1.327956158816132159e+00
6.179669719882731060e-01
2.807611609285778353e-01
1.223754844822150523e-01
0.000000000000000000e+00
0.000000000000000000e+00
0.000000000000000000e+00
0.000000000000000000e+00
0.000000000000000000e+00
0.000000000000000000e+00
0.000000000000000000e+00
0.000000000000000000e+00
0.000000000000000000e+00
0.000000000000000000e+00
0.000000000000000000e+00
0.000000000000000000e+00
0.000000000000000000e+00
0.000000000000000000e+00
0.000000000000000000e+00
0.000000000000000000e+00
1.182041580245927204e+00
6.750701918744343999e+00
2.435444558723026631e+01
3.733830899015578098e+01
5.734754461256601132e+01
3.680736056838775738e+01
2.579398977811935012e+01
2.303464341279945060e+01
8.249803580506760881e+00
1.234656893912470998e+01
7.701159114286753926e+00
3.721436805200566411e+00
4.494905515794288320e+00
2.815977977239735530e+00
2.040504995120880682e+00
9.150836418784911164e-01
7.811506816565483291e-01
3.707801831929638525e-01
2.661127525323042087e-01
1.104736293829472471e-01
0.000000000000000000e+00
0.000000000000000000e+00
0.000000000000000000e+00
0.000000000000000000e+00
0.000000000000000000e+00
0.000000000000000000e+00
0.000000000000000000e+00
0.000000000000000000e+00
0.000000000000000000e+00
0.000000000000000000e+00
0.000000000000000000e+00
0.000000000000000000e+00
0.000000000000000000e+00
0.000000000000000000e+00
0.000000000000000000e+00
0.000000000000000000e+00
1.230715447488967884e+00
1.182041580245927204e+00
1.575163781040346933e+01
4.341444648158438468e+01
4.126865730490901996e+01
3.225799384456838226e+01
2.160432033361890447e+01
2.997679893132789530e+01
1.358453329472787985e+01
1.213206408898053112e+01
8.102435866300590206e+00
6.812563831869051789e+00
3.721436805200566411e+00
4.339908773870346792e+00
2.190205093408683190e+00
1.513923060896137374e+00
1.067597582191572858e+00
5.663342442009975386e-01
3.707801831929638525e-01
1.855465063527992620e-01
8.270263415132239615e-02
0.000000000000000000e+00
0.000000000000000000e+00
0.000000000000000000e+00
0.000000000000000000e+00
0.000000000000000000e+00
0.000000000000000000e+00
0.000000000000000000e+00
0.000000000000000000e+00
0.000000000000000000e+00
0.000000000000000000e+00
0.000000000000000000e+00
0.000000000000000000e+00
0.000000000000000000e+00
0.000000000000000000e+00
0.000000000000000000e+00
0.000000000000000000e+00
2.544510319364658990e+00
2.461430894977935768e+00
9.456332641967417629e+00
3.712886055309389377e+01
3.917889072728347344e+01
3.832089606884408539e+01
2.150532922971225247e+01
1.520304023476885824e+01
1.324556231849372168e+01
8.859478235692096248e+00
8.735086144065983049e+00
5.401623910867060729e+00
5.627770121978781681e+00
2.845804615741609478e+00
2.944938096554878371e+00
1.877318651493157020e+00
1.053163868449486840e+00
1.029469097113302478e+00
6.249205453252386633e-01
3.213428254339020240e-01
1.611324923590098934e-01
5.828857240923460137e-02
0.000000000000000000e+00
0.000000000000000000e+00
0.000000000000000000e+00
0.000000000000000000e+00
0.000000000000000000e+00
0.000000000000000000e+00
0.000000000000000000e+00
0.000000000000000000e+00
0.000000000000000000e+00
0.000000000000000000e+00
0.000000000000000000e+00
0.000000000000000000e+00
0.000000000000000000e+00
0.000000000000000000e+00
0.000000000000000000e+00
0.000000000000000000e+00
0.000000000000000000e+00
1.272255159682329495e+00
1.107643902740071162e+01
3.073308108639410818e+01
3.375350959372171644e+01
3.176666815725686632e+01
2.358208988851944099e+01
1.702505230685553528e+01
1.280256019770009068e+01
9.062753165285176493e+00
7.678214470933149904e+00
6.793955889829097927e+00
3.858302793476471759e+00
1.184793709890269886e+00
3.721436805200566411e+00
1.084977193467586698e+00
1.042954806385087307e+00
1.053163868449486840e+00
5.719272761740569200e-01
4.882191760353427057e-01
2.471867887953092258e-01
1.269528727677047553e-01
4.943847502772777402e-02
0.000000000000000000e+00
0.000000000000000000e+00
0.000000000000000000e+00
0.000000000000000000e+00
0.000000000000000000e+00
0.000000000000000000e+00
0.000000000000000000e+00
0.000000000000000000e+00
0.000000000000000000e+00
0.000000000000000000e+00
0.000000000000000000e+00
0.000000000000000000e+00
0.000000000000000000e+00
0.000000000000000000e+00
0.000000000000000000e+00
0.000000000000000000e+00
0.000000000000000000e+00
2.615439313590881110e+00
1.017804127745863596e+01
1.846073171233451760e+01
2.718695634565632702e+01
4.050421151246606399e+01
2.011888983292934796e+01
1.965174157376619846e+01
1.523294153771284698e+01
8.801760135918812011e+00
5.577078870944724542e+00
5.315686941415257216e+00
4.367543072032991525e+00
2.700811955433530365e+00
1.777190564835404718e+00
8.756321894589568222e-01
1.394970677315468865e+00
8.343638451080698237e-01
9.873411266713939538e-01
5.719272761740569200e-01
4.686904089939289975e-01
2.636659080483298445e-01
1.049802601732943153e-01
4.333495959220582533e-02
0.000000000000000000e+00
0.000000000000000000e+00
0.000000000000000000e+00
0.000000000000000000e+00
0.000000000000000000e+00
0.000000000000000000e+00
0.000000000000000000e+00
0.000000000000000000e+00
0.000000000000000000e+00
0.000000000000000000e+00
0.000000000000000000e+00
0.000000000000000000e+00
0.000000000000000000e+00
0.000000000000000000e+00
0.000000000000000000e+00
0.000000000000000000e+00
0.000000000000000000e+00
2.676109630080143464e+00
9.154037597568084550e+00
1.908382739523494109e+01
2.830645529224626245e+01
4.018941372836152226e+01
3.150327562080693866e+01
2.117777877150457755e+01
1.080845786557140897e+01
8.960553845713439713e+00
7.201440111206300898e+00
7.668483447548996246e+00
6.496950706174203560e+00
3.396977944914548964e+00
2.700811955433530365e+00
1.480992137362837413e+00
8.756321894589568222e-01
9.299804515436458363e-01
1.042954806385087307e+00
3.291137088904646513e-01
4.194133358609750672e-01
2.343452044969644987e-01
1.400725136506752178e-01
1.074216615726732577e-01
3.356933489537071436e-02
0.000000000000000000e+00
0.000000000000000000e+00
0.000000000000000000e+00
0.000000000000000000e+00
0.000000000000000000e+00
0.000000000000000000e+00
0.000000000000000000e+00
0.000000000000000000e+00
0.000000000000000000e+00
0.000000000000000000e+00
0.000000000000000000e+00
0.000000000000000000e+00
0.000000000000000000e+00
0.000000000000000000e+00
0.000000000000000000e+00
0.000000000000000000e+00
0.000000000000000000e+00
0.000000000000000000e+00
1.070443852032057386e+01
2.353895382231792865e+01
2.290059287428193002e+01
1.969144715982348615e+01
2.245879002467261643e+01
1.125116986457390666e+01
1.694222301720366275e+01
1.179104494425972049e+01
8.960553845713439713e+00
9.601920148275068456e+00
6.971348588680905678e+00
4.725055059035784488e+00
2.911695381355327683e+00
3.086642234781177496e+00
2.665785847253107299e+00
1.970172426282652767e+00
7.749837096197048636e-01
1.042954806385087307e+00
6.582274177809292748e-02
3.812848507827046318e-01
2.343452044969644987e-01
1.565516329036958365e-01
6.103503498447344217e-02
3.234863180826632462e-02
0.000000000000000000e+00
0.000000000000000000e+00
0.000000000000000000e+00
0.000000000000000000e+00
0.000000000000000000e+00
0.000000000000000000e+00
0.000000000000000000e+00
0.000000000000000000e+00
0.000000000000000000e+00
0.000000000000000000e+00
0.000000000000000000e+00
0.000000000000000000e+00
0.000000000000000000e+00
0.000000000000000000e+00
0.000000000000000000e+00
0.000000000000000000e+00
0.000000000000000000e+00
1.386476391214087167e+00
1.364076919001420141e+00
1.605665778048086167e+01
2.876983244949969176e+01
2.290059287428193002e+01
1.107643902740071162e+01
1.300245738270519880e+01
1.237628685103129733e+01
1.164777832432751836e+01
7.860696629506479738e+00
8.064498461142095564e+00
6.401280098850045341e+00
3.485674294340452839e+00
4.134423176656311760e+00
1.941130254236885122e+00
2.700811955433530365e+00
1.184793709890269886e+00
2.189080473647392056e-01
9.299804515436458363e-01
1.251545767662104680e+00
5.265819342247434198e-01
2.668993955478932145e-01
2.343452044969644987e-01
1.483120732771855410e-01
6.347643638385237763e-02
2.655029214452047162e-02
0.000000000000000000e+00
0.000000000000000000e+00
0.000000000000000000e+00
0.000000000000000000e+00
0.000000000000000000e+00
0.000000000000000000e+00
0.000000000000000000e+00
0.000000000000000000e+00
0.000000000000000000e+00
0.000000000000000000e+00
0.000000000000000000e+00
0.000000000000000000e+00
0.000000000000000000e+00
0.000000000000000000e+00
0.000000000000000000e+00
0.000000000000000000e+00
0.000000000000000000e+00
0.000000000000000000e+00
1.386476391214087167e+00
1.364076919001420052e+01
2.542304148576136313e+01
2.223123416552249054e+01
2.035608255491727192e+01
1.353786992237864695e+01
7.092249481475563222e+00
6.750701918744343999e+00
6.353333631451373975e+00
5.895522472129860247e+00
2.688166153714031559e+00
2.400480037068767114e+00
1.394269717736181136e+00
1.771895647138419072e+00
2.911695381355327683e+00
1.157490838042941617e+00
1.480992137362837413e+00
2.189080473647392056e-01
4.649902257718229182e-01
6.257728838310523400e-01
4.607591924466504785e-01
4.575418209392455582e-01
3.905753408282741646e-01
8.239559626510307988e-02
5.615223218571556429e-02
2.471923751386388701e-02
0.000000000000000000e+00
0.000000000000000000e+00
0.000000000000000000e+00
0.000000000000000000e+00
0.000000000000000000e+00
0.000000000000000000e+00
0.000000000000000000e+00
0.000000000000000000e+00
0.000000000000000000e+00
0.000000000000000000e+00
0.000000000000000000e+00
0.000000000000000000e+00
0.000000000000000000e+00
0.000000000000000000e+00
0.000000000000000000e+00
0.000000000000000000e+00
0.000000000000000000e+00
0.000000000000000000e+00
0.000000000000000000e+00
1.247828752092678428e+01
2.182523070402272225e+01
1.605665778048086167e+01
2.615439313590881198e+01
8.905786117776306909e+00
1.107643902740071162e+01
9.456332641967417629e+00
3.375350959372171999e+00
1.058888938575228922e+00
2.947761236064930124e+00
8.960553845713439269e-01
8.001600123562556677e-01
1.394269717736181136e+00
4.134423176656311760e+00
9.705651271184425610e-01
0.000000000000000000e+00
1.480992137362837413e+00
6.567241420942175889e-01
4.649902257718229182e-01
4.171819225540349119e-01
2.632909671123717099e-01
1.525139403130818527e-01
9.764383520706854114e-02
9.887471551812368475e-02
5.126942938695769336e-02
2.105712825255071780e-02
0.000000000000000000e+00
0.000000000000000000e+00
0.000000000000000000e+00
0.000000000000000000e+00
0.000000000000000000e+00
0.000000000000000000e+00
0.000000000000000000e+00
0.000000000000000000e+00
0.000000000000000000e+00
0.000000000000000000e+00
0.000000000000000000e+00
0.000000000000000000e+00
0.000000000000000000e+00
0.000000000000000000e+00
0.000000000000000000e+00
0.000000000000000000e+00
0.000000000000000000e+00
0.000000000000000000e+00
2.845238559429585923e+00
1.265247498511861934e+01
1.109181112971269734e+01
2.182523070402272225e+01
1.605665778048086167e+01
1.569263588154528577e+01
1.145029643714096501e+01
3.692146342466903874e+00
3.546124740737781611e+00
5.625584932286953332e+00
4.235555754300915687e+00
4.912935393441549614e+00
8.960553845713439269e-01
2.400480037068767114e+00
6.971348588680905678e-01
1.771895647138419072e+00
1.455847690677663842e+00
7.716605586952943741e-01
8.885952824177023590e-01
8.756321894589568222e-01
7.749837096197048636e-01
3.128864419155261700e-01
4.607591924466504785e-01
1.906424253913523159e-01
9.764383520706854114e-02
7.415603663859277050e-02
6.103503498447344217e-02
1.495361281702877083e-02
0.000000000000000000e+00
0.000000000000000000e+00
0.000000000000000000e+00
0.000000000000000000e+00
0.000000000000000000e+00
0.000000000000000000e+00
0.000000000000000000e+00
0.000000000000000000e+00
0.000000000000000000e+00
0.000000000000000000e+00
0.000000000000000000e+00
0.000000000000000000e+00
0.000000000000000000e+00
0.000000000000000000e+00
0.000000000000000000e+00
0.000000000000000000e+00
0.000000000000000000e+00
0.000000000000000000e+00
5.748961870543069175e+00
7.113096398573964585e+00
1.265247498511861934e+01
1.386476391214087123e+01
6.820384595007100259e+00
4.014164445120215419e+00
1.307719656795440599e+01
1.272255159682329495e+00
1.230715447488967884e+00
7.092249481475563222e+00
2.250233972914781333e+00
3.176666815725686988e+00
1.965174157376619934e+00
0.000000000000000000e+00
8.001600123562556677e-01
2.091404576604271703e+00
1.771895647138419072e+00
3.396977944914548964e+00
7.716605586952943741e-01
2.961984274725674715e-01
0.000000000000000000e+00
3.099934838478819454e-01
1.042954806385087280e-01
2.632909671123717099e-01
7.625697015654092636e-02
7.811506816565483291e-02
8.239559626510307988e-02
2.441401399378937548e-02
9.765624696835116178e-03
0.000000000000000000e+00
0.000000000000000000e+00
0.000000000000000000e+00
0.000000000000000000e+00
0.000000000000000000e+00
0.000000000000000000e+00
0.000000000000000000e+00
0.000000000000000000e+00
0.000000000000000000e+00
0.000000000000000000e+00
0.000000000000000000e+00
0.000000000000000000e+00
0.000000000000000000e+00
0.000000000000000000e+00
0.000000000000000000e+00
0.000000000000000000e+00
0.000000000000000000e+00
1.461243764860584493e+00
1.450024003277625040e+00
8.623442805814603318e+00
1.422619279714792917e+01
1.827579720072689540e+01
1.663771669456904689e+01
1.227669227101278082e+01
1.471860296544078928e+01
2.615439313590881110e+00
3.816765479046988485e+00
3.692146342466903874e+00
1.182041580245927204e+00
6.750701918744343999e+00
1.058888938575228922e+00
9.825870786883099672e-01
4.480276922856719857e+00
1.600320024712511335e+00
6.971348588680905678e-01
5.906318823794730610e-01
9.705651271184425610e-01
7.716605586952943741e-01
5.923968549451349430e-01
4.378160947294784111e-01
4.649902257718229182e-01
2.085909612770174559e-01
1.316454835561858550e-01
7.625697015654092636e-02
7.811506816565483291e-02
1.647911925302061528e-02
2.197261259441044001e-02
1.281738241459609053e-02
0.000000000000000000e+00
0.000000000000000000e+00
0.000000000000000000e+00
0.000000000000000000e+00
0.000000000000000000e+00
0.000000000000000000e+00
0.000000000000000000e+00
0.000000000000000000e+00
0.000000000000000000e+00
0.000000000000000000e+00
0.000000000000000000e+00
0.000000000000000000e+00
0.000000000000000000e+00
0.000000000000000000e+00
0.000000000000000000e+00
0.000000000000000000e+00
0.000000000000000000e+00
1.471127674303734700e+00
0.000000000000000000e+00
4.350072009832874897e+00
1.580964514399344090e+01
1.280357351743313643e+01
9.840813877314481317e+00
1.386476391214087167e+00
4.092230757004260866e+00
0.000000000000000000e+00
3.923158970386321442e+00
0.000000000000000000e+00
3.692146342466903874e+00
1.182041580245927204e+00
3.375350959372171999e+00
1.058888938575228922e+00
1.965174157376619934e+00
8.960553845713439269e-01
8.001600123562556677e-01
6.971348588680905678e-01
0.000000000000000000e+00
0.000000000000000000e+00
3.858302793476471870e-01
2.961984274725674715e-01
4.378160947294784111e-01
3.099934838478819454e-01
2.085909612770174559e-01
3.291137088904646513e-01
7.625697015654092636e-02
7.811506816565483291e-02
2.471867887953092119e-02
2.441401399378937548e-02
1.098632778393950592e-02
0.000000000000000000e+00
0.000000000000000000e+00
0.000000000000000000e+00
0.000000000000000000e+00
0.000000000000000000e+00
0.000000000000000000e+00
0.000000000000000000e+00
0.000000000000000000e+00
0.000000000000000000e+00
0.000000000000000000e+00
0.000000000000000000e+00
0.000000000000000000e+00
0.000000000000000000e+00
0.000000000000000000e+00
0.000000000000000000e+00
0.000000000000000000e+00
0.000000000000000000e+00
0.000000000000000000e+00
4.413383022911204101e+00
8.767462589163507403e+00
1.450024003277625084e+01
1.149792374108613835e+01
8.535715678288758212e+00
4.217491661706206152e+00
2.772952782428174334e+00
4.092230757004260866e+00
4.014164445120215419e+00
3.923158970386321442e+00
3.816765479046988485e+00
1.230715447488967884e+00
1.182041580245927204e+00
1.125116986457390666e+00
2.117777877150457844e+00
0.000000000000000000e+00
2.688166153714031559e+00
1.600320024712511335e+00
6.971348588680905678e-01
1.181263764758946122e+00
4.852825635592212805e-01
3.858302793476471870e-01
2.961984274725674715e-01
6.567241420942175889e-01
1.549967419239409727e-01
0.000000000000000000e+00
6.582274177809292748e-02
7.625697015654092636e-02
5.858630112424112468e-02
4.119779813255153994e-02
2.197261259441044001e-02
1.159667932749170079e-02
0.000000000000000000e+00
0.000000000000000000e+00
0.000000000000000000e+00
0.000000000000000000e+00
0.000000000000000000e+00
0.000000000000000000e+00
0.000000000000000000e+00
0.000000000000000000e+00
0.000000000000000000e+00
0.000000000000000000e+00
0.000000000000000000e+00
0.000000000000000000e+00
0.000000000000000000e+00
0.000000000000000000e+00
0.000000000000000000e+00
0.000000000000000000e+00
0.000000000000000000e+00
0.000000000000000000e+00
1.479865982045772466e+00
5.884510697214938801e+00
5.844975059442337972e+00
8.700144019665749795e+00
2.874480935271534587e+00
4.267857839144379106e+00
4.217491661706206152e+00
2.772952782428174334e+00
0.000000000000000000e+00
4.014164445120215419e+00
2.615439313590881110e+00
1.272255159682329495e+00
1.230715447488967884e+00
1.182041580245927204e+00
0.000000000000000000e+00
3.176666815725686988e+00
9.825870786883099672e-01
0.000000000000000000e+00
0.000000000000000000e+00
6.971348588680905678e-01
5.906318823794730610e-01
4.852825635592212805e-01
7.716605586952943741e-01
8.885952824177023590e-01
2.189080473647392056e-01
0.000000000000000000e+00
2.085909612770174559e-01
1.316454835561858550e-01
7.625697015654092636e-02
3.905753408282741646e-02
3.295823850604123056e-02
1.708980979565256214e-02
3.662109261313168350e-03
0.000000000000000000e+00
0.000000000000000000e+00
0.000000000000000000e+00
0.000000000000000000e+00
0.000000000000000000e+00
0.000000000000000000e+00
0.000000000000000000e+00
0.000000000000000000e+00
0.000000000000000000e+00
0.000000000000000000e+00
0.000000000000000000e+00
0.000000000000000000e+00
0.000000000000000000e+00
0.000000000000000000e+00
0.000000000000000000e+00
0.000000000000000000e+00
0.000000000000000000e+00
0.000000000000000000e+00
0.000000000000000000e+00
1.479865982045772466e+00
1.324014906873361141e+01
1.461243764860584493e+00
7.250120016388125421e+00
4.311721402907301659e+00
0.000000000000000000e+00
0.000000000000000000e+00
0.000000000000000000e+00
4.092230757004260866e+00
1.338054815040071732e+00
3.923158970386321442e+00
0.000000000000000000e+00
1.230715447488967884e+00
2.364083160491854407e+00
1.125116986457390666e+00
2.117777877150457844e+00
0.000000000000000000e+00
8.960553845713439269e-01
8.001600123562556677e-01
1.394269717736181136e+00
0.000000000000000000e+00
4.852825635592212805e-01
3.858302793476471870e-01
5.923968549451349430e-01
2.189080473647392056e-01
3.099934838478819454e-01
1.042954806385087280e-01
6.582274177809292748e-02
7.625697015654092636e-02
3.905753408282741646e-02
4.119779813255153994e-02
1.464840839627362667e-02
5.798339663745850393e-03
0.000000000000000000e+00
0.000000000000000000e+00
0.000000000000000000e+00
0.000000000000000000e+00
0.000000000000000000e+00
0.000000000000000000e+00
0.000000000000000000e+00
0.000000000000000000e+00
0.000000000000000000e+00
0.000000000000000000e+00
0.000000000000000000e+00
0.000000000000000000e+00
0.000000000000000000e+00
0.000000000000000000e+00
0.000000000000000000e+00
0.000000000000000000e+00
0.000000000000000000e+00
1.500678269864276437e+00
0.000000000000000000e+00
0.000000000000000000e+00
1.183892785636617973e+01
4.413383022911204101e+00
1.461243764860584493e+00
4.350072009832874897e+00
2.874480935271534587e+00
1.422619279714792961e+00
0.000000000000000000e+00
0.000000000000000000e+00
4.092230757004260866e+00
4.014164445120215419e+00
0.000000000000000000e+00
0.000000000000000000e+00
1.230715447488967884e+00
0.000000000000000000e+00
0.000000000000000000e+00
1.058888938575228922e+00
0.000000000000000000e+00
0.000000000000000000e+00
8.001600123562556677e-01
0.000000000000000000e+00
0.000000000000000000e+00
0.000000000000000000e+00
0.000000000000000000e+00
2.961984274725674715e-01
0.000000000000000000e+00
1.549967419239409727e-01
1.042954806385087280e-01
6.582274177809292748e-02
3.812848507827046318e-02
3.905753408282741646e-02
8.239559626510307641e-03
4.882802798757875269e-03
4.272460804865363219e-03
0.000000000000000000e+00
0.000000000000000000e+00
0.000000000000000000e+00
0.000000000000000000e+00
0.000000000000000000e+00
0.000000000000000000e+00
0.000000000000000000e+00
0.000000000000000000e+00
0.000000000000000000e+00
0.000000000000000000e+00
0.000000000000000000e+00
0.000000000000000000e+00
0.000000000000000000e+00
0.000000000000000000e+00
0.000000000000000000e+00
0.000000000000000000e+00
0.000000000000000000e+00
0.000000000000000000e+00
1.500678269864276437e+00
4.483553369481915851e+00
1.190094429126358300e+01
2.959731964091544931e+00
8.826766045822408202e+00
4.383731294581753701e+00
0.000000000000000000e+00
0.000000000000000000e+00
1.422619279714792961e+00
1.405830553902068791e+00
0.000000000000000000e+00
0.000000000000000000e+00
0.000000000000000000e+00
1.307719656795440555e+00
1.272255159682329495e+00
0.000000000000000000e+00
0.000000000000000000e+00
0.000000000000000000e+00
0.000000000000000000e+00
9.825870786883099672e-01
0.000000000000000000e+00
0.000000000000000000e+00
6.971348588680905678e-01
0.000000000000000000e+00
4.852825635592212805e-01
0.000000000000000000e+00
0.000000000000000000e+00
4.378160947294784111e-01
0.000000000000000000e+00
0.000000000000000000e+00
6.582274177809292748e-02
7.625697015654092636e-02
5.858630112424112468e-02
4.943735775906184238e-02
1.464840839627362667e-02
6.408691207298045263e-03
0.000000000000000000e+00
0.000000000000000000e+00
0.000000000000000000e+00
0.000000000000000000e+00
0.000000000000000000e+00
0.000000000000000000e+00
0.000000000000000000e+00
0.000000000000000000e+00
0.000000000000000000e+00
0.000000000000000000e+00
0.000000000000000000e+00
0.000000000000000000e+00
0.000000000000000000e+00
0.000000000000000000e+00
0.000000000000000000e+00
0.000000000000000000e+00
0.000000000000000000e+00
0.000000000000000000e+00
1.506195209978576255e+00
1.500678269864276437e+00
8.967106738963831702e+00
4.462854109223843402e+00
8.879195892274633906e+00
2.942255348607469401e+00
4.383731294581753701e+00
4.350072009832874897e+00
0.000000000000000000e+00
1.422619279714792961e+00
1.405830553902068791e+00
0.000000000000000000e+00
2.728153838002840281e+00
0.000000000000000000e+00
1.307719656795440555e+00
0.000000000000000000e+00
0.000000000000000000e+00
1.182041580245927204e+00
0.000000000000000000e+00
1.058888938575228922e+00
0.000000000000000000e+00
8.960553845713439269e-01
8.001600123562556677e-01
6.971348588680905678e-01
0.000000000000000000e+00
0.000000000000000000e+00
0.000000000000000000e+00
0.000000000000000000e+00
2.189080473647392056e-01
1.549967419239409727e-01
1.042954806385087280e-01
0.000000000000000000e+00
0.000000000000000000e+00
3.905753408282741646e-02
0.000000000000000000e+00
1.464840839627362667e-02
3.967285033089265785e-03
0.000000000000000000e+00
0.000000000000000000e+00
0.000000000000000000e+00
0.000000000000000000e+00
0.000000000000000000e+00
0.000000000000000000e+00
0.000000000000000000e+00
0.000000000000000000e+00
0.000000000000000000e+00
0.000000000000000000e+00
0.000000000000000000e+00
0.000000000000000000e+00
0.000000000000000000e+00
0.000000000000000000e+00
0.000000000000000000e+00
0.000000000000000000e+00
0.000000000000000000e+00
0.000000000000000000e+00
0.000000000000000000e+00
1.506195209978576255e+00
6.002713079457105749e+00
8.967106738963831702e+00
5.950472145631791498e+00
0.000000000000000000e+00
4.413383022911204101e+00
1.461243764860584493e+00
0.000000000000000000e+00
0.000000000000000000e+00
1.422619279714792961e+00
1.405830553902068791e+00
0.000000000000000000e+00
0.000000000000000000e+00
1.338054815040071732e+00
0.000000000000000000e+00
0.000000000000000000e+00
0.000000000000000000e+00
0.000000000000000000e+00
0.000000000000000000e+00
0.000000000000000000e+00
0.000000000000000000e+00
0.000000000000000000e+00
0.000000000000000000e+00
0.000000000000000000e+00
0.000000000000000000e+00
0.000000000000000000e+00
3.858302793476471870e-01
0.000000000000000000e+00
0.000000000000000000e+00
4.649902257718229182e-01
2.085909612770174559e-01
6.582274177809292748e-02
3.812848507827046318e-02
1.952876704141370823e-02
8.239559626510307641e-03
9.765605597515750538e-03
2.136230402432681610e-03
0.000000000000000000e+00
0.000000000000000000e+00
0.000000000000000000e+00
0.000000000000000000e+00
0.000000000000000000e+00
0.000000000000000000e+00
0.000000000000000000e+00
0.000000000000000000e+00
0.000000000000000000e+00
0.000000000000000000e+00
0.000000000000000000e+00
0.000000000000000000e+00
0.000000000000000000e+00
0.000000000000000000e+00
0.000000000000000000e+00
0.000000000000000000e+00
0.000000000000000000e+00
0.000000000000000000e+00
0.000000000000000000e+00
1.511150001924220776e+00
6.024780839914305020e+00
6.002713079457105749e+00
4.483553369481915851e+00
4.462854109223843402e+00
2.959731964091544931e+00
2.942255348607469401e+00
7.306218824302922243e+00
1.450024003277625040e+00
2.874480935271534587e+00
0.000000000000000000e+00
0.000000000000000000e+00
0.000000000000000000e+00
1.364076919001420141e+00
0.000000000000000000e+00
1.307719656795440555e+00
0.000000000000000000e+00
1.230715447488967884e+00
0.000000000000000000e+00
0.000000000000000000e+00
0.000000000000000000e+00
0.000000000000000000e+00
0.000000000000000000e+00
1.600320024712511335e+00
0.000000000000000000e+00
5.906318823794730610e-01
0.000000000000000000e+00
0.000000000000000000e+00
0.000000000000000000e+00
0.000000000000000000e+00
1.549967419239409727e-01
0.000000000000000000e+00
0.000000000000000000e+00
3.812848507827046318e-02
1.952876704141370823e-02
8.239559626510307641e-03
2.441401399378937635e-03
2.441406174208779045e-03
0.000000000000000000e+00
0.000000000000000000e+00
0.000000000000000000e+00
0.000000000000000000e+00
0.000000000000000000e+00
0.000000000000000000e+00
0.000000000000000000e+00
0.000000000000000000e+00
0.000000000000000000e+00
0.000000000000000000e+00
0.000000000000000000e+00
0.000000000000000000e+00
0.000000000000000000e+00
0.000000000000000000e+00
0.000000000000000000e+00
0.000000000000000000e+00
0.000000000000000000e+00
0.000000000000000000e+00
0.000000000000000000e+00
3.031224203472683065e+00
9.066900011545325100e+00
4.518585629935728321e+00
3.001356539728552875e+00
2.989035579654610419e+00
0.000000000000000000e+00
1.479865982045772466e+00
1.471127674303734700e+00
0.000000000000000000e+00
1.450024003277625040e+00
0.000000000000000000e+00
1.422619279714792961e+00
0.000000000000000000e+00
0.000000000000000000e+00
0.000000000000000000e+00
0.000000000000000000e+00
0.000000000000000000e+00
0.000000000000000000e+00
0.000000000000000000e+00
0.000000000000000000e+00
0.000000000000000000e+00
0.000000000000000000e+00
0.000000000000000000e+00
0.000000000000000000e+00
0.000000000000000000e+00
6.971348588680905678e-01
5.906318823794730610e-01
0.000000000000000000e+00
0.000000000000000000e+00
0.000000000000000000e+00
0.000000000000000000e+00
0.000000000000000000e+00
0.000000000000000000e+00
0.000000000000000000e+00
3.812848507827046318e-02
1.952876704141370823e-02
8.239559626510307641e-03
7.324204198136813337e-03
2.136230402432681610e-03
0.000000000000000000e+00
0.000000000000000000e+00
0.000000000000000000e+00
0.000000000000000000e+00
0.000000000000000000e+00
0.000000000000000000e+00
0.000000000000000000e+00
0.000000000000000000e+00
0.000000000000000000e+00
0.000000000000000000e+00
0.000000000000000000e+00
0.000000000000000000e+00
0.000000000000000000e+00
0.000000000000000000e+00
0.000000000000000000e+00
0.000000000000000000e+00
0.000000000000000000e+00
0.000000000000000000e+00
0.000000000000000000e+00
3.039281991600626842e+00
3.031224203472683065e+00
4.533450005772662550e+00
4.518585629935728321e+00
1.500678269864276437e+00
1.494517789827305210e+00
2.975236072815895749e+00
2.959731964091544931e+00
0.000000000000000000e+00
0.000000000000000000e+00
1.450024003277625040e+00
0.000000000000000000e+00
0.000000000000000000e+00
0.000000000000000000e+00
0.000000000000000000e+00
0.000000000000000000e+00
0.000000000000000000e+00
1.307719656795440555e+00
1.272255159682329495e+00
0.000000000000000000e+00
0.000000000000000000e+00
0.000000000000000000e+00
0.000000000000000000e+00
0.000000000000000000e+00
0.000000000000000000e+00
0.000000000000000000e+00
0.000000000000000000e+00
0.000000000000000000e+00
0.000000000000000000e+00
0.000000000000000000e+00
0.000000000000000000e+00
0.000000000000000000e+00
0.000000000000000000e+00
2.085909612770174559e-01
0.000000000000000000e+00
7.625697015654092636e-02
1.952876704141370823e-02
8.239559626510307641e-03
7.324204198136813337e-03
2.136230402432681610e-03
0.000000000000000000e+00
0.000000000000000000e+00
0.000000000000000000e+00
0.000000000000000000e+00
0.000000000000000000e+00
0.000000000000000000e+00
0.000000000000000000e+00
0.000000000000000000e+00
0.000000000000000000e+00
0.000000000000000000e+00
0.000000000000000000e+00
0.000000000000000000e+00
0.000000000000000000e+00
0.000000000000000000e+00
0.000000000000000000e+00
0.000000000000000000e+00
0.000000000000000000e+00
0.000000000000000000e+00
0.000000000000000000e+00
1.523287812427410515e+00
1.519640995800313421e+00
0.000000000000000000e+00
1.511150001924220776e+00
1.506195209978576255e+00
0.000000000000000000e+00
2.989035579654610419e+00
0.000000000000000000e+00
0.000000000000000000e+00
0.000000000000000000e+00
1.461243764860584493e+00
0.000000000000000000e+00
1.437240467635767294e+00
0.000000000000000000e+00
0.000000000000000000e+00
0.000000000000000000e+00
0.000000000000000000e+00
0.000000000000000000e+00
0.000000000000000000e+00
0.000000000000000000e+00
0.000000000000000000e+00
0.000000000000000000e+00
0.000000000000000000e+00
0.000000000000000000e+00
0.000000000000000000e+00
0.000000000000000000e+00
0.000000000000000000e+00
0.000000000000000000e+00
0.000000000000000000e+00
0.000000000000000000e+00
0.000000000000000000e+00
0.000000000000000000e+00
0.000000000000000000e+00
1.549967419239409727e-01
0.000000000000000000e+00
0.000000000000000000e+00
0.000000000000000000e+00
0.000000000000000000e+00
8.239559626510307641e-03
4.882802798757875269e-03
1.831054630656584175e-03
0.000000000000000000e+00
0.000000000000000000e+00
0.000000000000000000e+00
0.000000000000000000e+00
0.000000000000000000e+00
0.000000000000000000e+00
0.000000000000000000e+00
0.000000000000000000e+00
0.000000000000000000e+00
0.000000000000000000e+00
0.000000000000000000e+00
0.000000000000000000e+00
0.000000000000000000e+00
0.000000000000000000e+00
0.000000000000000000e+00
0.000000000000000000e+00
0.000000000000000000e+00
0.000000000000000000e+00
0.000000000000000000e+00
0.000000000000000000e+00
3.046575624854821029e+00
7.598204979001566883e+00
3.031224203472683065e+00
3.022300003848441552e+00
3.012390419957152510e+00
0.000000000000000000e+00
0.000000000000000000e+00
0.000000000000000000e+00
0.000000000000000000e+00
0.000000000000000000e+00
0.000000000000000000e+00
0.000000000000000000e+00
1.437240467635767294e+00
0.000000000000000000e+00
0.000000000000000000e+00
1.386476391214087167e+00
0.000000000000000000e+00
0.000000000000000000e+00
0.000000000000000000e+00
0.000000000000000000e+00
0.000000000000000000e+00
1.182041580245927204e+00
0.000000000000000000e+00
0.000000000000000000e+00
0.000000000000000000e+00
0.000000000000000000e+00
8.001600123562556677e-01
0.000000000000000000e+00
0.000000000000000000e+00
0.000000000000000000e+00
0.000000000000000000e+00
0.000000000000000000e+00
0.000000000000000000e+00
0.000000000000000000e+00
0.000000000000000000e+00
0.000000000000000000e+00
0.000000000000000000e+00
1.952876704141370823e-02
0.000000000000000000e+00
7.324204198136813337e-03
1.220703087104389522e-03
0.000000000000000000e+00
0.000000000000000000e+00
0.000000000000000000e+00
0.000000000000000000e+00
0.000000000000000000e+00
0.000000000000000000e+00
0.000000000000000000e+00
0.000000000000000000e+00
0.000000000000000000e+00
0.000000000000000000e+00
0.000000000000000000e+00
0.000000000000000000e+00
0.000000000000000000e+00
0.000000000000000000e+00
0.000000000000000000e+00
0.000000000000000000e+00
0.000000000000000000e+00
0.000000000000000000e+00
0.000000000000000000e+00
0.000000000000000000e+00
7.632983236317334885e+00
4.569863437282231544e+00
0.000000000000000000e+00
0.000000000000000000e+00
0.000000000000000000e+00
1.506195209978576255e+00
0.000000000000000000e+00
0.000000000000000000e+00
0.000000000000000000e+00
0.000000000000000000e+00
0.000000000000000000e+00
0.000000000000000000e+00
0.000000000000000000e+00
0.000000000000000000e+00
0.000000000000000000e+00
0.000000000000000000e+00
0.000000000000000000e+00
0.000000000000000000e+00
0.000000000000000000e+00
0.000000000000000000e+00
0.000000000000000000e+00
0.000000000000000000e+00
0.000000000000000000e+00
0.000000000000000000e+00
0.000000000000000000e+00
0.000000000000000000e+00
0.000000000000000000e+00
0.000000000000000000e+00
6.971348588680905678e-01
0.000000000000000000e+00
0.000000000000000000e+00
0.000000000000000000e+00
0.000000000000000000e+00
0.000000000000000000e+00
1.549967419239409727e-01
0.000000000000000000e+00
6.582274177809292748e-02
7.625697015654092636e-02
0.000000000000000000e+00
0.000000000000000000e+00
2.441401399378937635e-03
3.051757717760973806e-04
0.000000000000000000e+00
0.000000000000000000e+00
0.000000000000000000e+00
0.000000000000000000e+00
0.000000000000000000e+00
0.000000000000000000e+00
0.000000000000000000e+00
0.000000000000000000e+00
0.000000000000000000e+00
0.000000000000000000e+00
0.000000000000000000e+00
0.000000000000000000e+00
0.000000000000000000e+00
0.000000000000000000e+00
0.000000000000000000e+00
0.000000000000000000e+00
0.000000000000000000e+00
0.000000000000000000e+00
0.000000000000000000e+00
0.000000000000000000e+00
4.588816971396429523e+00
1.526596647263466888e+00
0.000000000000000000e+00
0.000000000000000000e+00
0.000000000000000000e+00
0.000000000000000000e+00
0.000000000000000000e+00
0.000000000000000000e+00
1.494517789827305210e+00
0.000000000000000000e+00
0.000000000000000000e+00
0.000000000000000000e+00
0.000000000000000000e+00
0.000000000000000000e+00
0.000000000000000000e+00
0.000000000000000000e+00
0.000000000000000000e+00
0.000000000000000000e+00
0.000000000000000000e+00
0.000000000000000000e+00
0.000000000000000000e+00
0.000000000000000000e+00
0.000000000000000000e+00
0.000000000000000000e+00
0.000000000000000000e+00
0.000000000000000000e+00
0.000000000000000000e+00
0.000000000000000000e+00
0.000000000000000000e+00
0.000000000000000000e+00
1.181263764758946122e+00
0.000000000000000000e+00
3.858302793476471870e-01
0.000000000000000000e+00
0.000000000000000000e+00
0.000000000000000000e+00
0.000000000000000000e+00
0.000000000000000000e+00
0.000000000000000000e+00
0.000000000000000000e+00
0.000000000000000000e+00
4.882802798757875269e-03
1.831054630656584175e-03
0.000000000000000000e+00
0.000000000000000000e+00
0.000000000000000000e+00
0.000000000000000000e+00
0.000000000000000000e+00
0.000000000000000000e+00
0.000000000000000000e+00
0.000000000000000000e+00
0.000000000000000000e+00
0.000000000000000000e+00
0.000000000000000000e+00
0.000000000000000000e+00
0.000000000000000000e+00
0.000000000000000000e+00
0.000000000000000000e+00
0.000000000000000000e+00
0.000000000000000000e+00
0.000000000000000000e+00
0.000000000000000000e+00
0.000000000000000000e+00
3.064695931934130702e+00
3.059211314264286496e+00
0.000000000000000000e+00
0.000000000000000000e+00
0.000000000000000000e+00
0.000000000000000000e+00
0.000000000000000000e+00
0.000000000000000000e+00
0.000000000000000000e+00
1.494517789827305210e+00
0.000000000000000000e+00
1.479865982045772466e+00
0.000000000000000000e+00
0.000000000000000000e+00
0.000000000000000000e+00
0.000000000000000000e+00
0.000000000000000000e+00
0.000000000000000000e+00
0.000000000000000000e+00
0.000000000000000000e+00
0.000000000000000000e+00
0.000000000000000000e+00
1.272255159682329495e+00
0.000000000000000000e+00
0.000000000000000000e+00
0.000000000000000000e+00
0.000000000000000000e+00
0.000000000000000000e+00
0.000000000000000000e+00
0.000000000000000000e+00
0.000000000000000000e+00
5.906318823794730610e-01
0.000000000000000000e+00
3.858302793476471870e-01
0.000000000000000000e+00
4.378160947294784111e-01
0.000000000000000000e+00
1.042954806385087280e-01
0.000000000000000000e+00
3.812848507827046318e-02
0.000000000000000000e+00
0.000000000000000000e+00
0.000000000000000000e+00
9.155273153282920875e-04
0.000000000000000000e+00
