# pd_vector
0.000000000000000000e+00
0.000000000000000000e+00
0.000000000000000000e+00
0.000000000000000000e+00
0.000000000000000000e+00
0.000000000000000000e+00
0.000000000000000000e+00
0.000000000000000000e+00
0.000000000000000000e+00
0.000000000000000000e+00
0.000000000000000000e+00
0.000000000000000000e+00
0.000000000000000000e+00
0.000000000000000000e+00
0.000000000000000000e+00
0.000000000000000000e+00
0.000000000000000000e+00
0.000000000000000000e+00
0.000000000000000000e+00
1.403808550170048026e-02
0.000000000000000000e+00
0.000000000000000000e+00
0.000000000000000000e+00
0.000000000000000000e+00
0.000000000000000000e+00
0.000000000000000000e+00
1.528930616598247749e-01
0.000000000000000000e+00
0.000000000000000000e+00
0.000000000000000000e+00
0.000000000000000000e+00
0.000000000000000000e+00
0.000000000000000000e+00
0.000000000000000000e+00
1.538085889751530821e+00
0.000000000000000000e+00
0.000000000000000000e+00
0.000000000000000000e+00
0.000000000000000000e+00
0.000000000000000000e+00
0.000000000000000000e+00
0.000000000000000000e+00
7.324204198136813337e-03
6.204528615979835848e+00
0.000000000000000000e+00
0.000000000000000000e+00
0.000000000000000000e+00
0.000000000000000000e+00
0.000000000000000000e+00
0.000000000000000000e+00
0.000000000000000000e+00
0.000000000000000000e+00
5.200184980677136970e+00
1.342987018855071746e+01
0.000000000000000000e+00
0.000000000000000000e+00
0.000000000000000000e+00
0.000000000000000000e+00
0.000000000000000000e+00
0.000000000000000000e+00
0.000000000000000000e+00
0.000000000000000000e+00
6.179669719882731060e-01
1.515133708454568762e+01
7.170715109422959976e+00
0.000000000000000000e+00
0.000000000000000000e+00
0.000000000000000000e+00
0.000000000000000000e+00
0.000000000000000000e+00
0.000000000000000000e+00
0.000000000000000000e+00
0.000000000000000000e+00
9.764383520706854114e-02
2.397711851314499487e+00
3.110345382808766601e+00
4.487914899739288366e+00
0.000000000000000000e+00
0.000000000000000000e+00
0.000000000000000000e+00
0.000000000000000000e+00
0.000000000000000000e+00
0.000000000000000000e+00
0.000000000000000000e+00
0.000000000000000000e+00
3.812848507827046318e-02
7.420931475737209126e-01
1.087621870699360560e+00
2.597651088939189723e+00
4.348144396265835709e+00
0.000000000000000000e+00
0.000000000000000000e+00
0.000000000000000000e+00
0.000000000000000000e+00
0.000000000000000000e+00
0.000000000000000000e+00
0.000000000000000000e+00
0.000000000000000000e+00
0.000000000000000000e+00
1.143854552348113895e-01
1.367013692898959576e-01
1.516078971277896592e+00
3.837882999823690078e+00
4.201354850041532529e+00
0.000000000000000000e+00
0.000000000000000000e+00
0.000000000000000000e+00
0.000000000000000000e+00
0.000000000000000000e+00
0.000000000000000000e+00
0.000000000000000000e+00
0.000000000000000000e+00
0.000000000000000000e+00
0.000000000000000000e+00
1.525139403130818527e-01
5.663342442009975386e-01
3.427656804628287812e+00
4.450674751067803747e+00
3.802184940558397397e+00
0.000000000000000000e+00
0.000000000000000000e+00
0.000000000000000000e+00
0.000000000000000000e+00
0.000000000000000000e+00
0.000000000000000000e+00
0.000000000000000000e+00
0.000000000000000000e+00
0.000000000000000000e+00
0.000000000000000000e+00
0.000000000000000000e+00
1.525139403130818527e-01
1.406071226981786992e+00
4.276331446158849303e+00
4.831533369370917264e+00
3.493652235292763031e+00
0.000000000000000000e+00
0.000000000000000000e+00
0.000000000000000000e+00
0.000000000000000000e+00
0.000000000000000000e+00
0.000000000000000000e+00
0.000000000000000000e+00
0.000000000000000000e+00
0.000000000000000000e+00
0.000000000000000000e+00
0.000000000000000000e+00
1.316454835561858550e-01
1.143854552348113840e+00
3.515178067454467481e+00
5.248599482087065837e+00
4.741201517593896853e+00
3.093566798494299164e+00
0.000000000000000000e+00
0.000000000000000000e+00
0.000000000000000000e+00
0.000000000000000000e+00
0.000000000000000000e+00
0.000000000000000000e+00
0.000000000000000000e+00
0.000000000000000000e+00
0.000000000000000000e+00
0.000000000000000000e+00
0.000000000000000000e+00
2.085909612770174559e-01
1.250632093783765608e+00
3.317178201809530158e+00
4.921249294436254473e+00
5.841847775195808445e+00
4.821767763773402216e+00
2.678222573107030602e+00
0.000000000000000000e+00
0.000000000000000000e+00
0.000000000000000000e+00
0.000000000000000000e+00
0.000000000000000000e+00
0.000000000000000000e+00
0.000000000000000000e+00
0.000000000000000000e+00
0.000000000000000000e+00
0.000000000000000000e+00
0.000000000000000000e+00
0.000000000000000000e+00
3.128864419155261700e-01
1.908859511564694911e+00
4.956703060175160047e+00
8.065380788103862386e+00
7.184895994316987888e+00
4.543448004244202920e+00
2.272338796644821191e+00
0.000000000000000000e+00
0.000000000000000000e+00
0.000000000000000000e+00
0.000000000000000000e+00
0.000000000000000000e+00
0.000000000000000000e+00
0.000000000000000000e+00
0.000000000000000000e+00
0.000000000000000000e+00
0.000000000000000000e+00
0.000000000000000000e+00
0.000000000000000000e+00
3.099934838478819454e-01
1.251545767662104680e+00
3.620250797795110831e+00
8.273881261984691093e+00
8.983232839050305785e+00
7.423843223485786957e+00
4.309073469903824893e+00
1.991577086610811564e+00
0.000000000000000000e+00
0.000000000000000000e+00
0.000000000000000000e+00
0.000000000000000000e+00
0.000000000000000000e+00
0.000000000000000000e+00
0.000000000000000000e+00
0.000000000000000000e+00
0.000000000000000000e+00
0.000000000000000000e+00
0.000000000000000000e+00
0.000000000000000000e+00
2.189080473647392056e-01
7.749837096197048636e-01
4.067523744901840210e+00
1.007087949204821875e+01
1.029469097113302567e+01
1.081893694094319436e+01
7.250812471329070696e+00
3.867179816616236998e+00
1.689147896780698987e+00
0.000000000000000000e+00
0.000000000000000000e+00
0.000000000000000000e+00
0.000000000000000000e+00
0.000000000000000000e+00
0.000000000000000000e+00
0.000000000000000000e+00
0.000000000000000000e+00
0.000000000000000000e+00
0.000000000000000000e+00
0.000000000000000000e+00
0.000000000000000000e+00
2.961984274725674715e-01
4.378160947294784111e-01
2.634944612706996647e+00
8.552229412357716498e+00
1.421771222406807311e+01
1.227737219520308898e+01
1.054553420236340244e+01
6.550449903075694635e+00
3.310540297557839295e+00
1.451110794795342995e+00
0.000000000000000000e+00
0.000000000000000000e+00
0.000000000000000000e+00
0.000000000000000000e+00
0.000000000000000000e+00
0.000000000000000000e+00
0.000000000000000000e+00
0.000000000000000000e+00
0.000000000000000000e+00
0.000000000000000000e+00
0.000000000000000000e+00
0.000000000000000000e+00
0.000000000000000000e+00
2.961984274725674715e-01
2.845804615741609478e+00
7.749837096197048858e+00
1.470566277002973088e+01
1.507340786718328118e+01
1.410753947896007077e+01
9.295693111712925116e+00
5.775931298183725637e+00
2.900384862462177971e+00
1.243591269987596837e+00
0.000000000000000000e+00
0.000000000000000000e+00
0.000000000000000000e+00
0.000000000000000000e+00
0.000000000000000000e+00
0.000000000000000000e+00
0.000000000000000000e+00
0.000000000000000000e+00
0.000000000000000000e+00
0.000000000000000000e+00
0.000000000000000000e+00
0.000000000000000000e+00
0.000000000000000000e+00
0.000000000000000000e+00
3.258182702198242353e+00
7.442873610401132822e+00
1.441469699892651057e+01
1.804311815046201062e+01
1.783796302186318172e+01
1.345935523262947342e+01
8.514542430056376787e+00
5.026131372171287914e+00
2.497553631564653376e+00
1.030273405516104690e+00
0.000000000000000000e+00
0.000000000000000000e+00
0.000000000000000000e+00
0.000000000000000000e+00
0.000000000000000000e+00
0.000000000000000000e+00
0.000000000000000000e+00
0.000000000000000000e+00
0.000000000000000000e+00
0.000000000000000000e+00
0.000000000000000000e+00
0.000000000000000000e+00
0.000000000000000000e+00
9.705651271184425610e-01
2.700811955433530365e+00
8.293555969231888980e+00
1.576137941026122213e+01
1.875460577279685737e+01
1.877318651493157020e+01
1.586328076852039537e+01
1.185795885934211391e+01
7.342816407571554294e+00
4.177456730640725979e+00
2.050777175478307512e+00
8.911132535862043014e-01
0.000000000000000000e+00
0.000000000000000000e+00
0.000000000000000000e+00
0.000000000000000000e+00
0.000000000000000000e+00
0.000000000000000000e+00
0.000000000000000000e+00
0.000000000000000000e+00
0.000000000000000000e+00
0.000000000000000000e+00
0.000000000000000000e+00
0.000000000000000000e+00
0.000000000000000000e+00
0.000000000000000000e+00
1.455847690677663842e+00
3.472472514128824628e+00
1.273653238132040144e+01
1.598028745762596259e+01
2.324951128859114746e+01
2.054620968578621998e+01
1.586328076852039537e+01
1.128603158316805732e+01
7.381873941654381710e+00
3.847874345580313715e+00
1.821285443936687454e+00
7.568359140047214995e-01
0.000000000000000000e+00
0.000000000000000000e+00
0.000000000000000000e+00
0.000000000000000000e+00
0.000000000000000000e+00
0.000000000000000000e+00
0.000000000000000000e+00
0.000000000000000000e+00
0.000000000000000000e+00
0.000000000000000000e+00
0.000000000000000000e+00
0.000000000000000000e+00
0.000000000000000000e+00
0.000000000000000000e+00
0.000000000000000000e+00
4.852825635592212805e+00
1.041741754238647388e+01
1.777190564835404984e+01
2.123408059437970152e+01
2.479947870783055563e+01
2.033761872450920194e+01
1.303290287206239917e+01
9.150836418784910720e+00
5.389939703430183471e+00
3.279344731351102382e+00
1.596676515193825141e+00
6.701659948203098072e-01
0.000000000000000000e+00
0.000000000000000000e+00
0.000000000000000000e+00
0.000000000000000000e+00
0.000000000000000000e+00
0.000000000000000000e+00
0.000000000000000000e+00
0.000000000000000000e+00
0.000000000000000000e+00
0.000000000000000000e+00
0.000000000000000000e+00
0.000000000000000000e+00
0.000000000000000000e+00
8.001600123562556677e-01
2.091404576604271703e+00
4.134423176656311760e+00
9.220368707625205218e+00
1.967734424673000504e+01
2.221488206044255875e+01
2.167189668910918243e+01
2.510947219167843869e+01
1.960755036003964236e+01
1.296708013028430706e+01
7.663825500732363238e+00
4.960306828519081890e+00
2.999199704049751780e+00
1.342770769658415686e+00
5.123901208120674733e-01
0.000000000000000000e+00
0.000000000000000000e+00
0.000000000000000000e+00
0.000000000000000000e+00
0.000000000000000000e+00
0.000000000000000000e+00
0.000000000000000000e+00
0.000000000000000000e+00
0.000000000000000000e+00
0.000000000000000000e+00
0.000000000000000000e+00
0.000000000000000000e+00
0.000000000000000000e+00
0.000000000000000000e+00
8.001600123562556677e-01
1.394269717736181136e+00
1.122200576520998894e+01
2.135243279660573634e+01
2.585062871629236270e+01
2.813885060989391107e+01
2.232862083120339847e+01
1.906459925664474042e+01
1.689586786343841496e+01
9.675943041379660770e+00
6.748741858853872344e+00
4.257271215028188394e+00
2.669617318989339516e+00
1.123044643714311341e+00
4.498290875979675252e-01
0.000000000000000000e+00
0.000000000000000000e+00
0.000000000000000000e+00
0.000000000000000000e+00
0.000000000000000000e+00
0.000000000000000000e+00
0.000000000000000000e+00
0.000000000000000000e+00
0.000000000000000000e+00
0.000000000000000000e+00
0.000000000000000000e+00
0.000000000000000000e+00
0.000000000000000000e+00
0.000000000000000000e+00
0.000000000000000000e+00
0.000000000000000000e+00
1.045702288302135941e+01
1.535642894186629981e+01
3.057280150423094156e+01
3.048059206846412650e+01
2.873124746483904346e+01
2.123408059437970152e+01
1.937459274049261992e+01
1.115961642832043310e+01
8.227842722261616615e+00
5.833658216975380562e+00
3.690936970827190855e+00
1.985733869988984157e+00
9.545879471571646624e-01
3.723144415668387941e-01
0.000000000000000000e+00
0.000000000000000000e+00
0.000000000000000000e+00
0.000000000000000000e+00
0.000000000000000000e+00
0.000000000000000000e+00
0.000000000000000000e+00
0.000000000000000000e+00
0.000000000000000000e+00
0.000000000000000000e+00
0.000000000000000000e+00
0.000000000000000000e+00
0.000000000000000000e+00
0.000000000000000000e+00
0.000000000000000000e+00
1.792110769142687854e+00
7.201440111206300898e+00
2.091404576604271881e+01
2.185337964804050159e+01
3.008751894067172117e+01
2.777978011303059702e+01
2.961984274725674737e+01
2.079626449965022417e+01
1.844461228894897431e+01
1.115961642832043310e+01
8.162019980483522730e+00
5.833658216975380562e+00
2.968372590294883651e+00
1.631432806049040840e+00
7.910140533987758404e-01
3.207397361366783328e-01
0.000000000000000000e+00
0.000000000000000000e+00
0.000000000000000000e+00
0.000000000000000000e+00
0.000000000000000000e+00
0.000000000000000000e+00
0.000000000000000000e+00
0.000000000000000000e+00
0.000000000000000000e+00
0.000000000000000000e+00
0.000000000000000000e+00
0.000000000000000000e+00
0.000000000000000000e+00
0.000000000000000000e+00
0.000000000000000000e+00
9.825870786883099672e-01
4.480276922856719857e+00
6.401280098850045341e+00
1.742837147170226331e+01
3.602854482514785417e+01
3.348449688558626747e+01
2.970893150976883490e+01
2.636166004505850324e+01
1.926390816809704987e+01
1.286472957968710062e+01
8.969411334911750799e+00
5.002528375135062433e+00
4.041619418296669153e+00
2.441095880176713528e+00
1.367766898000711162e+00
6.494127722347974307e-01
2.789306554033529895e-01
0.000000000000000000e+00
0.000000000000000000e+00
0.000000000000000000e+00
0.000000000000000000e+00
0.000000000000000000e+00
0.000000000000000000e+00
0.000000000000000000e+00
0.000000000000000000e+00
0.000000000000000000e+00
0.000000000000000000e+00
0.000000000000000000e+00
0.000000000000000000e+00
0.000000000000000000e+00
0.000000000000000000e+00
0.000000000000000000e+00
0.000000000000000000e+00
1.965174157376619934e+00
7.168443076570751415e+00
2.640528040775643603e+01
2.927966407245980207e+01
2.953159411897365416e+01
3.542562713982315614e+01
2.970893150976883490e+01
1.688331036593634593e+01
1.685591964708491730e+01
1.146975890237163220e+01
6.779206241503067609e+00
5.594933051137898516e+00
3.698463052592234845e+00
2.070049306389853072e+00
1.384246017253731642e+00
5.664051246559135278e-01
2.221679618529988909e-01
0.000000000000000000e+00
0.000000000000000000e+00
0.000000000000000000e+00
0.000000000000000000e+00
0.000000000000000000e+00
0.000000000000000000e+00
0.000000000000000000e+00
0.000000000000000000e+00
0.000000000000000000e+00
0.000000000000000000e+00
0.000000000000000000e+00
0.000000000000000000e+00
0.000000000000000000e+00
0.000000000000000000e+00
0.000000000000000000e+00
0.000000000000000000e+00
3.176666815725686988e+00
9.825870786883099228e+00
2.329743999885494077e+01
3.600720055603150627e+01
3.834241723774498212e+01
3.189412164849154507e+01
2.814638868643483249e+01
2.430730759890177239e+01
1.777190564835404984e+01
1.182103455769591704e+01
9.454801257360399447e+00
5.423364993202453910e+00
4.015187248463668368e+00
2.783379410713743951e+00
1.542772596271682950e+00
9.145911185426441881e-01
5.200184980677137192e-01
2.130126886997159852e-01
0.000000000000000000e+00
0.000000000000000000e+00
0.000000000000000000e+00
0.000000000000000000e+00
0.000000000000000000e+00
0.000000000000000000e+00
0.000000000000000000e+00
0.000000000000000000e+00
0.000000000000000000e+00
0.000000000000000000e+00
0.000000000000000000e+00
0.000000000000000000e+00
0.000000000000000000e+00
0.000000000000000000e+00
0.000000000000000000e+00
0.000000000000000000e+00
1.125116986457390666e+00
1.058888938575228877e+01
2.063432865245450998e+01
3.136193845999703811e+01
2.640528040775643603e+01
3.903955209661307180e+01
2.539717094231734151e+01
2.280828048728340107e+01
1.851985340868706587e+01
1.895669935824431818e+01
1.006977017877800407e+01
7.749837096197048858e+00
6.466319799587541439e+00
3.883541764907482818e+00
2.783379410713743951e+00
1.367013692898959576e+00
9.805075955547266631e-01
4.418936532875877288e-01
1.721191352817189324e-01
0.000000000000000000e+00
0.000000000000000000e+00
0.000000000000000000e+00
0.000000000000000000e+00
0.000000000000000000e+00
0.000000000000000000e+00
0.000000000000000000e+00
0.000000000000000000e+00
0.000000000000000000e+00
0.000000000000000000e+00
0.000000000000000000e+00
0.000000000000000000e+00
0.000000000000000000e+00
0.000000000000000000e+00
0.000000000000000000e+00
0.000000000000000000e+00
3.546124740737781611e+00
1.012605287811651600e+01
1.270666726290274795e+01
2.554726404589606048e+01
3.225799384456838226e+01
3.200640049425022937e+01
3.625101266114070597e+01
2.835033035421470515e+01
2.232299792372418068e+01
1.697653229129647556e+01
1.214413552637526550e+01
8.537413847224829766e+00
4.959895741566111127e+00
4.380410186817366380e+00
2.369618704011345223e+00
1.982681224070064196e+00
1.171726022484822494e+00
6.179669719882731060e-01
3.588860057087038258e-01
1.330566364943784607e-01
0.000000000000000000e+00
0.000000000000000000e+00
0.000000000000000000e+00
0.000000000000000000e+00
0.000000000000000000e+00
0.000000000000000000e+00
0.000000000000000000e+00
0.000000000000000000e+00
0.000000000000000000e+00
0.000000000000000000e+00
0.000000000000000000e+00
0.000000000000000000e+00
0.000000000000000000e+00
0.000000000000000000e+00
0.000000000000000000e+00
0.000000000000000000e+00
2.461430894977935768e+00
2.364083160491854407e+00
1.125116986457390666e+01
2.435444558723026631e+01
3.340796067540254199e+01
3.763432615199644715e+01
2.880576044482520359e+01
2.439972006038317076e+01
2.716906658945575970e+01
1.504375947033586058e+01
1.118907810108176903e+01
1.095934181648499717e+01
6.129425326212698089e+00
4.959895741566111127e+00
3.233159899793770720e+00
2.698732412901810207e+00
1.830167283756982233e+00
1.308427391774718451e+00
7.333208067594173540e-01
3.173821819192618743e-01
1.184081994491257839e-01
0.000000000000000000e+00
0.000000000000000000e+00
0.000000000000000000e+00
0.000000000000000000e+00
0.000000000000000000e+00
0.000000000000000000e+00
0.000000000000000000e+00
0.000000000000000000e+00
0.000000000000000000e+00
0.000000000000000000e+00
0.000000000000000000e+00
0.000000000000000000e+00
0.000000000000000000e+00
0.000000000000000000e+00
0.000000000000000000e+00
0.000000000000000000e+00
1.272255159682329495e+00
6.153577237444839199e+00
9.456332641967417629e+00
2.025210575623303200e+01
4.447333542015961427e+01
3.439054775409084641e+01
3.046588307542569396e+01
2.400480037068766848e+01
1.951977604830653590e+01
1.417516517710735258e+01
1.019093383474364600e+01
1.273239921847235756e+01
6.220166976923916735e+00
3.940344852565305533e+00
3.409928322326701178e+00
1.877318651493157020e+00
1.777214028008509139e+00
1.448882432974277545e+00
7.616219146151346209e-01
5.767691738557215730e-01
2.465815413372726972e-01
9.918212582723165416e-02
0.000000000000000000e+00
0.000000000000000000e+00
0.000000000000000000e+00
0.000000000000000000e+00
0.000000000000000000e+00
0.000000000000000000e+00
0.000000000000000000e+00
0.000000000000000000e+00
0.000000000000000000e+00
0.000000000000000000e+00
0.000000000000000000e+00
0.000000000000000000e+00
0.000000000000000000e+00
0.000000000000000000e+00
0.000000000000000000e+00
0.000000000000000000e+00
0.000000000000000000e+00
0.000000000000000000e+00
8.615008132422774523e+00
2.718695634565632702e+01
2.475257370206259466e+01
3.812000178870824385e+01
2.358208988851944099e+01
2.329743999885494077e+01
2.000400030890639158e+01
1.673123661283417363e+01
1.476579705948682708e+01
8.735086144065983049e+00
1.157490838042941483e+01
6.812563831869051789e+00
5.691609231483218956e+00
3.254931580402760538e+00
2.920273457878244550e+00
1.184809352005672611e+00
1.601396373287359509e+00
6.053917782838249551e-01
3.625406235664535570e-01
1.977535133496939601e-01
8.117675529244190724e-02
0.000000000000000000e+00
0.000000000000000000e+00
0.000000000000000000e+00
0.000000000000000000e+00
0.000000000000000000e+00
0.000000000000000000e+00
0.000000000000000000e+00
0.000000000000000000e+00
0.000000000000000000e+00
0.000000000000000000e+00
0.000000000000000000e+00
0.000000000000000000e+00
0.000000000000000000e+00
0.000000000000000000e+00
0.000000000000000000e+00
0.000000000000000000e+00
0.000000000000000000e+00
3.923158970386321442e+00
5.089020638729317980e+00
2.338359350229038824e+01
3.900737214811559994e+01
3.712886055309389377e+01
3.070777921868164029e+01
3.046019943933760743e+01
1.881716307599822358e+01
1.920384029655013691e+01
1.533696689509799249e+01
1.181263764758946166e+01
1.067621639830286817e+01
6.173284469562354992e+00
4.739174839561079544e+00
4.597068994659522900e+00
2.944938096554878371e+00
2.294500574047192210e+00
1.513923060896137374e+00
1.181983037426384442e+00
6.835068464494797880e-01
3.543010639399432060e-01
1.928707105509360753e-01
7.537841562869605772e-02
0.000000000000000000e+00
0.000000000000000000e+00
0.000000000000000000e+00
0.000000000000000000e+00
0.000000000000000000e+00
0.000000000000000000e+00
0.000000000000000000e+00
0.000000000000000000e+00
0.000000000000000000e+00
0.000000000000000000e+00
0.000000000000000000e+00
0.000000000000000000e+00
0.000000000000000000e+00
0.000000000000000000e+00
0.000000000000000000e+00
0.000000000000000000e+00
0.000000000000000000e+00
0.000000000000000000e+00
7.846317940772642885e+00
2.417284803396426085e+01
1.723001626484554905e+01
3.073308108639410818e+01
3.262839260726433110e+01
2.647222346438072194e+01
1.375621910163633999e+01
1.344083076857015868e+01
1.760352027183762402e+01
8.365618306417086814e+00
8.268846353312623521e+00
4.852825635592212805e+00
2.700811955433530365e+00
4.146777984615944490e+00
3.064712663106349044e+00
2.324951128859114480e+00
2.085909612770174615e+00
1.645568544452323145e+00
6.100557612523274109e-01
5.468054771595838304e-01
2.471867887953092258e-01
1.611324923590098934e-01
5.767822086568240303e-02
0.000000000000000000e+00
0.000000000000000000e+00
0.000000000000000000e+00
0.000000000000000000e+00
0.000000000000000000e+00
0.000000000000000000e+00
0.000000000000000000e+00
0.000000000000000000e+00
0.000000000000000000e+00
0.000000000000000000e+00
0.000000000000000000e+00
0.000000000000000000e+00
0.000000000000000000e+00
0.000000000000000000e+00
0.000000000000000000e+00
0.000000000000000000e+00
1.386476391214087167e+00
0.000000000000000000e+00
4.014164445120215419e+00
1.700035553834072743e+01
3.180637899205823871e+01
2.953717073973523100e+01
2.245879002467261643e+01
2.137722274269042089e+01
1.270666726290274795e+01
1.375621910163633999e+01
1.164871999942747038e+01
1.040208016063132312e+01
9.062753165285176493e+00
6.496950706174203560e+00
6.793955889829097927e+00
5.401623910867060729e+00
2.369587419780539772e+00
1.970172426282652767e+00
1.549967419239409727e+00
1.981614132131665817e+00
1.053163868449486840e+00
7.244412164871387727e-01
4.101041078696878728e-01
2.471867887953092258e-01
1.220700699689468843e-01
5.065917811483216376e-02
0.000000000000000000e+00
0.000000000000000000e+00
0.000000000000000000e+00
0.000000000000000000e+00
0.000000000000000000e+00
0.000000000000000000e+00
0.000000000000000000e+00
0.000000000000000000e+00
0.000000000000000000e+00
0.000000000000000000e+00
0.000000000000000000e+00
0.000000000000000000e+00
0.000000000000000000e+00
0.000000000000000000e+00
0.000000000000000000e+00
0.000000000000000000e+00
0.000000000000000000e+00
0.000000000000000000e+00
0.000000000000000000e+00
8.028328890240430837e+00
2.223123416552249054e+01
3.180637899205823871e+01
3.076788618722419599e+01
2.127674844442669055e+01
2.475257370206259466e+01
1.376555620147797576e+01
7.860696629506479738e+00
9.856609230284783862e+00
5.601120086493789785e+00
6.971348588680905678e+00
3.543791294276838144e+00
6.308673326269876647e+00
5.015793631519413154e+00
3.258182702198242353e+00
2.189080473647392111e+00
7.749837096197048636e-01
5.214774031925436537e-01
7.898729013371150742e-01
4.194133358609750672e-01
4.686904089939289975e-01
2.471867887953092258e-01
9.765605597515750191e-02
4.821777194062338429e-02
0.000000000000000000e+00
0.000000000000000000e+00
0.000000000000000000e+00
0.000000000000000000e+00
0.000000000000000000e+00
0.000000000000000000e+00
0.000000000000000000e+00
0.000000000000000000e+00
0.000000000000000000e+00
0.000000000000000000e+00
0.000000000000000000e+00
0.000000000000000000e+00
0.000000000000000000e+00
0.000000000000000000e+00
0.000000000000000000e+00
0.000000000000000000e+00
0.000000000000000000e+00
1.405830553902068791e+00
4.159429173642261723e+00
1.091261535201136113e+01
2.809915111584150793e+01
2.223123416552249054e+01
2.290059287428193002e+01
2.584502439726832534e+01
1.300245738270519880e+01
1.912698876977564311e+01
6.353333631451373975e+00
7.860696629506479738e+00
5.376332307428063118e+00
2.400480037068767114e+00
4.879944012076633975e+00
4.725055059035784488e+00
1.941130254236885122e+00
1.929151396738235880e+00
2.073388992307972245e+00
1.094540236823696056e+00
1.394970677315468865e+00
7.300683644695611374e-01
5.265819342247434198e-01
5.719272761740569200e-01
2.343452044969644987e-01
1.895098714097370740e-01
1.171872671701890134e-01
3.417968643892290576e-02
0.000000000000000000e+00
0.000000000000000000e+00
0.000000000000000000e+00
0.000000000000000000e+00
0.000000000000000000e+00
0.000000000000000000e+00
0.000000000000000000e+00
0.000000000000000000e+00
0.000000000000000000e+00
0.000000000000000000e+00
0.000000000000000000e+00
0.000000000000000000e+00
0.000000000000000000e+00
0.000000000000000000e+00
0.000000000000000000e+00
0.000000000000000000e+00
0.000000000000000000e+00
1.422619279714792961e+00
4.217491661706206152e+00
8.318858347284523447e+00
1.091261535201136113e+01
4.281775408128229543e+01
1.700035553834072743e+01
1.272255159682329406e+01
1.107643902740071162e+01
1.063837422221334528e+01
4.500467945829562666e+00
6.353333631451373975e+00
6.878109550818169993e+00
1.792110769142687854e+00
3.200640049425022671e+00
1.394269717736181136e+00
2.953159411897365416e+00
3.882260508473770244e+00
1.929151396738235880e+00
5.923968549451349430e-01
2.189080473647392056e-01
6.199869676957638909e-01
6.257728838310523400e-01
5.265819342247434198e-01
3.050278806261637055e-01
1.757589033727233740e-01
1.895098714097370740e-01
8.056624617950494671e-02
3.143310449293802711e-02
0.000000000000000000e+00
0.000000000000000000e+00
0.000000000000000000e+00
0.000000000000000000e+00
0.000000000000000000e+00
0.000000000000000000e+00
0.000000000000000000e+00
0.000000000000000000e+00
0.000000000000000000e+00
0.000000000000000000e+00
0.000000000000000000e+00
0.000000000000000000e+00
0.000000000000000000e+00
0.000000000000000000e+00
0.000000000000000000e+00
0.000000000000000000e+00
0.000000000000000000e+00
0.000000000000000000e+00
1.422619279714792961e+00
4.217491661706206152e+00
2.495657504185356856e+01
1.636892302801704346e+01
1.873276741056100292e+01
1.176947691115896433e+01
1.653931707587028299e+01
1.230715447488967840e+01
9.456332641967417629e+00
7.875818905201734665e+00
4.235555754300915687e+00
3.930348314753239869e+00
1.792110769142687854e+00
1.600320024712511335e+00
6.274213729812815110e+00
3.543791294276838144e+00
2.911695381355327683e+00
3.858302793476471870e-01
1.184793709890269886e+00
1.094540236823696056e+00
6.199869676957638909e-01
6.257728838310523400e-01
1.974682253342787686e-01
3.050278806261637055e-01
1.757589033727233740e-01
1.071142751446339941e-01
6.347643638385237763e-02
2.441406174208779131e-02
0.000000000000000000e+00
0.000000000000000000e+00
0.000000000000000000e+00
0.000000000000000000e+00
0.000000000000000000e+00
0.000000000000000000e+00
0.000000000000000000e+00
0.000000000000000000e+00
0.000000000000000000e+00
0.000000000000000000e+00
0.000000000000000000e+00
0.000000000000000000e+00
0.000000000000000000e+00
0.000000000000000000e+00
0.000000000000000000e+00
0.000000000000000000e+00
0.000000000000000000e+00
0.000000000000000000e+00
1.437240467635767294e+00
9.958334958003550952e+00
1.405830553902068836e+01
2.218362225942539467e+01
1.773299994701846316e+01
1.605665778048086167e+01
5.230878627181762219e+00
1.526706191618795394e+01
8.615008132422774523e+00
8.274291061721489982e+00
4.500467945829562666e+00
7.412222570026602675e+00
4.912935393441549614e+00
4.480276922856719857e+00
5.601120086493789785e+00
6.971348588680905678e-01
1.181263764758946122e+00
1.455847690677663842e+00
1.929151396738235880e+00
8.885952824177023590e-01
1.532356331553174522e+00
6.199869676957638909e-01
5.214774031925436537e-01
1.974682253342787686e-01
3.812848507827046318e-01
1.952876704141370823e-01
8.239559626510307988e-02
4.882802798757875096e-02
1.678466744768535718e-02
0.000000000000000000e+00
0.000000000000000000e+00
0.000000000000000000e+00
0.000000000000000000e+00
0.000000000000000000e+00
0.000000000000000000e+00
0.000000000000000000e+00
0.000000000000000000e+00
0.000000000000000000e+00
0.000000000000000000e+00
0.000000000000000000e+00
0.000000000000000000e+00
0.000000000000000000e+00
0.000000000000000000e+00
0.000000000000000000e+00
0.000000000000000000e+00
0.000000000000000000e+00
0.000000000000000000e+00
4.350072009832874897e+00
4.311721402907301659e+00
1.849405063629230739e+01
1.405830553902068836e+01
2.079714586821130595e+01
1.091261535201136113e+01
9.366383705280501459e+00
5.230878627181762219e+00
5.089020638729317980e+00
7.384292684933807749e+00
5.910207901229636462e+00
5.625584932286953332e+00
2.117777877150457844e+00
3.930348314753239869e+00
5.376332307428063118e+00
4.000800061781278671e+00
2.091404576604271703e+00
1.771895647138419072e+00
1.941130254236885122e+00
1.157490838042941617e+00
0.000000000000000000e+00
1.313448284188435178e+00
1.549967419239409727e-01
4.171819225540349119e-01
3.949364506685575371e-01
2.668993955478932145e-01
1.562301363313096658e-01
8.239559626510307988e-02
3.906242239006300215e-02
2.044677670899852293e-02
0.000000000000000000e+00
0.000000000000000000e+00
0.000000000000000000e+00
0.000000000000000000e+00
0.000000000000000000e+00
0.000000000000000000e+00
0.000000000000000000e+00
0.000000000000000000e+00
0.000000000000000000e+00
0.000000000000000000e+00
0.000000000000000000e+00
0.000000000000000000e+00
0.000000000000000000e+00
0.000000000000000000e+00
0.000000000000000000e+00
0.000000000000000000e+00
0.000000000000000000e+00
0.000000000000000000e+00
1.461243764860584493e+00
4.350072009832874897e+00
1.149792374108613835e+01
1.849405063629230739e+01
1.405830553902068836e+01
9.705334738498610392e+00
1.091261535201136113e+01
1.070443852032057386e+01
5.230878627181762219e+00
5.089020638729317980e+00
0.000000000000000000e+00
0.000000000000000000e+00
1.125116986457390666e+00
2.117777877150457844e+00
1.965174157376619934e+00
0.000000000000000000e+00
2.400480037068767114e+00
1.394269717736181136e+00
1.181263764758946122e+00
9.705651271184425610e-01
3.858302793476471870e-01
0.000000000000000000e+00
2.189080473647392056e-01
1.549967419239409727e-01
3.128864419155261700e-01
1.974682253342787686e-01
1.906424253913523159e-01
1.757589033727233740e-01
4.119779813255153994e-02
3.906242239006300215e-02
1.739501899123755205e-02
0.000000000000000000e+00
0.000000000000000000e+00
0.000000000000000000e+00
0.000000000000000000e+00
0.000000000000000000e+00
0.000000000000000000e+00
0.000000000000000000e+00
0.000000000000000000e+00
0.000000000000000000e+00
0.000000000000000000e+00
0.000000000000000000e+00
0.000000000000000000e+00
0.000000000000000000e+00
0.000000000000000000e+00
0.000000000000000000e+00
0.000000000000000000e+00
0.000000000000000000e+00
1.479865982045772466e+00
0.000000000000000000e+00
2.922487529721168986e+00
1.595026403605387522e+01
2.155860701453650918e+01
1.564881207686272191e+01
8.434983323412412304e+00
1.525124030335495817e+01
4.092230757004260866e+00
4.014164445120215419e+00
3.923158970386321442e+00
5.089020638729317980e+00
2.461430894977935768e+00
7.092249481475563222e+00
4.500467945829562666e+00
1.058888938575228922e+00
4.912935393441549614e+00
2.688166153714031559e+00
3.200640049425022671e+00
6.971348588680905678e-01
1.771895647138419072e+00
9.705651271184425610e-01
1.157490838042941617e+00
2.073388992307972245e+00
6.567241420942175889e-01
1.549967419239409727e-01
3.128864419155261700e-01
3.949364506685575371e-01
1.906424253913523159e-01
9.764383520706854114e-02
9.063515589161338926e-02
2.685541539316831441e-02
1.251220664281999309e-02
0.000000000000000000e+00
0.000000000000000000e+00
0.000000000000000000e+00
0.000000000000000000e+00
0.000000000000000000e+00
0.000000000000000000e+00
0.000000000000000000e+00
0.000000000000000000e+00
0.000000000000000000e+00
0.000000000000000000e+00
0.000000000000000000e+00
0.000000000000000000e+00
0.000000000000000000e+00
0.000000000000000000e+00
0.000000000000000000e+00
0.000000000000000000e+00
0.000000000000000000e+00
0.000000000000000000e+00
0.000000000000000000e+00
4.413383022911204101e+00
1.461243764860584449e+01
7.250120016388125421e+00
1.868412607926497415e+01
1.422619279714792917e+01
1.827579720072689540e+01
5.545905564856348668e+00
2.728153838002840281e+00
8.028328890240430837e+00
2.615439313590881110e+00
1.272255159682329495e+00
3.692146342466903874e+00
1.182041580245927204e+00
2.250233972914781333e+00
3.176666815725686988e+00
0.000000000000000000e+00
0.000000000000000000e+00
0.000000000000000000e+00
1.394269717736181136e+00
5.906318823794730610e-01
1.455847690677663842e+00
0.000000000000000000e+00
2.961984274725674715e-01
6.567241420942175889e-01
6.199869676957638909e-01
0.000000000000000000e+00
6.582274177809292748e-02
7.625697015654092636e-02
1.952876704141370823e-02
2.471867887953092119e-02
2.197261259441044001e-02
1.098632778393950592e-02
0.000000000000000000e+00
0.000000000000000000e+00
0.000000000000000000e+00
0.000000000000000000e+00
0.000000000000000000e+00
0.000000000000000000e+00
0.000000000000000000e+00
0.000000000000000000e+00
0.000000000000000000e+00
0.000000000000000000e+00
0.000000000000000000e+00
0.000000000000000000e+00
0.000000000000000000e+00
0.000000000000000000e+00
0.000000000000000000e+00
0.000000000000000000e+00
0.000000000000000000e+00
0.000000000000000000e+00
0.000000000000000000e+00
4.439597946137316953e+00
8.826766045822408202e+00
1.461243764860584449e+01
1.595026403605387522e+01
1.293516420872190587e+01
1.138095423771834369e+01
7.029152769510344179e+00
8.318858347284523447e+00
8.184461514008521732e+00
1.338054815040071732e+00
1.307719656795440555e+00
1.272255159682329495e+00
1.230715447488967884e+00
0.000000000000000000e+00
1.125116986457390666e+00
0.000000000000000000e+00
0.000000000000000000e+00
1.792110769142687854e+00
8.001600123562556677e-01
6.971348588680905678e-01
2.362527529517892244e+00
4.852825635592212805e-01
0.000000000000000000e+00
0.000000000000000000e+00
6.567241420942175889e-01
0.000000000000000000e+00
2.085909612770174559e-01
6.582274177809292748e-02
1.525139403130818527e-01
7.811506816565483291e-02
1.647911925302061528e-02
1.220700699689468774e-02
1.037597624038731105e-02
0.000000000000000000e+00
0.000000000000000000e+00
0.000000000000000000e+00
0.000000000000000000e+00
0.000000000000000000e+00
0.000000000000000000e+00
0.000000000000000000e+00
0.000000000000000000e+00
0.000000000000000000e+00
0.000000000000000000e+00
0.000000000000000000e+00
0.000000000000000000e+00
0.000000000000000000e+00
0.000000000000000000e+00
0.000000000000000000e+00
0.000000000000000000e+00
0.000000000000000000e+00
0.000000000000000000e+00
0.000000000000000000e+00
0.000000000000000000e+00
1.183892785636617973e+01
1.029789372012614379e+01
8.767462589163507403e+00
8.700144019665749795e+00
7.186202338178836690e+00
9.958334958003550952e+00
5.623322215608275165e+00
2.772952782428174334e+00
1.364076919001420141e+00
2.676109630080143464e+00
1.307719656795440555e+00
0.000000000000000000e+00
6.153577237444839199e+00
0.000000000000000000e+00
1.125116986457390666e+00
1.058888938575228922e+00
9.825870786883099672e-01
8.960553845713439269e-01
8.001600123562556677e-01
0.000000000000000000e+00
0.000000000000000000e+00
9.705651271184425610e-01
0.000000000000000000e+00
0.000000000000000000e+00
2.189080473647392056e-01
3.099934838478819454e-01
1.042954806385087280e-01
0.000000000000000000e+00
0.000000000000000000e+00
1.171726022484822494e-01
1.647911925302061528e-02
1.464840839627362667e-02
7.019042750850240132e-03
0.000000000000000000e+00
0.000000000000000000e+00
0.000000000000000000e+00
0.000000000000000000e+00
0.000000000000000000e+00
0.000000000000000000e+00
0.000000000000000000e+00
0.000000000000000000e+00
0.000000000000000000e+00
0.000000000000000000e+00
0.000000000000000000e+00
0.000000000000000000e+00
0.000000000000000000e+00
0.000000000000000000e+00
0.000000000000000000e+00
0.000000000000000000e+00
0.000000000000000000e+00
0.000000000000000000e+00
0.000000000000000000e+00
1.494517789827305210e+00
5.950472145631791498e+00
1.183892785636617973e+01
7.355638371518673502e+00
1.315119388374526110e+01
7.250120016388125421e+00
4.311721402907301659e+00
0.000000000000000000e+00
1.405830553902068791e+00
2.772952782428174334e+00
1.364076919001420141e+00
1.338054815040071732e+00
2.615439313590881110e+00
0.000000000000000000e+00
0.000000000000000000e+00
1.182041580245927204e+00
0.000000000000000000e+00
0.000000000000000000e+00
0.000000000000000000e+00
8.960553845713439269e-01
0.000000000000000000e+00
0.000000000000000000e+00
0.000000000000000000e+00
0.000000000000000000e+00
0.000000000000000000e+00
0.000000000000000000e+00
4.378160947294784111e-01
0.000000000000000000e+00
0.000000000000000000e+00
6.582274177809292748e-02
3.812848507827046318e-02
5.858630112424112468e-02
3.295823850604123056e-02
1.464840839627362667e-02
5.187988120193655524e-03
0.000000000000000000e+00
0.000000000000000000e+00
0.000000000000000000e+00
0.000000000000000000e+00
0.000000000000000000e+00
0.000000000000000000e+00
0.000000000000000000e+00
0.000000000000000000e+00
0.000000000000000000e+00
0.000000000000000000e+00
0.000000000000000000e+00
0.000000000000000000e+00
0.000000000000000000e+00
0.000000000000000000e+00
0.000000000000000000e+00
0.000000000000000000e+00
0.000000000000000000e+00
0.000000000000000000e+00
0.000000000000000000e+00
3.001356539728552875e+00
7.472588949136525827e+00
7.438090182039739595e+00
1.479865982045772554e+01
2.942255348607469401e+00
5.844975059442337972e+00
5.800096013110500159e+00
0.000000000000000000e+00
0.000000000000000000e+00
1.405830553902068791e+00
0.000000000000000000e+00
1.364076919001420141e+00
0.000000000000000000e+00
3.923158970386321442e+00
0.000000000000000000e+00
1.230715447488967884e+00
0.000000000000000000e+00
0.000000000000000000e+00
1.058888938575228922e+00
0.000000000000000000e+00
8.960553845713439269e-01
1.600320024712511335e+00
0.000000000000000000e+00
0.000000000000000000e+00
0.000000000000000000e+00
0.000000000000000000e+00
0.000000000000000000e+00
4.378160947294784111e-01
0.000000000000000000e+00
0.000000000000000000e+00
1.974682253342787686e-01
7.625697015654092636e-02
3.905753408282741646e-02
2.471867887953092119e-02
2.197261259441044001e-02
3.967285033089265785e-03
0.000000000000000000e+00
0.000000000000000000e+00
0.000000000000000000e+00
0.000000000000000000e+00
0.000000000000000000e+00
0.000000000000000000e+00
0.000000000000000000e+00
0.000000000000000000e+00
0.000000000000000000e+00
0.000000000000000000e+00
0.000000000000000000e+00
0.000000000000000000e+00
0.000000000000000000e+00
0.000000000000000000e+00
0.000000000000000000e+00
0.000000000000000000e+00
0.000000000000000000e+00
0.000000000000000000e+00
0.000000000000000000e+00
0.000000000000000000e+00
6.002713079457105749e+00
1.195614231861844168e+01
7.438090182039739595e+00
2.959731964091544931e+00
2.942255348607469401e+00
5.844975059442337972e+00
2.900048006555250080e+00
1.437240467635767294e+00
0.000000000000000000e+00
2.811661107804137583e+00
1.386476391214087167e+00
1.364076919001420141e+00
0.000000000000000000e+00
0.000000000000000000e+00
0.000000000000000000e+00
0.000000000000000000e+00
1.182041580245927204e+00
0.000000000000000000e+00
0.000000000000000000e+00
9.825870786883099672e-01
0.000000000000000000e+00
1.600320024712511335e+00
6.971348588680905678e-01
0.000000000000000000e+00
0.000000000000000000e+00
0.000000000000000000e+00
2.961984274725674715e-01
2.189080473647392056e-01
4.649902257718229182e-01
0.000000000000000000e+00
1.316454835561858550e-01
7.625697015654092636e-02
5.858630112424112468e-02
1.647911925302061528e-02
2.441401399378937635e-03
3.051757717760973914e-03
0.000000000000000000e+00
0.000000000000000000e+00
0.000000000000000000e+00
0.000000000000000000e+00
0.000000000000000000e+00
0.000000000000000000e+00
0.000000000000000000e+00
0.000000000000000000e+00
0.000000000000000000e+00
0.000000000000000000e+00
0.000000000000000000e+00
0.000000000000000000e+00
0.000000000000000000e+00
0.000000000000000000e+00
0.000000000000000000e+00
0.000000000000000000e+00
0.000000000000000000e+00
0.000000000000000000e+00
1.515612101736341533e+00
1.511150001924220776e+00
7.530976049892881719e+00
1.350610442877848882e+01
2.989035579654610419e+00
1.487618036407947875e+00
1.479865982045772466e+00
1.471127674303734700e+00
0.000000000000000000e+00
0.000000000000000000e+00
1.437240467635767294e+00
0.000000000000000000e+00
1.405830553902068791e+00
1.386476391214087167e+00
0.000000000000000000e+00
0.000000000000000000e+00
1.307719656795440555e+00
1.272255159682329495e+00
0.000000000000000000e+00
0.000000000000000000e+00
0.000000000000000000e+00
0.000000000000000000e+00
0.000000000000000000e+00
0.000000000000000000e+00
8.001600123562556677e-01
0.000000000000000000e+00
0.000000000000000000e+00
0.000000000000000000e+00
0.000000000000000000e+00
0.000000000000000000e+00
0.000000000000000000e+00
0.000000000000000000e+00
0.000000000000000000e+00
0.000000000000000000e+00
7.625697015654092636e-02
5.858630112424112468e-02
1.647911925302061528e-02
9.765605597515750538e-03
2.136230402432681610e-03
0.000000000000000000e+00
0.000000000000000000e+00
0.000000000000000000e+00
0.000000000000000000e+00
0.000000000000000000e+00
0.000000000000000000e+00
0.000000000000000000e+00
0.000000000000000000e+00
0.000000000000000000e+00
0.000000000000000000e+00
0.000000000000000000e+00
0.000000000000000000e+00
0.000000000000000000e+00
0.000000000000000000e+00
0.000000000000000000e+00
0.000000000000000000e+00
0.000000000000000000e+00
0.000000000000000000e+00
0.000000000000000000e+00
0.000000000000000000e+00
3.022300003848441552e+00
1.204956167982861004e+01
1.500678269864276437e+00
2.989035579654610419e+00
2.975236072815895749e+00
4.439597946137316953e+00
0.000000000000000000e+00
1.461243764860584493e+00
0.000000000000000000e+00
1.437240467635767294e+00
0.000000000000000000e+00
1.405830553902068791e+00
0.000000000000000000e+00
1.364076919001420141e+00
0.000000000000000000e+00
1.307719656795440555e+00
1.272255159682329495e+00
0.000000000000000000e+00
0.000000000000000000e+00
0.000000000000000000e+00
0.000000000000000000e+00
0.000000000000000000e+00
0.000000000000000000e+00
0.000000000000000000e+00
6.971348588680905678e-01
0.000000000000000000e+00
9.705651271184425610e-01
3.858302793476471870e-01
0.000000000000000000e+00
0.000000000000000000e+00
0.000000000000000000e+00
2.085909612770174559e-01
1.974682253342787686e-01
0.000000000000000000e+00
0.000000000000000000e+00
4.119779813255153994e-02
9.765605597515750538e-03
2.746581945984876479e-03
0.000000000000000000e+00
0.000000000000000000e+00
0.000000000000000000e+00
0.000000000000000000e+00
0.000000000000000000e+00
0.000000000000000000e+00
0.000000000000000000e+00
0.000000000000000000e+00
0.000000000000000000e+00
0.000000000000000000e+00
0.000000000000000000e+00
0.000000000000000000e+00
0.000000000000000000e+00
0.000000000000000000e+00
0.000000000000000000e+00
0.000000000000000000e+00
0.000000000000000000e+00
0.000000000000000000e+00
0.000000000000000000e+00
0.000000000000000000e+00
7.578060508681707219e+00
6.044600007696883104e+00
1.506195209978576255e+00
9.004069619185658624e+00
1.494517789827305210e+00
2.975236072815895749e+00
2.959731964091544931e+00
1.471127674303734700e+00
1.461243764860584493e+00
0.000000000000000000e+00
0.000000000000000000e+00
0.000000000000000000e+00
0.000000000000000000e+00
1.386476391214087167e+00
0.000000000000000000e+00
0.000000000000000000e+00
0.000000000000000000e+00
0.000000000000000000e+00
2.461430894977935768e+00
0.000000000000000000e+00
0.000000000000000000e+00
0.000000000000000000e+00
9.825870786883099672e-01
0.000000000000000000e+00
0.000000000000000000e+00
6.971348588680905678e-01
0.000000000000000000e+00
0.000000000000000000e+00
3.858302793476471870e-01
0.000000000000000000e+00
0.000000000000000000e+00
1.549967419239409727e-01
0.000000000000000000e+00
1.316454835561858550e-01
3.812848507827046318e-02
0.000000000000000000e+00
1.647911925302061528e-02
7.324204198136813337e-03
2.441406174208779045e-03
0.000000000000000000e+00
0.000000000000000000e+00
0.000000000000000000e+00
0.000000000000000000e+00
0.000000000000000000e+00
0.000000000000000000e+00
0.000000000000000000e+00
0.000000000000000000e+00
0.000000000000000000e+00
0.000000000000000000e+00
0.000000000000000000e+00
0.000000000000000000e+00
0.000000000000000000e+00
0.000000000000000000e+00
0.000000000000000000e+00
0.000000000000000000e+00
0.000000000000000000e+00
0.000000000000000000e+00
0.000000000000000000e+00
0.000000000000000000e+00
3.039281991600626842e+00
4.546836305209025042e+00
7.555750009621103658e+00
6.024780839914305020e+00
3.001356539728552875e+00
2.989035579654610419e+00
0.000000000000000000e+00
1.479865982045772466e+00
0.000000000000000000e+00
1.461243764860584493e+00
0.000000000000000000e+00
0.000000000000000000e+00
0.000000000000000000e+00
1.405830553902068791e+00
0.000000000000000000e+00
0.000000000000000000e+00
0.000000000000000000e+00
0.000000000000000000e+00
0.000000000000000000e+00
0.000000000000000000e+00
0.000000000000000000e+00
0.000000000000000000e+00
0.000000000000000000e+00
0.000000000000000000e+00
0.000000000000000000e+00
0.000000000000000000e+00
6.971348588680905678e-01
0.000000000000000000e+00
0.000000000000000000e+00
3.858302793476471870e-01
0.000000000000000000e+00
0.000000000000000000e+00
0.000000000000000000e+00
1.042954806385087280e-01
0.000000000000000000e+00
0.000000000000000000e+00
1.952876704141370823e-02
8.239559626510307641e-03
4.882802798757875269e-03
1.525878858880486957e-03
0.000000000000000000e+00
0.000000000000000000e+00
0.000000000000000000e+00
0.000000000000000000e+00
0.000000000000000000e+00
0.000000000000000000e+00
0.000000000000000000e+00
0.000000000000000000e+00
0.000000000000000000e+00
0.000000000000000000e+00
0.000000000000000000e+00
0.000000000000000000e+00
0.000000000000000000e+00
0.000000000000000000e+00
0.000000000000000000e+00
0.000000000000000000e+00
0.000000000000000000e+00
0.000000000000000000e+00
0.000000000000000000e+00
1.526596647263466888e+00
3.046575624854821029e+00
4.558922987400940485e+00
3.031224203472683065e+00
7.555750009621103658e+00
1.506195209978576255e+00
0.000000000000000000e+00
1.494517789827305210e+00
1.487618036407947875e+00
0.000000000000000000e+00
0.000000000000000000e+00
0.000000000000000000e+00
0.000000000000000000e+00
2.874480935271534587e+00
0.000000000000000000e+00
0.000000000000000000e+00
0.000000000000000000e+00
0.000000000000000000e+00
1.338054815040071732e+00
1.307719656795440555e+00
0.000000000000000000e+00
0.000000000000000000e+00
0.000000000000000000e+00
0.000000000000000000e+00
1.058888938575228922e+00
0.000000000000000000e+00
0.000000000000000000e+00
0.000000000000000000e+00
6.971348588680905678e-01
0.000000000000000000e+00
0.000000000000000000e+00
0.000000000000000000e+00
0.000000000000000000e+00
0.000000000000000000e+00
0.000000000000000000e+00
0.000000000000000000e+00
0.000000000000000000e+00
7.625697015654092636e-02
3.905753408282741646e-02
8.239559626510307641e-03
2.441401399378937635e-03
3.051757717760973914e-03
0.000000000000000000e+00
0.000000000000000000e+00
0.000000000000000000e+00
0.000000000000000000e+00
0.000000000000000000e+00
0.000000000000000000e+00
0.000000000000000000e+00
0.000000000000000000e+00
0.000000000000000000e+00
0.000000000000000000e+00
0.000000000000000000e+00
0.000000000000000000e+00
0.000000000000000000e+00
0.000000000000000000e+00
0.000000000000000000e+00
0.000000000000000000e+00
0.000000000000000000e+00
0.000000000000000000e+00
0.000000000000000000e+00
4.588816971396429523e+00
4.579789941790400221e+00
6.093151249709642059e+00
4.558922987400940485e+00
3.031224203472683065e+00
0.000000000000000000e+00
0.000000000000000000e+00
1.500678269864276437e+00
0.000000000000000000e+00
0.000000000000000000e+00
0.000000000000000000e+00
1.471127674303734700e+00
0.000000000000000000e+00
0.000000000000000000e+00
0.000000000000000000e+00
0.000000000000000000e+00
0.000000000000000000e+00
1.386476391214087167e+00
0.000000000000000000e+00
0.000000000000000000e+00
0.000000000000000000e+00
0.000000000000000000e+00
0.000000000000000000e+00
0.000000000000000000e+00
0.000000000000000000e+00
0.000000000000000000e+00
0.000000000000000000e+00
0.000000000000000000e+00
0.000000000000000000e+00
0.000000000000000000e+00
0.000000000000000000e+00
0.000000000000000000e+00
0.000000000000000000e+00
0.000000000000000000e+00
0.000000000000000000e+00
0.000000000000000000e+00
1.042954806385087280e-01
6.582274177809292748e-02
0.000000000000000000e+00
0.000000000000000000e+00
0.000000000000000000e+00
0.000000000000000000e+00
3.051757717760973914e-03
0.000000000000000000e+00
0.000000000000000000e+00
0.000000000000000000e+00
0.000000000000000000e+00
0.000000000000000000e+00
0.000000000000000000e+00
0.000000000000000000e+00
0.000000000000000000e+00
0.000000000000000000e+00
0.000000000000000000e+00
0.000000000000000000e+00
0.000000000000000000e+00
0.000000000000000000e+00
0.000000000000000000e+00
0.000000000000000000e+00
0.000000000000000000e+00
0.000000000000000000e+00
0.000000000000000000e+00
0.000000000000000000e+00
0.000000000000000000e+00
3.059211314264286496e+00
6.106386589053867553e+00
7.616439062137052574e+00
1.519640995800313421e+00
0.000000000000000000e+00
0.000000000000000000e+00
0.000000000000000000e+00
1.500678269864276437e+00
0.000000000000000000e+00
0.000000000000000000e+00
0.000000000000000000e+00
0.000000000000000000e+00
0.000000000000000000e+00
0.000000000000000000e+00
0.000000000000000000e+00
0.000000000000000000e+00
0.000000000000000000e+00
0.000000000000000000e+00
0.000000000000000000e+00
0.000000000000000000e+00
0.000000000000000000e+00
0.000000000000000000e+00
0.000000000000000000e+00
0.000000000000000000e+00
0.000000000000000000e+00
0.000000000000000000e+00
0.000000000000000000e+00
0.000000000000000000e+00
0.000000000000000000e+00
6.971348588680905678e-01
0.000000000000000000e+00
0.000000000000000000e+00
0.000000000000000000e+00
0.000000000000000000e+00
0.000000000000000000e+00
0.000000000000000000e+00
0.000000000000000000e+00
0.000000000000000000e+00
0.000000000000000000e+00
0.000000000000000000e+00
8.239559626510307641e-03
0.000000000000000000e+00
9.155273153282920875e-04
0.000000000000000000e+00
0.000000000000000000e+00
0.000000000000000000e+00
0.000000000000000000e+00
0.000000000000000000e+00
0.000000000000000000e+00
0.000000000000000000e+00
0.000000000000000000e+00
0.000000000000000000e+00
0.000000000000000000e+00
0.000000000000000000e+00
0.000000000000000000e+00
0.000000000000000000e+00
0.000000000000000000e+00
0.000000000000000000e+00
0.000000000000000000e+00
0.000000000000000000e+00
0.000000000000000000e+00
0.000000000000000000e+00
1.534852417784438039e+00
1.532347965967065351e+00
4.588816971396429523e+00
7.632983236317334885e+00
3.046575624854821029e+00
0.000000000000000000e+00
0.000000000000000000e+00
1.511150001924220776e+00
1.506195209978576255e+00
0.000000000000000000e+00
0.000000000000000000e+00
0.000000000000000000e+00
1.479865982045772466e+00
0.000000000000000000e+00
0.000000000000000000e+00
0.000000000000000000e+00
0.000000000000000000e+00
0.000000000000000000e+00
0.000000000000000000e+00
0.000000000000000000e+00
0.000000000000000000e+00
0.000000000000000000e+00
0.000000000000000000e+00
0.000000000000000000e+00
0.000000000000000000e+00
0.000000000000000000e+00
0.000000000000000000e+00
0.000000000000000000e+00
0.000000000000000000e+00
0.000000000000000000e+00
8.001600123562556677e-01
0.000000000000000000e+00
0.000000000000000000e+00
0.000000000000000000e+00
0.000000000000000000e+00
0.000000000000000000e+00
0.000000000000000000e+00
0.000000000000000000e+00
0.000000000000000000e+00
0.000000000000000000e+00
3.812848507827046318e-02
0.000000000000000000e+00
0.000000000000000000e+00
2.441401399378937635e-03
1.525878858880486957e-03
0.000000000000000000e+00
