# pd_vector
0.000000000000000000e+00
0.000000000000000000e+00
0.000000000000000000e+00
0.000000000000000000e+00
0.000000000000000000e+00
0.000000000000000000e+00
0.000000000000000000e+00
0.000000000000000000e+00
0.000000000000000000e+00
0.000000000000000000e+00
0.000000000000000000e+00
0.000000000000000000e+00
0.000000000000000000e+00
3.051757717760973806e-04
0.000000000000000000e+00
0.000000000000000000e+00
0.000000000000000000e+00
0.000000000000000000e+00
0.000000000000000000e+00
6.713866979074142698e-03
0.000000000000000000e+00
0.000000000000000000e+00
0.000000000000000000e+00
0.000000000000000000e+00
0.000000000000000000e+00
0.000000000000000000e+00
1.571655224646901494e-01
0.000000000000000000e+00
0.000000000000000000e+00
0.000000000000000000e+00
0.000000000000000000e+00
0.000000000000000000e+00
0.000000000000000000e+00
0.000000000000000000e+00
1.357421832860081112e+00
0.000000000000000000e+00
0.000000000000000000e+00
0.000000000000000000e+00
0.000000000000000000e+00
0.000000000000000000e+00
0.000000000000000000e+00
0.000000000000000000e+00
9.765605597515750538e-03
3.896179078265435081e+00
0.000000000000000000e+00
0.000000000000000000e+00
0.000000000000000000e+00
0.000000000000000000e+00
0.000000000000000000e+00
0.000000000000000000e+00
0.000000000000000000e+00
0.000000000000000000e+00
2.971185503044166953e+00
5.843810853740488476e+00
0.000000000000000000e+00
0.000000000000000000e+00
0.000000000000000000e+00
0.000000000000000000e+00
0.000000000000000000e+00
0.000000000000000000e+00
0.000000000000000000e+00
0.000000000000000000e+00
2.224681099157783115e-01
4.602041637829297649e+00
3.934326049737447484e+00
0.000000000000000000e+00
0.000000000000000000e+00
0.000000000000000000e+00
0.000000000000000000e+00
0.000000000000000000e+00
0.000000000000000000e+00
0.000000000000000000e+00
0.000000000000000000e+00
2.734027385797919152e-01
1.071142751446340080e+00
1.860347866326750532e+00
4.083251826364183046e+00
0.000000000000000000e+00
0.000000000000000000e+00
0.000000000000000000e+00
0.000000000000000000e+00
0.000000000000000000e+00
0.000000000000000000e+00
0.000000000000000000e+00
0.000000000000000000e+00
0.000000000000000000e+00
2.538739715383782070e-01
9.310702377956647791e-01
2.697748546313726070e+00
4.382629258476534062e+00
0.000000000000000000e+00
0.000000000000000000e+00
0.000000000000000000e+00
0.000000000000000000e+00
0.000000000000000000e+00
0.000000000000000000e+00
0.000000000000000000e+00
0.000000000000000000e+00
0.000000000000000000e+00
0.000000000000000000e+00
2.148164374555507905e-01
1.796223998579246972e+00
3.901359436207542331e+00
4.330444201502821500e+00
0.000000000000000000e+00
0.000000000000000000e+00
0.000000000000000000e+00
0.000000000000000000e+00
0.000000000000000000e+00
0.000000000000000000e+00
0.000000000000000000e+00
0.000000000000000000e+00
0.000000000000000000e+00
0.000000000000000000e+00
7.625697015654092636e-02
8.006794486979620373e-01
3.444135923881308514e+00
4.804677953977749105e+00
3.851928591357901333e+00
0.000000000000000000e+00
0.000000000000000000e+00
0.000000000000000000e+00
0.000000000000000000e+00
0.000000000000000000e+00
0.000000000000000000e+00
0.000000000000000000e+00
0.000000000000000000e+00
0.000000000000000000e+00
0.000000000000000000e+00
0.000000000000000000e+00
2.287709104696227791e-01
1.894290403017129698e+00
4.597674271592751438e+00
5.166005361085831638e+00
3.430786026306886782e+00
0.000000000000000000e+00
0.000000000000000000e+00
0.000000000000000000e+00
0.000000000000000000e+00
0.000000000000000000e+00
0.000000000000000000e+00
0.000000000000000000e+00
0.000000000000000000e+00
0.000000000000000000e+00
0.000000000000000000e+00
0.000000000000000000e+00
6.582274177809292748e-02
1.334496977739466184e+00
3.808109573075673104e+00
5.792410417436745895e+00
5.192860776479000684e+00
3.021545316355140010e+00
0.000000000000000000e+00
0.000000000000000000e+00
0.000000000000000000e+00
0.000000000000000000e+00
0.000000000000000000e+00
0.000000000000000000e+00
0.000000000000000000e+00
0.000000000000000000e+00
0.000000000000000000e+00
0.000000000000000000e+00
0.000000000000000000e+00
0.000000000000000000e+00
3.949364506685575371e-01
2.821507895792014331e+00
5.507112305678665720e+00
6.410377389425019778e+00
4.860830186163465072e+00
2.659912026800464790e+00
0.000000000000000000e+00
0.000000000000000000e+00
0.000000000000000000e+00
0.000000000000000000e+00
0.000000000000000000e+00
0.000000000000000000e+00
0.000000000000000000e+00
0.000000000000000000e+00
0.000000000000000000e+00
0.000000000000000000e+00
0.000000000000000000e+00
0.000000000000000000e+00
1.042954806385087280e-01
1.579745802674230148e+00
5.109217000488242455e+00
7.733391748399828458e+00
7.341447627220683891e+00
4.289542258708793021e+00
2.349853442675949644e+00
0.000000000000000000e+00
0.000000000000000000e+00
0.000000000000000000e+00
0.000000000000000000e+00
0.000000000000000000e+00
0.000000000000000000e+00
0.000000000000000000e+00
0.000000000000000000e+00
0.000000000000000000e+00
0.000000000000000000e+00
0.000000000000000000e+00
0.000000000000000000e+00
3.099934838478819454e-01
2.190205093408683190e+00
6.582274177809292581e+00
1.067597582191572947e+01
9.393336946919994546e+00
7.687509131534117301e+00
3.964835872591394583e+00
1.923217713732965795e+00
0.000000000000000000e+00
0.000000000000000000e+00
0.000000000000000000e+00
0.000000000000000000e+00
0.000000000000000000e+00
0.000000000000000000e+00
0.000000000000000000e+00
0.000000000000000000e+00
0.000000000000000000e+00
0.000000000000000000e+00
0.000000000000000000e+00
0.000000000000000000e+00
0.000000000000000000e+00
1.239973935391527782e+00
5.736251435117980080e+00
1.013670223382631086e+01
1.075223279207227023e+01
1.048694790123916221e+01
7.061302599919333289e+00
3.706047324257227160e+00
1.649780222221582493e+00
0.000000000000000000e+00
0.000000000000000000e+00
0.000000000000000000e+00
0.000000000000000000e+00
0.000000000000000000e+00
0.000000000000000000e+00
0.000000000000000000e+00
0.000000000000000000e+00
0.000000000000000000e+00
0.000000000000000000e+00
0.000000000000000000e+00
0.000000000000000000e+00
0.000000000000000000e+00
6.567241420942175889e-01
4.804898999642170487e+00
8.656524892996223741e+00
1.428353496584616522e+01
1.380251159833390773e+01
9.725325986624026697e+00
6.756438893738452300e+00
3.225091248579576408e+00
1.341247516955947905e+00
0.000000000000000000e+00
0.000000000000000000e+00
0.000000000000000000e+00
0.000000000000000000e+00
0.000000000000000000e+00
0.000000000000000000e+00
0.000000000000000000e+00
0.000000000000000000e+00
0.000000000000000000e+00
0.000000000000000000e+00
0.000000000000000000e+00
0.000000000000000000e+00
0.000000000000000000e+00
5.923968549451349430e-01
2.845804615741609478e+00
8.834814289664635112e+00
1.241116219598253778e+01
1.573163528496420938e+01
1.460320978497758659e+01
1.005731502632805885e+01
6.130232362123669176e+00
2.687982940716210134e+00
1.135559046778858328e+00
0.000000000000000000e+00
0.000000000000000000e+00
0.000000000000000000e+00
0.000000000000000000e+00
0.000000000000000000e+00
0.000000000000000000e+00
0.000000000000000000e+00
0.000000000000000000e+00
0.000000000000000000e+00
0.000000000000000000e+00
0.000000000000000000e+00
0.000000000000000000e+00
0.000000000000000000e+00
0.000000000000000000e+00
3.258182702198242353e+00
8.756321894589568444e+00
1.425970025700256905e+01
1.992043680195516586e+01
1.987846801698406551e+01
1.406941099388180128e+01
8.807473935677581522e+00
4.976694014412226252e+00
2.272944702821790841e+00
9.411620801574843709e-01
0.000000000000000000e+00
0.000000000000000000e+00
0.000000000000000000e+00
0.000000000000000000e+00
0.000000000000000000e+00
0.000000000000000000e+00
0.000000000000000000e+00
0.000000000000000000e+00
0.000000000000000000e+00
0.000000000000000000e+00
0.000000000000000000e+00
0.000000000000000000e+00
0.000000000000000000e+00
0.000000000000000000e+00
2.700811955433530365e+00
8.589754396704456951e+00
1.313448284188435267e+01
1.890960251472079889e+01
1.971184584067814782e+01
1.816707673075364937e+01
1.212485825489000746e+01
7.518575310944277668e+00
4.655351188978324117e+00
1.989742140493834244e+00
7.846069092363463504e-01
0.000000000000000000e+00
0.000000000000000000e+00
0.000000000000000000e+00
0.000000000000000000e+00
0.000000000000000000e+00
0.000000000000000000e+00
0.000000000000000000e+00
0.000000000000000000e+00
0.000000000000000000e+00
0.000000000000000000e+00
0.000000000000000000e+00
0.000000000000000000e+00
0.000000000000000000e+00
0.000000000000000000e+00
9.705651271184425610e-01
5.015793631519413154e+00
1.392132609121067155e+01
2.429879325748605012e+01
2.448948522398267258e+01
2.304930122111042934e+01
1.619239447741086124e+01
1.101913218762016378e+01
6.815539697453384171e+00
3.543010639399432282e+00
1.687008366970845996e+00
6.195068167054776920e-01
0.000000000000000000e+00
0.000000000000000000e+00
0.000000000000000000e+00
0.000000000000000000e+00
0.000000000000000000e+00
0.000000000000000000e+00
0.000000000000000000e+00
0.000000000000000000e+00
0.000000000000000000e+00
0.000000000000000000e+00
0.000000000000000000e+00
0.000000000000000000e+00
0.000000000000000000e+00
0.000000000000000000e+00
0.000000000000000000e+00
6.308673326269876647e+00
1.504738089455823946e+01
2.339967577033283064e+01
3.436856343626405419e+01
2.464448196590661411e+01
2.002473228259367488e+01
1.355948480628714314e+01
9.112707933706641228e+00
5.331353402305942346e+00
3.056876621435324015e+00
1.372067586450963050e+00
5.422973464461250392e-01
0.000000000000000000e+00
0.000000000000000000e+00
0.000000000000000000e+00
0.000000000000000000e+00
0.000000000000000000e+00
0.000000000000000000e+00
0.000000000000000000e+00
0.000000000000000000e+00
0.000000000000000000e+00
0.000000000000000000e+00
0.000000000000000000e+00
0.000000000000000000e+00
0.000000000000000000e+00
0.000000000000000000e+00
6.971348588680905678e-01
4.725055059035784488e+00
1.358791177965819585e+01
2.353564704020647724e+01
2.902744589231161143e+01
2.605005763640396665e+01
2.154454712742779421e+01
1.804311815046201062e+01
1.230885271250337709e+01
7.053769739480035383e+00
4.452558885442325476e+00
2.414190970567520189e+00
1.088865024123006231e+00
4.162597527025968525e-01
0.000000000000000000e+00
0.000000000000000000e+00
0.000000000000000000e+00
0.000000000000000000e+00
0.000000000000000000e+00
0.000000000000000000e+00
0.000000000000000000e+00
0.000000000000000000e+00
0.000000000000000000e+00
0.000000000000000000e+00
0.000000000000000000e+00
0.000000000000000000e+00
0.000000000000000000e+00
0.000000000000000000e+00
8.001600123562556677e-01
1.394269717736181136e+00
8.859478235692096248e+00
2.377884561440184186e+01
3.125225262715942165e+01
3.139703331209215165e+01
2.714459787322766005e+01
2.169954386935173574e+01
1.428848084747569658e+01
1.059746142627296095e+01
6.214943067758085249e+00
3.573764368578708606e+00
1.878619594844350038e+00
9.497051443584066943e-01
3.439330947916617309e-01
0.000000000000000000e+00
0.000000000000000000e+00
0.000000000000000000e+00
0.000000000000000000e+00
0.000000000000000000e+00
0.000000000000000000e+00
0.000000000000000000e+00
0.000000000000000000e+00
0.000000000000000000e+00
0.000000000000000000e+00
0.000000000000000000e+00
0.000000000000000000e+00
0.000000000000000000e+00
0.000000000000000000e+00
0.000000000000000000e+00
2.400480037068767114e+00
7.668483447548996246e+00
2.303464341279945060e+01
3.057280150423094156e+01
3.472472514128824628e+01
3.317422387692755592e+01
1.904500012073231119e+01
1.596466441816592052e+01
1.209827575406701250e+01
7.240501595590221662e+00
5.147345485566512835e+00
3.007430124377711067e+00
1.277131742109097745e+00
7.812484478012600153e-01
2.874755770130837385e-01
0.000000000000000000e+00
0.000000000000000000e+00
0.000000000000000000e+00
0.000000000000000000e+00
0.000000000000000000e+00
0.000000000000000000e+00
0.000000000000000000e+00
0.000000000000000000e+00
0.000000000000000000e+00
0.000000000000000000e+00
0.000000000000000000e+00
0.000000000000000000e+00
0.000000000000000000e+00
0.000000000000000000e+00
0.000000000000000000e+00
8.960553845713439269e-01
6.401280098850045341e+00
2.021691090717462558e+01
3.898170423704522136e+01
4.464599584744836136e+01
3.549638569998354143e+01
2.369587419780539861e+01
2.495551739958026971e+01
1.301972632161104215e+01
8.969411334911750799e+00
5.199996600469341423e+00
3.889105477983587189e+00
2.226279442721162738e+00
1.161777907337953275e+00
6.176745540428711934e-01
2.395629808442364395e-01
0.000000000000000000e+00
0.000000000000000000e+00
0.000000000000000000e+00
0.000000000000000000e+00
0.000000000000000000e+00
0.000000000000000000e+00
0.000000000000000000e+00
0.000000000000000000e+00
0.000000000000000000e+00
0.000000000000000000e+00
0.000000000000000000e+00
0.000000000000000000e+00
0.000000000000000000e+00
0.000000000000000000e+00
0.000000000000000000e+00
0.000000000000000000e+00
6.272387691999407267e+00
1.520304023476885824e+01
4.043382181434925116e+01
4.547865494321942492e+01
3.930788764829692639e+01
3.125225262715942165e+01
2.428827105275053100e+01
1.138321846296643791e+01
1.038478170890404506e+01
8.239342970442189440e+00
5.002528375135062433e+00
2.668993955478932367e+00
1.777117800768647449e+00
1.104100989952381262e+00
4.907216812751664659e-01
2.090454036666267168e-01
0.000000000000000000e+00
0.000000000000000000e+00
0.000000000000000000e+00
0.000000000000000000e+00
0.000000000000000000e+00
0.000000000000000000e+00
0.000000000000000000e+00
0.000000000000000000e+00
0.000000000000000000e+00
0.000000000000000000e+00
0.000000000000000000e+00
0.000000000000000000e+00
0.000000000000000000e+00
0.000000000000000000e+00
0.000000000000000000e+00
1.058888938575228922e+00
9.825870786883099672e-01
9.856609230284783862e+00
3.200640049425022937e+01
4.113095667321734084e+01
4.902244623749626129e+01
2.911695381355327683e+01
2.700811955433530187e+01
1.273653238132040144e+01
1.028867822614274274e+01
6.819856644653402356e+00
7.717865567249646119e+00
4.410123699132226349e+00
2.592736985322391607e+00
1.406071226981786992e+00
8.569142011570719530e-01
4.028312308975247058e-01
1.608276317260033117e-01
0.000000000000000000e+00
0.000000000000000000e+00
0.000000000000000000e+00
0.000000000000000000e+00
0.000000000000000000e+00
0.000000000000000000e+00
0.000000000000000000e+00
0.000000000000000000e+00
0.000000000000000000e+00
0.000000000000000000e+00
0.000000000000000000e+00
0.000000000000000000e+00
0.000000000000000000e+00
0.000000000000000000e+00
0.000000000000000000e+00
0.000000000000000000e+00
2.117777877150457844e+00
1.277363202294803024e+01
2.508955076799762907e+01
4.000800061781278316e+01
3.973668695548116148e+01
2.953159411897365416e+01
2.669054099575717132e+01
1.967734424673000504e+01
1.392132609121067155e+01
1.160212651033117837e+01
6.819856644653402356e+00
5.423364993202453910e+00
3.356959830682739288e+00
2.592736985322391607e+00
1.171726022484822494e+00
7.497999260124379450e-01
3.149407805198829458e-01
1.345825153532589358e-01
0.000000000000000000e+00
0.000000000000000000e+00
0.000000000000000000e+00
0.000000000000000000e+00
0.000000000000000000e+00
0.000000000000000000e+00
0.000000000000000000e+00
0.000000000000000000e+00
0.000000000000000000e+00
0.000000000000000000e+00
0.000000000000000000e+00
0.000000000000000000e+00
0.000000000000000000e+00
0.000000000000000000e+00
0.000000000000000000e+00
0.000000000000000000e+00
3.375350959372171999e+00
1.270666726290274795e+01
2.849502528196098794e+01
3.942643692113913545e+01
5.201040080315662095e+01
2.858252921359171239e+01
2.716906658945575970e+01
1.601432459745430137e+01
1.620487173260118041e+01
1.095934181648499717e+01
6.567241420942176333e+00
5.269889225413993294e+00
3.441750861070787870e+00
2.172150478677066676e+00
1.563267888209088907e+00
1.171726022484822494e+00
6.426856508678040480e-01
2.954095693248514620e-01
1.147460901878126216e-01
0.000000000000000000e+00
0.000000000000000000e+00
0.000000000000000000e+00
0.000000000000000000e+00
0.000000000000000000e+00
0.000000000000000000e+00
0.000000000000000000e+00
0.000000000000000000e+00
0.000000000000000000e+00
0.000000000000000000e+00
0.000000000000000000e+00
0.000000000000000000e+00
0.000000000000000000e+00
0.000000000000000000e+00
0.000000000000000000e+00
1.230715447488967884e+00
2.364083160491854407e+00
3.375350959372171999e+00
2.859000134153118111e+01
3.832089606884408539e+01
2.867377230628300566e+01
3.520704054367524805e+01
2.788539435472362271e+01
1.949085211852261068e+01
1.941130254236885122e+01
1.311822949782000514e+01
8.589754396704456951e+00
6.348333373577436767e+00
4.804898999642170487e+00
2.607387015962718380e+00
2.040504995120880682e+00
1.372625462817736786e+00
8.202082157393757456e-01
5.190922564701493380e-01
2.685541539316831372e-01
9.002685267394872071e-02
0.000000000000000000e+00
0.000000000000000000e+00
0.000000000000000000e+00
0.000000000000000000e+00
0.000000000000000000e+00
0.000000000000000000e+00
0.000000000000000000e+00
0.000000000000000000e+00
0.000000000000000000e+00
0.000000000000000000e+00
0.000000000000000000e+00
0.000000000000000000e+00
0.000000000000000000e+00
0.000000000000000000e+00
0.000000000000000000e+00
1.272255159682329495e+00
2.461430894977935768e+00
8.274291061721489982e+00
1.462652082394607866e+01
5.082666905161099180e+01
3.144278651802591895e+01
4.390671384399585264e+01
2.880576044482520359e+01
1.603410175396608395e+01
1.122200576520998894e+01
1.067621639830286817e+01
6.944945028257649255e+00
5.331571694506214598e+00
3.283620710471088167e+00
3.254931580402760538e+00
3.337455380432279295e+00
2.040504995120880682e+00
8.388266717219501345e-01
6.444493123666523715e-01
3.131032658073916730e-01
1.928707105509360753e-01
7.141113059560678933e-02
0.000000000000000000e+00
0.000000000000000000e+00
0.000000000000000000e+00
0.000000000000000000e+00
0.000000000000000000e+00
0.000000000000000000e+00
0.000000000000000000e+00
0.000000000000000000e+00
0.000000000000000000e+00
0.000000000000000000e+00
0.000000000000000000e+00
0.000000000000000000e+00
0.000000000000000000e+00
0.000000000000000000e+00
0.000000000000000000e+00
0.000000000000000000e+00
1.272255159682329495e+00
2.461430894977935768e+00
2.482287318516447172e+01
2.587769068851998355e+01
4.023777966585869592e+01
3.242537359671423047e+01
3.136193845999703811e+01
2.000400030890639158e+01
1.324556231849372168e+01
8.859478235692096248e+00
8.735086144065983049e+00
5.401623910867060729e+00
6.812563831869051789e+00
2.189080473647392111e+00
3.564925064250642261e+00
1.981614132131665817e+00
1.382277577339951380e+00
8.006981866436797546e-01
3.124602726626193316e-01
2.966241465543710820e-01
1.757809007552835201e-01
6.408691207298045089e-02
0.000000000000000000e+00
0.000000000000000000e+00
0.000000000000000000e+00
0.000000000000000000e+00
0.000000000000000000e+00
0.000000000000000000e+00
0.000000000000000000e+00
0.000000000000000000e+00
0.000000000000000000e+00
0.000000000000000000e+00
0.000000000000000000e+00
0.000000000000000000e+00
0.000000000000000000e+00
0.000000000000000000e+00
0.000000000000000000e+00
0.000000000000000000e+00
1.307719656795440555e+00
1.272255159682329495e+00
1.230715447488967840e+01
4.373553846909930343e+01
3.150327562080693866e+01
3.706111285013301426e+01
2.849502528196098794e+01
1.164871999942747038e+01
1.120224017298757957e+01
1.324556231849372168e+01
8.859478235692096248e+00
5.823390762710655366e+00
3.472472514128824628e+00
4.739174839561079544e+00
3.940344852565305533e+00
1.859960903087291673e+00
1.147250287023596105e+00
1.118986610227579837e+00
8.769551568002206254e-01
3.515178067454467481e-01
3.378219446869226150e-01
1.245114713683258129e-01
5.645751777857801329e-02
0.000000000000000000e+00
0.000000000000000000e+00
0.000000000000000000e+00
0.000000000000000000e+00
0.000000000000000000e+00
0.000000000000000000e+00
0.000000000000000000e+00
0.000000000000000000e+00
0.000000000000000000e+00
0.000000000000000000e+00
0.000000000000000000e+00
0.000000000000000000e+00
0.000000000000000000e+00
0.000000000000000000e+00
0.000000000000000000e+00
0.000000000000000000e+00
2.676109630080143464e+00
3.923158970386321442e+00
2.035608255491727192e+01
1.969144715982348615e+01
2.364083160491854585e+01
2.137722274269042089e+01
1.164777832432751836e+01
1.375621910163633999e+01
1.612899692228419113e+01
1.440288022241260180e+01
9.062753165285176493e+00
3.543791294276838144e+00
3.882260508473770244e+00
4.629963352171766466e+00
2.961984274725674826e+00
1.313448284188435178e+00
1.239973935391527782e+00
7.300683644695611374e-01
7.898729013371150742e-01
5.337987910957864290e-01
4.882191760353427057e-01
2.307076695422886070e-01
1.196286685695679419e-01
4.302978382042973310e-02
0.000000000000000000e+00
0.000000000000000000e+00
0.000000000000000000e+00
0.000000000000000000e+00
0.000000000000000000e+00
0.000000000000000000e+00
0.000000000000000000e+00
0.000000000000000000e+00
0.000000000000000000e+00
0.000000000000000000e+00
0.000000000000000000e+00
0.000000000000000000e+00
0.000000000000000000e+00
0.000000000000000000e+00
0.000000000000000000e+00
0.000000000000000000e+00
1.364076919001420141e+00
1.338054815040071732e+00
6.538598283977202996e+00
2.671735835332891895e+01
3.692146342466903519e+01
2.009470686418076113e+01
2.812792466143476844e+01
1.270666726290274795e+01
8.843283708194789483e+00
8.960553845713439713e+00
8.001600123562557343e+00
4.182809153208543407e+00
4.134423176656311760e+00
3.882260508473770244e+00
2.314981676085883233e+00
2.665785847253107299e+00
2.626896568376870356e+00
4.649902257718229182e-01
9.386593257465785101e-01
9.215183848933009569e-01
5.719272761740569200e-01
3.319890397040330399e-01
2.389472291687989303e-01
1.000974573745364443e-01
3.997802610266875528e-02
0.000000000000000000e+00
0.000000000000000000e+00
0.000000000000000000e+00
0.000000000000000000e+00
0.000000000000000000e+00
0.000000000000000000e+00
0.000000000000000000e+00
0.000000000000000000e+00
0.000000000000000000e+00
0.000000000000000000e+00
0.000000000000000000e+00
0.000000000000000000e+00
0.000000000000000000e+00
0.000000000000000000e+00
0.000000000000000000e+00
0.000000000000000000e+00
0.000000000000000000e+00
1.364076919001420141e+00
1.338054815040071688e+01
2.615439313590881198e+01
1.653931707587028299e+01
2.215287805480142325e+01
2.245879002467261643e+01
7.875818905201734665e+00
9.530000447177060963e+00
3.930348314753239869e+00
5.376332307428063118e+00
2.400480037068767114e+00
6.971348588680905678e+00
5.906318823794730610e-01
1.455847690677663842e+00
1.157490838042941617e+00
2.369587419780539772e+00
1.532356331553174522e+00
9.299804515436458363e-01
6.257728838310523400e-01
4.607591924466504785e-01
1.525139403130818527e-01
3.124602726626193316e-01
1.318329540241649223e-01
6.591783778323132004e-02
3.021240140583364084e-02
0.000000000000000000e+00
0.000000000000000000e+00
0.000000000000000000e+00
0.000000000000000000e+00
0.000000000000000000e+00
0.000000000000000000e+00
0.000000000000000000e+00
0.000000000000000000e+00
0.000000000000000000e+00
0.000000000000000000e+00
0.000000000000000000e+00
0.000000000000000000e+00
0.000000000000000000e+00
0.000000000000000000e+00
0.000000000000000000e+00
1.422619279714792961e+00
0.000000000000000000e+00
1.386476391214087167e+00
2.728153838002840281e+00
2.140887704064114772e+01
3.138527176309057154e+01
2.671735835332891895e+01
2.215287805480142325e+01
9.456332641967417629e+00
1.350140383748868800e+01
3.176666815725686988e+00
1.965174157376619934e+00
1.792110769142687854e+00
3.200640049425022671e+00
4.182809153208543407e+00
1.181263764758946122e+00
3.882260508473770244e+00
1.157490838042941617e+00
1.480992137362837413e+00
1.094540236823696056e+00
7.749837096197048636e-01
6.257728838310523400e-01
5.265819342247434198e-01
3.812848507827046318e-01
1.952876704141370823e-01
1.153538347711443035e-01
3.662102099068406669e-02
1.983642516544632806e-02
0.000000000000000000e+00
0.000000000000000000e+00
0.000000000000000000e+00
0.000000000000000000e+00
0.000000000000000000e+00
0.000000000000000000e+00
0.000000000000000000e+00
0.000000000000000000e+00
0.000000000000000000e+00
0.000000000000000000e+00
0.000000000000000000e+00
0.000000000000000000e+00
0.000000000000000000e+00
0.000000000000000000e+00
0.000000000000000000e+00
0.000000000000000000e+00
0.000000000000000000e+00
0.000000000000000000e+00
6.932381956070435614e+00
1.500484610901562199e+01
2.408498667072129251e+01
1.569263588154528577e+01
1.272255159682329406e+01
6.153577237444839199e+00
1.300245738270519880e+01
4.500467945829562666e+00
1.058888938575228922e+00
5.895522472129860247e+00
4.480276922856719857e+00
5.601120086493789785e+00
1.394269717736181136e+00
2.362527529517892244e+00
9.705651271184425610e-01
1.543321117390588748e+00
2.961984274725674715e-01
8.756321894589568222e-01
4.649902257718229182e-01
8.343638451080698237e-01
3.291137088904646513e-01
3.050278806261637055e-01
1.952876704141370823e-01
8.239559626510307988e-02
7.324204198136813337e-02
2.136230402432681696e-02
0.000000000000000000e+00
0.000000000000000000e+00
0.000000000000000000e+00
0.000000000000000000e+00
0.000000000000000000e+00
0.000000000000000000e+00
0.000000000000000000e+00
0.000000000000000000e+00
0.000000000000000000e+00
0.000000000000000000e+00
0.000000000000000000e+00
0.000000000000000000e+00
0.000000000000000000e+00
0.000000000000000000e+00
0.000000000000000000e+00
0.000000000000000000e+00
0.000000000000000000e+00
0.000000000000000000e+00
2.811661107804137583e+00
1.247828752092678428e+01
2.728153838002840104e+01
8.028328890240430837e+00
1.961579485193160721e+01
8.905786117776306909e+00
7.384292684933807749e+00
4.728166320983708815e+00
5.625584932286953332e+00
3.176666815725686988e+00
3.930348314753239869e+00
3.584221538285375708e+00
3.200640049425022671e+00
1.394269717736181136e+00
1.771895647138419072e+00
9.705651271184425610e-01
1.157490838042941617e+00
0.000000000000000000e+00
8.756321894589568222e-01
9.299804515436458363e-01
0.000000000000000000e+00
3.949364506685575371e-01
1.906424253913523159e-01
7.811506816565483291e-02
5.767691738557215175e-02
4.882802798757875096e-02
1.342773395814828540e-02
0.000000000000000000e+00
0.000000000000000000e+00
0.000000000000000000e+00
0.000000000000000000e+00
0.000000000000000000e+00
0.000000000000000000e+00
0.000000000000000000e+00
0.000000000000000000e+00
0.000000000000000000e+00
0.000000000000000000e+00
0.000000000000000000e+00
0.000000000000000000e+00
0.000000000000000000e+00
0.000000000000000000e+00
0.000000000000000000e+00
0.000000000000000000e+00
0.000000000000000000e+00
0.000000000000000000e+00
5.690477118859171846e+00
2.108745830853103342e+01
1.941066947699722078e+01
2.182523070402272225e+01
1.338054815040071688e+01
7.846317940772642885e+00
3.816765479046988485e+00
8.615008132422774523e+00
4.728166320983708815e+00
4.500467945829562666e+00
1.058888938575228922e+00
4.912935393441549614e+00
3.584221538285375708e+00
2.400480037068767114e+00
6.971348588680905678e-01
1.181263764758946122e+00
9.705651271184425610e-01
0.000000000000000000e+00
1.480992137362837413e+00
6.567241420942175889e-01
4.649902257718229182e-01
5.214774031925436537e-01
1.974682253342787686e-01
1.525139403130818527e-01
5.858630112424112468e-02
9.887471551812368475e-02
2.685541539316831441e-02
1.068115201216340848e-02
0.000000000000000000e+00
0.000000000000000000e+00
0.000000000000000000e+00
0.000000000000000000e+00
0.000000000000000000e+00
0.000000000000000000e+00
0.000000000000000000e+00
0.000000000000000000e+00
0.000000000000000000e+00
0.000000000000000000e+00
0.000000000000000000e+00
0.000000000000000000e+00
0.000000000000000000e+00
0.000000000000000000e+00
0.000000000000000000e+00
0.000000000000000000e+00
0.000000000000000000e+00
1.450024003277625040e+00
4.311721402907301659e+00
9.958334958003550952e+00
1.124664443121655033e+01
1.386476391214087123e+01
1.091261535201136113e+01
6.690274075200358439e+00
6.538598283977202996e+00
1.272255159682329495e+00
6.153577237444839199e+00
2.364083160491854407e+00
1.125116986457390666e+00
2.117777877150457844e+00
1.965174157376619934e+00
1.792110769142687854e+00
0.000000000000000000e+00
0.000000000000000000e+00
1.771895647138419072e+00
4.852825635592212805e-01
1.157490838042941617e+00
1.184793709890269886e+00
2.189080473647392056e-01
1.549967419239409727e-01
1.042954806385087280e-01
1.316454835561858550e-01
2.287709104696227791e-01
3.905753408282741646e-02
3.295823850604123056e-02
1.953121119503150108e-02
1.007080046861121361e-02
0.000000000000000000e+00
0.000000000000000000e+00
0.000000000000000000e+00
0.000000000000000000e+00
0.000000000000000000e+00
0.000000000000000000e+00
0.000000000000000000e+00
0.000000000000000000e+00
0.000000000000000000e+00
0.000000000000000000e+00
0.000000000000000000e+00
0.000000000000000000e+00
0.000000000000000000e+00
0.000000000000000000e+00
0.000000000000000000e+00
0.000000000000000000e+00
0.000000000000000000e+00
0.000000000000000000e+00
2.900048006555250080e+00
7.186202338178836690e+00
1.707143135657751642e+01
1.686996664682482461e+01
8.318858347284523447e+00
6.820384595007100259e+00
4.014164445120215419e+00
0.000000000000000000e+00
1.272255159682329495e+00
4.922861789955871537e+00
0.000000000000000000e+00
2.250233972914781333e+00
3.176666815725686988e+00
9.825870786883099672e-01
0.000000000000000000e+00
1.600320024712511335e+00
6.971348588680905678e-01
0.000000000000000000e+00
4.852825635592212805e-01
7.716605586952943741e-01
0.000000000000000000e+00
4.378160947294784111e-01
1.549967419239409727e-01
6.257728838310523400e-01
6.582274177809292748e-02
3.812848507827046318e-02
1.952876704141370823e-02
6.591647701208246113e-02
4.882802798757875269e-03
9.155273153282921308e-03
0.000000000000000000e+00
0.000000000000000000e+00
0.000000000000000000e+00
0.000000000000000000e+00
0.000000000000000000e+00
0.000000000000000000e+00
0.000000000000000000e+00
0.000000000000000000e+00
0.000000000000000000e+00
0.000000000000000000e+00
0.000000000000000000e+00
0.000000000000000000e+00
0.000000000000000000e+00
0.000000000000000000e+00
0.000000000000000000e+00
0.000000000000000000e+00
0.000000000000000000e+00
0.000000000000000000e+00
1.461243764860584493e+00
8.700144019665749795e+00
1.006068327345037083e+01
1.138095423771834369e+01
4.217491661706206152e+00
8.318858347284523447e+00
4.092230757004260866e+00
2.676109630080143464e+00
2.615439313590881110e+00
3.816765479046988485e+00
1.230715447488967884e+00
0.000000000000000000e+00
0.000000000000000000e+00
1.058888938575228922e+00
1.965174157376619934e+00
0.000000000000000000e+00
8.001600123562556677e-01
6.971348588680905678e-01
0.000000000000000000e+00
4.852825635592212805e-01
7.716605586952943741e-01
5.923968549451349430e-01
2.189080473647392056e-01
1.549967419239409727e-01
2.085909612770174559e-01
6.582274177809292748e-02
3.812848507827046318e-02
5.858630112424112468e-02
3.295823850604123056e-02
1.464840839627362667e-02
6.103515435521947828e-03
0.000000000000000000e+00
0.000000000000000000e+00
0.000000000000000000e+00
0.000000000000000000e+00
0.000000000000000000e+00
0.000000000000000000e+00
0.000000000000000000e+00
0.000000000000000000e+00
0.000000000000000000e+00
0.000000000000000000e+00
0.000000000000000000e+00
0.000000000000000000e+00
0.000000000000000000e+00
0.000000000000000000e+00
0.000000000000000000e+00
0.000000000000000000e+00
0.000000000000000000e+00
0.000000000000000000e+00
1.471127674303734700e+00
5.844975059442337972e+00
1.015016802294337595e+01
8.623442805814603318e+00
1.138095423771834369e+01
5.623322215608275165e+00
5.545905564856348668e+00
2.728153838002840281e+00
1.338054815040071732e+00
0.000000000000000000e+00
2.544510319364658990e+00
1.230715447488967884e+00
0.000000000000000000e+00
2.250233972914781333e+00
1.058888938575228922e+00
0.000000000000000000e+00
1.792110769142687854e+00
0.000000000000000000e+00
0.000000000000000000e+00
5.906318823794730610e-01
4.852825635592212805e-01
0.000000000000000000e+00
0.000000000000000000e+00
0.000000000000000000e+00
0.000000000000000000e+00
1.042954806385087280e-01
6.582274177809292748e-02
7.625697015654092636e-02
3.905753408282741646e-02
1.647911925302061528e-02
1.220700699689468774e-02
6.713866979074142698e-03
0.000000000000000000e+00
0.000000000000000000e+00
0.000000000000000000e+00
0.000000000000000000e+00
0.000000000000000000e+00
0.000000000000000000e+00
0.000000000000000000e+00
0.000000000000000000e+00
0.000000000000000000e+00
0.000000000000000000e+00
0.000000000000000000e+00
0.000000000000000000e+00
0.000000000000000000e+00
0.000000000000000000e+00
0.000000000000000000e+00
0.000000000000000000e+00
0.000000000000000000e+00
0.000000000000000000e+00
1.479865982045772466e+00
1.029789372012614379e+01
7.306218824302922243e+00
1.595026403605387522e+01
5.748961870543069175e+00
2.845238559429585923e+00
0.000000000000000000e+00
2.772952782428174334e+00
2.728153838002840281e+00
0.000000000000000000e+00
2.615439313590881110e+00
1.272255159682329495e+00
2.461430894977935768e+00
1.182041580245927204e+00
0.000000000000000000e+00
1.058888938575228922e+00
0.000000000000000000e+00
0.000000000000000000e+00
8.001600123562556677e-01
0.000000000000000000e+00
0.000000000000000000e+00
4.852825635592212805e-01
3.858302793476471870e-01
5.923968549451349430e-01
0.000000000000000000e+00
3.099934838478819454e-01
0.000000000000000000e+00
1.316454835561858550e-01
3.812848507827046318e-02
3.905753408282741646e-02
3.295823850604123056e-02
7.324204198136813337e-03
3.662109261313168350e-03
0.000000000000000000e+00
0.000000000000000000e+00
0.000000000000000000e+00
0.000000000000000000e+00
0.000000000000000000e+00
0.000000000000000000e+00
0.000000000000000000e+00
0.000000000000000000e+00
0.000000000000000000e+00
0.000000000000000000e+00
0.000000000000000000e+00
0.000000000000000000e+00
0.000000000000000000e+00
0.000000000000000000e+00
0.000000000000000000e+00
0.000000000000000000e+00
0.000000000000000000e+00
0.000000000000000000e+00
0.000000000000000000e+00
1.479865982045772554e+01
1.176902139442987760e+01
1.315119388374526110e+01
1.450024003277625040e+00
4.311721402907301659e+00
1.422619279714792961e+00
0.000000000000000000e+00
1.386476391214087167e+00
0.000000000000000000e+00
0.000000000000000000e+00
0.000000000000000000e+00
0.000000000000000000e+00
0.000000000000000000e+00
0.000000000000000000e+00
0.000000000000000000e+00
0.000000000000000000e+00
0.000000000000000000e+00
0.000000000000000000e+00
0.000000000000000000e+00
0.000000000000000000e+00
5.906318823794730610e-01
0.000000000000000000e+00
3.858302793476471870e-01
0.000000000000000000e+00
0.000000000000000000e+00
0.000000000000000000e+00
0.000000000000000000e+00
6.582274177809292748e-02
0.000000000000000000e+00
1.952876704141370823e-02
1.647911925302061528e-02
4.882802798757875269e-03
4.272460804865363219e-03
0.000000000000000000e+00
0.000000000000000000e+00
0.000000000000000000e+00
0.000000000000000000e+00
0.000000000000000000e+00
0.000000000000000000e+00
0.000000000000000000e+00
0.000000000000000000e+00
0.000000000000000000e+00
0.000000000000000000e+00
0.000000000000000000e+00
0.000000000000000000e+00
0.000000000000000000e+00
0.000000000000000000e+00
0.000000000000000000e+00
0.000000000000000000e+00
0.000000000000000000e+00
0.000000000000000000e+00
1.494517789827305210e+00
5.950472145631791498e+00
1.183892785636617973e+01
7.355638371518673502e+00
4.383731294581753701e+00
4.350072009832874897e+00
0.000000000000000000e+00
1.422619279714792961e+00
1.405830553902068791e+00
0.000000000000000000e+00
0.000000000000000000e+00
1.338054815040071732e+00
1.307719656795440555e+00
0.000000000000000000e+00
0.000000000000000000e+00
0.000000000000000000e+00
0.000000000000000000e+00
0.000000000000000000e+00
0.000000000000000000e+00
0.000000000000000000e+00
8.001600123562556677e-01
0.000000000000000000e+00
5.906318823794730610e-01
0.000000000000000000e+00
0.000000000000000000e+00
0.000000000000000000e+00
0.000000000000000000e+00
0.000000000000000000e+00
0.000000000000000000e+00
6.582274177809292748e-02
3.812848507827046318e-02
1.952876704141370823e-02
2.471867887953092119e-02
1.220700699689468774e-02
3.967285033089265785e-03
0.000000000000000000e+00
0.000000000000000000e+00
0.000000000000000000e+00
0.000000000000000000e+00
0.000000000000000000e+00
0.000000000000000000e+00
0.000000000000000000e+00
0.000000000000000000e+00
0.000000000000000000e+00
0.000000000000000000e+00
0.000000000000000000e+00
0.000000000000000000e+00
0.000000000000000000e+00
0.000000000000000000e+00
0.000000000000000000e+00
0.000000000000000000e+00
0.000000000000000000e+00
0.000000000000000000e+00
0.000000000000000000e+00
4.483553369481915851e+00
5.950472145631791498e+00
5.919463928183089863e+00
1.029789372012614379e+01
1.461243764860584493e+00
0.000000000000000000e+00
1.437240467635767294e+00
0.000000000000000000e+00
0.000000000000000000e+00
1.386476391214087167e+00
1.364076919001420141e+00
2.676109630080143464e+00
0.000000000000000000e+00
0.000000000000000000e+00
1.230715447488967884e+00
0.000000000000000000e+00
1.125116986457390666e+00
0.000000000000000000e+00
0.000000000000000000e+00
8.960553845713439269e-01
0.000000000000000000e+00
6.971348588680905678e-01
0.000000000000000000e+00
4.852825635592212805e-01
0.000000000000000000e+00
0.000000000000000000e+00
4.378160947294784111e-01
0.000000000000000000e+00
0.000000000000000000e+00
6.582274177809292748e-02
1.143854552348113895e-01
0.000000000000000000e+00
0.000000000000000000e+00
1.464840839627362667e-02
3.967285033089265785e-03
0.000000000000000000e+00
0.000000000000000000e+00
0.000000000000000000e+00
0.000000000000000000e+00
0.000000000000000000e+00
0.000000000000000000e+00
0.000000000000000000e+00
0.000000000000000000e+00
0.000000000000000000e+00
0.000000000000000000e+00
0.000000000000000000e+00
0.000000000000000000e+00
0.000000000000000000e+00
0.000000000000000000e+00
0.000000000000000000e+00
0.000000000000000000e+00
0.000000000000000000e+00
0.000000000000000000e+00
0.000000000000000000e+00
4.502034809592829312e+00
1.345066010844574755e+01
8.925708218447686804e+00
2.959731964091544931e+00
4.413383022911204101e+00
1.461243764860584493e+00
0.000000000000000000e+00
0.000000000000000000e+00
0.000000000000000000e+00
0.000000000000000000e+00
0.000000000000000000e+00
0.000000000000000000e+00
0.000000000000000000e+00
0.000000000000000000e+00
0.000000000000000000e+00
1.230715447488967884e+00
0.000000000000000000e+00
0.000000000000000000e+00
0.000000000000000000e+00
9.825870786883099672e-01
0.000000000000000000e+00
0.000000000000000000e+00
0.000000000000000000e+00
0.000000000000000000e+00
0.000000000000000000e+00
0.000000000000000000e+00
0.000000000000000000e+00
4.378160947294784111e-01
0.000000000000000000e+00
3.128864419155261700e-01
0.000000000000000000e+00
0.000000000000000000e+00
0.000000000000000000e+00
2.471867887953092119e-02
4.882802798757875269e-03
2.136230402432681610e-03
0.000000000000000000e+00
0.000000000000000000e+00
0.000000000000000000e+00
0.000000000000000000e+00
0.000000000000000000e+00
0.000000000000000000e+00
0.000000000000000000e+00
0.000000000000000000e+00
0.000000000000000000e+00
0.000000000000000000e+00
0.000000000000000000e+00
0.000000000000000000e+00
0.000000000000000000e+00
0.000000000000000000e+00
0.000000000000000000e+00
0.000000000000000000e+00
0.000000000000000000e+00
0.000000000000000000e+00
0.000000000000000000e+00
0.000000000000000000e+00
7.503391349321382187e+00
7.472588949136525827e+00
2.975236072815895749e+00
2.959731964091544931e+00
4.413383022911204101e+00
0.000000000000000000e+00
0.000000000000000000e+00
1.437240467635767294e+00
1.422619279714792961e+00
0.000000000000000000e+00
0.000000000000000000e+00
0.000000000000000000e+00
1.338054815040071732e+00
0.000000000000000000e+00
0.000000000000000000e+00
0.000000000000000000e+00
0.000000000000000000e+00
0.000000000000000000e+00
0.000000000000000000e+00
0.000000000000000000e+00
1.792110769142687854e+00
0.000000000000000000e+00
0.000000000000000000e+00
0.000000000000000000e+00
4.852825635592212805e-01
3.858302793476471870e-01
0.000000000000000000e+00
2.189080473647392056e-01
0.000000000000000000e+00
0.000000000000000000e+00
0.000000000000000000e+00
3.812848507827046318e-02
3.905753408282741646e-02
8.239559626510307641e-03
7.324204198136813337e-03
1.220703087104389522e-03
0.000000000000000000e+00
0.000000000000000000e+00
0.000000000000000000e+00
0.000000000000000000e+00
0.000000000000000000e+00
0.000000000000000000e+00
0.000000000000000000e+00
0.000000000000000000e+00
0.000000000000000000e+00
0.000000000000000000e+00
0.000000000000000000e+00
0.000000000000000000e+00
0.000000000000000000e+00
0.000000000000000000e+00
0.000000000000000000e+00
0.000000000000000000e+00
0.000000000000000000e+00
0.000000000000000000e+00
0.000000000000000000e+00
4.533450005772662550e+00
4.518585629935728321e+00
4.502034809592829312e+00
4.483553369481915851e+00
2.975236072815895749e+00
0.000000000000000000e+00
4.413383022911204101e+00
0.000000000000000000e+00
1.450024003277625040e+00
1.437240467635767294e+00
0.000000000000000000e+00
0.000000000000000000e+00
0.000000000000000000e+00
0.000000000000000000e+00
0.000000000000000000e+00
0.000000000000000000e+00
0.000000000000000000e+00
0.000000000000000000e+00
0.000000000000000000e+00
0.000000000000000000e+00
0.000000000000000000e+00
0.000000000000000000e+00
8.960553845713439269e-01
8.001600123562556677e-01
0.000000000000000000e+00
0.000000000000000000e+00
0.000000000000000000e+00
3.858302793476471870e-01
0.000000000000000000e+00
0.000000000000000000e+00
0.000000000000000000e+00
0.000000000000000000e+00
0.000000000000000000e+00
3.812848507827046318e-02
0.000000000000000000e+00
8.239559626510307641e-03
7.324204198136813337e-03
3.051757717760973914e-03
0.000000000000000000e+00
0.000000000000000000e+00
0.000000000000000000e+00
0.000000000000000000e+00
0.000000000000000000e+00
0.000000000000000000e+00
0.000000000000000000e+00
0.000000000000000000e+00
0.000000000000000000e+00
0.000000000000000000e+00
0.000000000000000000e+00
0.000000000000000000e+00
0.000000000000000000e+00
0.000000000000000000e+00
0.000000000000000000e+00
0.000000000000000000e+00
0.000000000000000000e+00
0.000000000000000000e+00
0.000000000000000000e+00
4.546836305209025042e+00
4.533450005772662550e+00
0.000000000000000000e+00
3.001356539728552875e+00
1.494517789827305210e+00
1.487618036407947875e+00
1.479865982045772466e+00
0.000000000000000000e+00
0.000000000000000000e+00
0.000000000000000000e+00
2.874480935271534587e+00
0.000000000000000000e+00
0.000000000000000000e+00
0.000000000000000000e+00
0.000000000000000000e+00
0.000000000000000000e+00
0.000000000000000000e+00
0.000000000000000000e+00
0.000000000000000000e+00
0.000000000000000000e+00
1.125116986457390666e+00
0.000000000000000000e+00
0.000000000000000000e+00
0.000000000000000000e+00
0.000000000000000000e+00
0.000000000000000000e+00
5.906318823794730610e-01
0.000000000000000000e+00
0.000000000000000000e+00
0.000000000000000000e+00
0.000000000000000000e+00
0.000000000000000000e+00
0.000000000000000000e+00
0.000000000000000000e+00
0.000000000000000000e+00
1.952876704141370823e-02
1.647911925302061528e-02
2.441401399378937635e-03
9.155273153282920875e-04
0.000000000000000000e+00
0.000000000000000000e+00
0.000000000000000000e+00
0.000000000000000000e+00
0.000000000000000000e+00
0.000000000000000000e+00
0.000000000000000000e+00
0.000000000000000000e+00
0.000000000000000000e+00
0.000000000000000000e+00
0.000000000000000000e+00
0.000000000000000000e+00
0.000000000000000000e+00
0.000000000000000000e+00
0.000000000000000000e+00
0.000000000000000000e+00
0.000000000000000000e+00
0.000000000000000000e+00
1.523287812427410515e+00
1.519640995800313421e+00
1.515612101736341533e+00
0.000000000000000000e+00
1.506195209978576255e+00
3.001356539728552875e+00
0.000000000000000000e+00
0.000000000000000000e+00
0.000000000000000000e+00
0.000000000000000000e+00
0.000000000000000000e+00
0.000000000000000000e+00
0.000000000000000000e+00
0.000000000000000000e+00
0.000000000000000000e+00
0.000000000000000000e+00
0.000000000000000000e+00
0.000000000000000000e+00
0.000000000000000000e+00
0.000000000000000000e+00
0.000000000000000000e+00
0.000000000000000000e+00
0.000000000000000000e+00
0.000000000000000000e+00
0.000000000000000000e+00
0.000000000000000000e+00
0.000000000000000000e+00
0.000000000000000000e+00
0.000000000000000000e+00
0.000000000000000000e+00
0.000000000000000000e+00
0.000000000000000000e+00
0.000000000000000000e+00
1.549967419239409727e-01
0.000000000000000000e+00
0.000000000000000000e+00
3.812848507827046318e-02
0.000000000000000000e+00
0.000000000000000000e+00
0.000000000000000000e+00
9.155273153282920875e-04
0.000000000000000000e+00
0.000000000000000000e+00
0.000000000000000000e+00
0.000000000000000000e+00
0.000000000000000000e+00
0.000000000000000000e+00
0.000000000000000000e+00
0.000000000000000000e+00
0.000000000000000000e+00
0.000000000000000000e+00
0.000000000000000000e+00
0.000000000000000000e+00
0.000000000000000000e+00
0.000000000000000000e+00
0.000000000000000000e+00
0.000000000000000000e+00
0.000000000000000000e+00
0.000000000000000000e+00
0.000000000000000000e+00
1.523287812427410515e+00
1.519640995800313421e+00
4.546836305209025042e+00
3.022300003848441552e+00
1.506195209978576255e+00
0.000000000000000000e+00
0.000000000000000000e+00
0.000000000000000000e+00
0.000000000000000000e+00
1.471127674303734700e+00
0.000000000000000000e+00
0.000000000000000000e+00
1.437240467635767294e+00
0.000000000000000000e+00
0.000000000000000000e+00
0.000000000000000000e+00
0.000000000000000000e+00
0.000000000000000000e+00
0.000000000000000000e+00
0.000000000000000000e+00
0.000000000000000000e+00
0.000000000000000000e+00
0.000000000000000000e+00
0.000000000000000000e+00
9.825870786883099672e-01
0.000000000000000000e+00
0.000000000000000000e+00
0.000000000000000000e+00
0.000000000000000000e+00
0.000000000000000000e+00
0.000000000000000000e+00
0.000000000000000000e+00
0.000000000000000000e+00
0.000000000000000000e+00
1.042954806385087280e-01
0.000000000000000000e+00
0.000000000000000000e+00
1.952876704141370823e-02
0.000000000000000000e+00
2.441401399378937635e-03
1.220703087104389522e-03
0.000000000000000000e+00
0.000000000000000000e+00
0.000000000000000000e+00
0.000000000000000000e+00
0.000000000000000000e+00
0.000000000000000000e+00
0.000000000000000000e+00
0.000000000000000000e+00
0.000000000000000000e+00
0.000000000000000000e+00
0.000000000000000000e+00
0.000000000000000000e+00
0.000000000000000000e+00
0.000000000000000000e+00
0.000000000000000000e+00
0.000000000000000000e+00
0.000000000000000000e+00
0.000000000000000000e+00
1.529605657132143248e+00
7.632983236317334885e+00
1.523287812427410515e+00
4.558922987400940485e+00
3.031224203472683065e+00
3.022300003848441552e+00
0.000000000000000000e+00
1.500678269864276437e+00
0.000000000000000000e+00
0.000000000000000000e+00
0.000000000000000000e+00
0.000000000000000000e+00
0.000000000000000000e+00
0.000000000000000000e+00
0.000000000000000000e+00
1.422619279714792961e+00
0.000000000000000000e+00
0.000000000000000000e+00
0.000000000000000000e+00
0.000000000000000000e+00
0.000000000000000000e+00
0.000000000000000000e+00
0.000000000000000000e+00
0.000000000000000000e+00
0.000000000000000000e+00
0.000000000000000000e+00
0.000000000000000000e+00
0.000000000000000000e+00
0.000000000000000000e+00
0.000000000000000000e+00
0.000000000000000000e+00
0.000000000000000000e+00
0.000000000000000000e+00
0.000000000000000000e+00
0.000000000000000000e+00
0.000000000000000000e+00
0.000000000000000000e+00
6.582274177809292748e-02
0.000000000000000000e+00
1.952876704141370823e-02
0.000000000000000000e+00
4.882802798757875269e-03
1.525878858880486957e-03
0.000000000000000000e+00
0.000000000000000000e+00
0.000000000000000000e+00
0.000000000000000000e+00
0.000000000000000000e+00
0.000000000000000000e+00
0.000000000000000000e+00
0.000000000000000000e+00
0.000000000000000000e+00
0.000000000000000000e+00
0.000000000000000000e+00
0.000000000000000000e+00
0.000000000000000000e+00
0.000000000000000000e+00
0.000000000000000000e+00
0.000000000000000000e+00
0.000000000000000000e+00
0.000000000000000000e+00
0.000000000000000000e+00
4.588816971396429523e+00
3.053193294526933776e+00
1.523287812427410515e+00
1.519640995800313421e+00
1.515612101736341533e+00
1.511150001924220776e+00
0.000000000000000000e+00
0.000000000000000000e+00
0.000000000000000000e+00
0.000000000000000000e+00
0.000000000000000000e+00
0.000000000000000000e+00
0.000000000000000000e+00
0.000000000000000000e+00
0.000000000000000000e+00
0.000000000000000000e+00
0.000000000000000000e+00
0.000000000000000000e+00
0.000000000000000000e+00
0.000000000000000000e+00
0.000000000000000000e+00
0.000000000000000000e+00
0.000000000000000000e+00
0.000000000000000000e+00
0.000000000000000000e+00
0.000000000000000000e+00
9.825870786883099672e-01
8.960553845713439269e-01
0.000000000000000000e+00
0.000000000000000000e+00
0.000000000000000000e+00
0.000000000000000000e+00
0.000000000000000000e+00
0.000000000000000000e+00
0.000000000000000000e+00
0.000000000000000000e+00
0.000000000000000000e+00
0.000000000000000000e+00
0.000000000000000000e+00
0.000000000000000000e+00
8.239559626510307641e-03
7.324204198136813337e-03
1.220703087104389522e-03
0.000000000000000000e+00
0.000000000000000000e+00
0.000000000000000000e+00
0.000000000000000000e+00
0.000000000000000000e+00
0.000000000000000000e+00
0.000000000000000000e+00
0.000000000000000000e+00
0.000000000000000000e+00
0.000000000000000000e+00
0.000000000000000000e+00
0.000000000000000000e+00
0.000000000000000000e+00
0.000000000000000000e+00
0.000000000000000000e+00
0.000000000000000000e+00
0.000000000000000000e+00
0.000000000000000000e+00
0.000000000000000000e+00
0.000000000000000000e+00
3.059211314264286496e+00
0.000000000000000000e+00
0.000000000000000000e+00
0.000000000000000000e+00
0.000000000000000000e+00
0.000000000000000000e+00
0.000000000000000000e+00
0.000000000000000000e+00
0.000000000000000000e+00
0.000000000000000000e+00
0.000000000000000000e+00
0.000000000000000000e+00
0.000000000000000000e+00
0.000000000000000000e+00
0.000000000000000000e+00
0.000000000000000000e+00
0.000000000000000000e+00
0.000000000000000000e+00
0.000000000000000000e+00
0.000000000000000000e+00
0.000000000000000000e+00
0.000000000000000000e+00
0.000000000000000000e+00
0.000000000000000000e+00
0.000000000000000000e+00
0.000000000000000000e+00
0.000000000000000000e+00
0.000000000000000000e+00
0.000000000000000000e+00
0.000000000000000000e+00
0.000000000000000000e+00
0.000000000000000000e+00
0.000000000000000000e+00
0.000000000000000000e+00
0.000000000000000000e+00
0.000000000000000000e+00
0.000000000000000000e+00
0.000000000000000000e+00
0.000000000000000000e+00
0.000000000000000000e+00
8.239559626510307641e-03
2.441401399378937635e-03
9.155273153282920875e-04
0.000000000000000000e+00
0.000000000000000000e+00
0.000000000000000000e+00
0.000000000000000000e+00
0.000000000000000000e+00
0.000000000000000000e+00
0.000000000000000000e+00
0.000000000000000000e+00
0.000000000000000000e+00
0.000000000000000000e+00
0.000000000000000000e+00
0.000000000000000000e+00
0.000000000000000000e+00
0.000000000000000000e+00
0.000000000000000000e+00
0.000000000000000000e+00
0.000000000000000000e+00
0.000000000000000000e+00
0.000000000000000000e+00
4.604557253353314117e+00
1.532347965967065351e+00
0.000000000000000000e+00
0.000000000000000000e+00
3.046575624854821029e+00
0.000000000000000000e+00
0.000000000000000000e+00
1.511150001924220776e+00
0.000000000000000000e+00
0.000000000000000000e+00
0.000000000000000000e+00
0.000000000000000000e+00
0.000000000000000000e+00
0.000000000000000000e+00
0.000000000000000000e+00
0.000000000000000000e+00
0.000000000000000000e+00
0.000000000000000000e+00
0.000000000000000000e+00
0.000000000000000000e+00
0.000000000000000000e+00
0.000000000000000000e+00
0.000000000000000000e+00
0.000000000000000000e+00
0.000000000000000000e+00
0.000000000000000000e+00
0.000000000000000000e+00
0.000000000000000000e+00
0.000000000000000000e+00
0.000000000000000000e+00
0.000000000000000000e+00
0.000000000000000000e+00
0.000000000000000000e+00
0.000000000000000000e+00
0.000000000000000000e+00
0.000000000000000000e+00
0.000000000000000000e+00
0.000000000000000000e+00
0.000000000000000000e+00
0.000000000000000000e+00
0.000000000000000000e+00
1.952876704141370823e-02
0.000000000000000000e+00
0.000000000000000000e+00
1.220703087104389522e-03
0.000000000000000000e+00
