# pd_vector
0.000000000000000000e+00
0.000000000000000000e+00
0.000000000000000000e+00
0.000000000000000000e+00
0.000000000000000000e+00
0.000000000000000000e+00
0.000000000000000000e+00
0.000000000000000000e+00
0.000000000000000000e+00
0.000000000000000000e+00
0.000000000000000000e+00
0.000000000000000000e+00
0.000000000000000000e+00
0.000000000000000000e+00
0.000000000000000000e+00
0.000000000000000000e+00
0.000000000000000000e+00
0.000000000000000000e+00
0.000000000000000000e+00
9.765624696835116178e-03
0.000000000000000000e+00
0.000000000000000000e+00
0.000000000000000000e+00
0.000000000000000000e+00
0.000000000000000000e+00
0.000000000000000000e+00
1.361083942121394386e-01
0.000000000000000000e+00
0.000000000000000000e+00
0.000000000000000000e+00
0.000000000000000000e+00
0.000000000000000000e+00
0.000000000000000000e+00
0.000000000000000000e+00
1.644592234101388772e+00
0.000000000000000000e+00
0.000000000000000000e+00
0.000000000000000000e+00
0.000000000000000000e+00
0.000000000000000000e+00
0.000000000000000000e+00
0.000000000000000000e+00
1.953121119503150108e-02
4.818725436344577950e+00
0.000000000000000000e+00
0.000000000000000000e+00
0.000000000000000000e+00
0.000000000000000000e+00
0.000000000000000000e+00
0.000000000000000000e+00
0.000000000000000000e+00
0.000000000000000000e+00
3.664543500467785542e+00
8.475951885309328304e+00
0.000000000000000000e+00
0.000000000000000000e+00
0.000000000000000000e+00
0.000000000000000000e+00
0.000000000000000000e+00
0.000000000000000000e+00
0.000000000000000000e+00
0.000000000000000000e+00
4.531757794580669185e-01
8.427717630656092140e+00
5.590209787394551988e+00
0.000000000000000000e+00
0.000000000000000000e+00
0.000000000000000000e+00
0.000000000000000000e+00
0.000000000000000000e+00
0.000000000000000000e+00
0.000000000000000000e+00
0.000000000000000000e+00
1.952876704141370823e-02
2.224681099157783226e+00
2.775873391093852227e+00
4.234619009165127679e+00
0.000000000000000000e+00
0.000000000000000000e+00
0.000000000000000000e+00
0.000000000000000000e+00
0.000000000000000000e+00
0.000000000000000000e+00
0.000000000000000000e+00
0.000000000000000000e+00
0.000000000000000000e+00
5.077479430767564139e-01
8.569142011570719530e-01
2.727045363106273435e+00
4.269714222919378521e+00
0.000000000000000000e+00
0.000000000000000000e+00
0.000000000000000000e+00
0.000000000000000000e+00
0.000000000000000000e+00
0.000000000000000000e+00
0.000000000000000000e+00
0.000000000000000000e+00
0.000000000000000000e+00
0.000000000000000000e+00
1.757589033727233740e-01
1.820942677458778025e+00
3.825675992826795380e+00
4.176025260984116194e+00
0.000000000000000000e+00
0.000000000000000000e+00
0.000000000000000000e+00
0.000000000000000000e+00
0.000000000000000000e+00
0.000000000000000000e+00
0.000000000000000000e+00
0.000000000000000000e+00
0.000000000000000000e+00
0.000000000000000000e+00
0.000000000000000000e+00
5.663342442009975386e-01
2.768492034507463284e+00
4.570303419637371078e+00
3.966369505773937654e+00
0.000000000000000000e+00
0.000000000000000000e+00
0.000000000000000000e+00
0.000000000000000000e+00
0.000000000000000000e+00
0.000000000000000000e+00
0.000000000000000000e+00
0.000000000000000000e+00
0.000000000000000000e+00
0.000000000000000000e+00
0.000000000000000000e+00
7.625697015654092636e-02
1.757589033727233740e+00
4.597674271592751438e+00
5.002431467327443038e+00
3.429870498991558492e+00
0.000000000000000000e+00
0.000000000000000000e+00
0.000000000000000000e+00
0.000000000000000000e+00
0.000000000000000000e+00
0.000000000000000000e+00
0.000000000000000000e+00
0.000000000000000000e+00
0.000000000000000000e+00
0.000000000000000000e+00
0.000000000000000000e+00
1.316454835561858550e-01
9.532121269567616073e-01
3.319890397040330399e+00
5.339234637978679032e+00
4.904775411352285452e+00
3.020629789039811719e+00
0.000000000000000000e+00
0.000000000000000000e+00
0.000000000000000000e+00
0.000000000000000000e+00
0.000000000000000000e+00
0.000000000000000000e+00
0.000000000000000000e+00
0.000000000000000000e+00
0.000000000000000000e+00
0.000000000000000000e+00
0.000000000000000000e+00
2.085909612770174559e-01
8.556956431152080711e-01
3.545949112279152882e+00
5.389939703430183471e+00
6.451575187557571311e+00
4.746084320392654377e+00
2.691345131293402915e+00
0.000000000000000000e+00
0.000000000000000000e+00
0.000000000000000000e+00
0.000000000000000000e+00
0.000000000000000000e+00
0.000000000000000000e+00
0.000000000000000000e+00
0.000000000000000000e+00
0.000000000000000000e+00
0.000000000000000000e+00
0.000000000000000000e+00
0.000000000000000000e+00
5.214774031925436537e-01
2.237973220455159673e+00
6.024300642366733349e+00
7.401402708695795418e+00
7.250812471329070696e+00
4.592276032231781713e+00
2.294616627984476409e+00
0.000000000000000000e+00
0.000000000000000000e+00
0.000000000000000000e+00
0.000000000000000000e+00
0.000000000000000000e+00
0.000000000000000000e+00
0.000000000000000000e+00
0.000000000000000000e+00
0.000000000000000000e+00
0.000000000000000000e+00
0.000000000000000000e+00
0.000000000000000000e+00
0.000000000000000000e+00
1.564432209577630850e+00
4.673414666244597448e+00
9.875277635272050603e+00
9.237106810588684880e+00
7.522717939003911169e+00
4.243155632120593879e+00
1.973876891847797799e+00
0.000000000000000000e+00
0.000000000000000000e+00
0.000000000000000000e+00
0.000000000000000000e+00
0.000000000000000000e+00
0.000000000000000000e+00
0.000000000000000000e+00
0.000000000000000000e+00
0.000000000000000000e+00
0.000000000000000000e+00
0.000000000000000000e+00
0.000000000000000000e+00
0.000000000000000000e+00
9.299804515436458363e-01
3.963228264263331635e+00
9.149361107154916795e+00
1.292555644153368632e+01
1.017448762857654287e+01
7.201375113570009034e+00
3.903800837606921093e+00
1.676635690137878942e+00
0.000000000000000000e+00
0.000000000000000000e+00
0.000000000000000000e+00
0.000000000000000000e+00
0.000000000000000000e+00
0.000000000000000000e+00
0.000000000000000000e+00
0.000000000000000000e+00
0.000000000000000000e+00
0.000000000000000000e+00
0.000000000000000000e+00
0.000000000000000000e+00
5.923968549451349430e-01
6.567241420942175889e-01
4.649902257718228960e+00
9.908070660658328421e+00
1.342783932273095715e+01
1.345935523262947342e+01
1.120951228177146852e+01
6.896511407389127157e+00
3.244622459774608281e+00
1.439208939696075218e+00
0.000000000000000000e+00
0.000000000000000000e+00
0.000000000000000000e+00
0.000000000000000000e+00
0.000000000000000000e+00
0.000000000000000000e+00
0.000000000000000000e+00
0.000000000000000000e+00
0.000000000000000000e+00
0.000000000000000000e+00
0.000000000000000000e+00
0.000000000000000000e+00
0.000000000000000000e+00
5.923968549451349430e-01
3.064712663106349044e+00
9.919791483132222254e+00
1.387129892492166050e+01
1.586328076852039537e+01
1.338309826247293266e+01
1.048694790123916221e+01
5.734733500051174104e+00
2.812494412084536322e+00
1.186218224893690554e+00
0.000000000000000000e+00
0.000000000000000000e+00
0.000000000000000000e+00
0.000000000000000000e+00
0.000000000000000000e+00
0.000000000000000000e+00
0.000000000000000000e+00
0.000000000000000000e+00
0.000000000000000000e+00
0.000000000000000000e+00
0.000000000000000000e+00
0.000000000000000000e+00
0.000000000000000000e+00
7.716605586952943741e-01
1.777190564835404718e+00
6.348333373577436767e+00
1.472469048277439185e+01
2.085909612770174704e+01
1.638986270274513757e+01
1.487010918052548014e+01
9.080876674257375214e+00
5.174443445448472900e+00
2.302241519614338205e+00
1.003417937599808241e+00
0.000000000000000000e+00
0.000000000000000000e+00
0.000000000000000000e+00
0.000000000000000000e+00
0.000000000000000000e+00
0.000000000000000000e+00
0.000000000000000000e+00
0.000000000000000000e+00
0.000000000000000000e+00
0.000000000000000000e+00
0.000000000000000000e+00
0.000000000000000000e+00
0.000000000000000000e+00
0.000000000000000000e+00
1.929151396738235880e+00
6.812563831869051789e+00
1.838827597863809160e+01
1.813461880510109481e+01
2.346648314366446542e+01
1.816707673075364937e+01
1.254427159075098253e+01
7.284230106447313169e+00
4.193935849893746237e+00
2.109370809063402241e+00
8.428954816455809240e-01
0.000000000000000000e+00
0.000000000000000000e+00
0.000000000000000000e+00
0.000000000000000000e+00
0.000000000000000000e+00
0.000000000000000000e+00
0.000000000000000000e+00
0.000000000000000000e+00
0.000000000000000000e+00
0.000000000000000000e+00
0.000000000000000000e+00
0.000000000000000000e+00
0.000000000000000000e+00
0.000000000000000000e+00
4.852825635592212805e-01
4.244133072824118891e+00
1.392132609121067155e+01
2.386097716275657277e+01
2.355950477243902697e+01
2.096339160834025606e+01
1.685062189519178943e+01
1.136228855332459808e+01
6.307791754376627757e+00
3.567729318278963113e+00
1.667477155775814346e+00
7.089233178358742560e-01
0.000000000000000000e+00
0.000000000000000000e+00
0.000000000000000000e+00
0.000000000000000000e+00
0.000000000000000000e+00
0.000000000000000000e+00
0.000000000000000000e+00
0.000000000000000000e+00
0.000000000000000000e+00
0.000000000000000000e+00
0.000000000000000000e+00
0.000000000000000000e+00
0.000000000000000000e+00
0.000000000000000000e+00
5.906318823794730610e-01
3.396977944914548964e+00
8.488266145648237782e+00
2.547306476264080288e+01
2.692568982586292137e+01
2.417949174013479308e+01
1.950325487940113334e+01
1.415188948228997923e+01
8.693294597845666161e+00
5.233709567098873805e+00
3.386459006495736279e+00
1.506344663416804508e+00
5.871581848972113882e-01
0.000000000000000000e+00
0.000000000000000000e+00
0.000000000000000000e+00
0.000000000000000000e+00
0.000000000000000000e+00
0.000000000000000000e+00
0.000000000000000000e+00
0.000000000000000000e+00
0.000000000000000000e+00
0.000000000000000000e+00
0.000000000000000000e+00
0.000000000000000000e+00
0.000000000000000000e+00
8.001600123562556677e-01
6.971348588680905678e-01
3.543791294276838144e+00
1.019093383474364600e+01
2.700811955433530187e+01
2.813885060989391107e+01
3.239839100998140253e+01
2.603945264322208430e+01
1.971184584067814782e+01
1.276961190495002718e+01
7.701953985810633618e+00
4.784547925146358516e+00
2.546023924591684917e+00
1.252438917881395053e+00
4.782104343731445883e-01
0.000000000000000000e+00
0.000000000000000000e+00
0.000000000000000000e+00
0.000000000000000000e+00
0.000000000000000000e+00
0.000000000000000000e+00
0.000000000000000000e+00
0.000000000000000000e+00
0.000000000000000000e+00
0.000000000000000000e+00
0.000000000000000000e+00
0.000000000000000000e+00
0.000000000000000000e+00
0.000000000000000000e+00
0.000000000000000000e+00
4.182809153208543407e+00
1.240326952996893439e+01
1.989658510592807161e+01
3.318140402389765597e+01
3.139703331209215165e+01
3.130385077315770559e+01
1.735963509548138717e+01
1.627009497960736084e+01
1.020252497560440297e+01
5.681144276662299042e+00
4.667375322897876266e+00
2.191722860651741822e+00
1.020505784940396010e+00
4.101562372670748968e-01
0.000000000000000000e+00
0.000000000000000000e+00
0.000000000000000000e+00
0.000000000000000000e+00
0.000000000000000000e+00
0.000000000000000000e+00
0.000000000000000000e+00
0.000000000000000000e+00
0.000000000000000000e+00
0.000000000000000000e+00
0.000000000000000000e+00
0.000000000000000000e+00
0.000000000000000000e+00
0.000000000000000000e+00
0.000000000000000000e+00
3.200640049425022671e+00
5.577078870944724542e+00
2.362527529517892333e+01
2.911695381355327683e+01
4.012634905215530523e+01
3.376662073187269186e+01
2.342316106802709541e+01
1.890960251472079889e+01
1.512284469258376518e+01
8.556956431152080711e+00
5.337987910957864734e+00
3.456591766330226356e+00
1.911577833350391442e+00
8.105452645938072687e-01
3.198242088213500423e-01
0.000000000000000000e+00
0.000000000000000000e+00
0.000000000000000000e+00
0.000000000000000000e+00
0.000000000000000000e+00
0.000000000000000000e+00
0.000000000000000000e+00
0.000000000000000000e+00
0.000000000000000000e+00
0.000000000000000000e+00
0.000000000000000000e+00
0.000000000000000000e+00
0.000000000000000000e+00
0.000000000000000000e+00
0.000000000000000000e+00
0.000000000000000000e+00
8.001600123562557343e+00
2.370258520151507753e+01
3.720980858990679963e+01
3.688147483050082087e+01
3.125225262715942165e+01
2.191868363296999433e+01
1.992063231019126945e+01
1.487968722469833338e+01
1.032525258321236450e+01
8.030374496927336736e+00
5.109217000488242455e+00
2.616854783549436902e+00
1.680870163808102724e+00
7.177720114174076516e-01
2.798461827186812800e-01
0.000000000000000000e+00
0.000000000000000000e+00
0.000000000000000000e+00
0.000000000000000000e+00
0.000000000000000000e+00
0.000000000000000000e+00
0.000000000000000000e+00
0.000000000000000000e+00
0.000000000000000000e+00
0.000000000000000000e+00
0.000000000000000000e+00
0.000000000000000000e+00
0.000000000000000000e+00
0.000000000000000000e+00
1.058888938575228922e+00
0.000000000000000000e+00
7.168443076570751415e+00
1.680336025948136935e+01
2.579398977811935012e+01
4.016296800180416682e+01
3.736675739406003771e+01
3.511055542063589741e+01
2.547306476264080288e+01
1.641810355235543994e+01
1.286472957968710062e+01
7.509274605972628081e+00
5.331642084025527417e+00
4.041619418296669153e+00
2.558268482425195778e+00
1.235933943976546212e+00
5.712879274546713848e-01
2.331542896369384055e-01
0.000000000000000000e+00
0.000000000000000000e+00
0.000000000000000000e+00
0.000000000000000000e+00
0.000000000000000000e+00
0.000000000000000000e+00
0.000000000000000000e+00
0.000000000000000000e+00
0.000000000000000000e+00
0.000000000000000000e+00
0.000000000000000000e+00
0.000000000000000000e+00
0.000000000000000000e+00
0.000000000000000000e+00
0.000000000000000000e+00
1.058888938575228922e+00
6.878109550818169993e+00
2.150532922971225247e+01
4.240848065488155072e+01
5.298224927397488671e+01
4.488802306083995575e+01
3.494034457626393220e+01
2.546479843694471512e+01
1.569851665604607582e+01
1.269666674715487353e+01
1.146975890237163220e+01
5.944842396394997230e+00
5.397464825803620414e+00
2.821507895792014331e+00
2.167693141596921613e+00
9.887471551812369031e-01
5.004872868726821800e-01
1.928710877624935371e-01
0.000000000000000000e+00
0.000000000000000000e+00
0.000000000000000000e+00
0.000000000000000000e+00
0.000000000000000000e+00
0.000000000000000000e+00
0.000000000000000000e+00
0.000000000000000000e+00
0.000000000000000000e+00
0.000000000000000000e+00
0.000000000000000000e+00
0.000000000000000000e+00
0.000000000000000000e+00
0.000000000000000000e+00
0.000000000000000000e+00
0.000000000000000000e+00
3.176666815725686988e+00
9.825870786883099228e+00
2.419349538342628492e+01
4.800960074137533695e+01
3.625101266114070597e+01
3.130348976611207235e+01
2.280828048728340107e+01
2.044900480542530019e+01
1.332892923626553561e+01
1.160212651033117837e+01
7.749837096197048858e+00
5.006183070648418720e+00
3.225314347126553294e+00
2.668993955478932367e+00
1.386542459940373284e+00
8.816328800366028950e-01
3.784172169037353095e-01
1.641845652155403956e-01
0.000000000000000000e+00
0.000000000000000000e+00
0.000000000000000000e+00
0.000000000000000000e+00
0.000000000000000000e+00
0.000000000000000000e+00
0.000000000000000000e+00
0.000000000000000000e+00
0.000000000000000000e+00
0.000000000000000000e+00
0.000000000000000000e+00
0.000000000000000000e+00
0.000000000000000000e+00
0.000000000000000000e+00
0.000000000000000000e+00
0.000000000000000000e+00
1.125116986457390666e+00
9.530000447177060963e+00
2.063432865245450998e+01
3.763432615199644715e+01
3.840768059310027382e+01
3.973668695548116148e+01
3.012222600135312689e+01
1.552904203389508098e+01
1.620487173260118041e+01
1.007074653406729325e+01
8.975229941954307122e+00
5.734879451185816102e+00
3.858932783624823060e+00
2.962023380014181750e+00
1.563267888209088907e+00
1.074082187277753953e+00
7.992372837714998290e-01
3.613274071080827543e-01
1.327514607226023546e-01
0.000000000000000000e+00
0.000000000000000000e+00
0.000000000000000000e+00
0.000000000000000000e+00
0.000000000000000000e+00
0.000000000000000000e+00
0.000000000000000000e+00
0.000000000000000000e+00
0.000000000000000000e+00
0.000000000000000000e+00
0.000000000000000000e+00
0.000000000000000000e+00
0.000000000000000000e+00
0.000000000000000000e+00
0.000000000000000000e+00
0.000000000000000000e+00
1.182041580245927204e+00
9.000935891659125332e+00
2.859000134153118111e+01
3.832089606884408539e+01
3.853038153656778775e+01
2.800560043246894892e+01
2.439972006038317076e+01
2.894096223659418143e+01
2.232299792372418068e+01
1.118907810108176903e+01
8.589754396704456951e+00
6.348333373577436767e+00
4.029915290022465513e+00
3.128864419155261700e+00
1.908859511564694911e+00
9.532121269567616073e-01
7.811506816565483291e-01
5.438109353496802800e-01
2.270503301422412135e-01
1.028442350885448164e-01
0.000000000000000000e+00
0.000000000000000000e+00
0.000000000000000000e+00
0.000000000000000000e+00
0.000000000000000000e+00
0.000000000000000000e+00
0.000000000000000000e+00
0.000000000000000000e+00
0.000000000000000000e+00
0.000000000000000000e+00
0.000000000000000000e+00
0.000000000000000000e+00
0.000000000000000000e+00
0.000000000000000000e+00
0.000000000000000000e+00
0.000000000000000000e+00
2.461430894977935768e+00
9.456332641967417629e+00
2.250233972914781333e+01
3.176666815725686632e+01
3.537313483277915793e+01
3.853038153656778775e+01
3.280656050660648049e+01
2.300545034264698785e+01
1.890022023614313795e+01
1.213206408898053112e+01
9.645756983691180508e+00
8.293555969231888980e+00
5.910517278847958522e+00
2.789941354630937731e+00
1.564432209577630850e+00
1.645568544452323145e+00
1.830167283756982233e+00
6.639780794080660797e-01
5.520504949761906310e-01
2.343745343403780268e-01
8.819579804329213957e-02
0.000000000000000000e+00
0.000000000000000000e+00
0.000000000000000000e+00
0.000000000000000000e+00
0.000000000000000000e+00
0.000000000000000000e+00
0.000000000000000000e+00
0.000000000000000000e+00
0.000000000000000000e+00
0.000000000000000000e+00
0.000000000000000000e+00
0.000000000000000000e+00
0.000000000000000000e+00
0.000000000000000000e+00
0.000000000000000000e+00
0.000000000000000000e+00
1.272255159682329495e+00
6.153577237444839199e+00
2.600491476541039759e+01
3.037815863434954622e+01
4.447333542015961427e+01
3.733830899015578098e+01
3.673827076742509945e+01
2.400480037068766848e+01
1.673123661283417363e+01
1.063137388283051443e+01
8.735086144065983049e+00
9.645756983691180508e+00
5.035373267033646627e+00
3.721436805200566411e+00
2.014957645011232756e+00
2.398796054685700785e+00
1.184809352005672611e+00
1.220111522504654822e+00
4.491616419525152892e-01
3.707801831929638525e-01
1.879879077521781905e-01
6.164550589877167142e-02
0.000000000000000000e+00
0.000000000000000000e+00
0.000000000000000000e+00
0.000000000000000000e+00
0.000000000000000000e+00
0.000000000000000000e+00
0.000000000000000000e+00
0.000000000000000000e+00
0.000000000000000000e+00
0.000000000000000000e+00
0.000000000000000000e+00
0.000000000000000000e+00
0.000000000000000000e+00
0.000000000000000000e+00
0.000000000000000000e+00
0.000000000000000000e+00
1.307719656795440555e+00
8.905786117776306909e+00
1.476858536986761550e+01
3.191512266664003405e+01
4.275444548538084177e+01
3.176666815725686632e+01
4.225124438359733148e+01
2.688166153714031736e+01
1.840368028419387869e+01
7.668483447548996246e+00
8.859478235692096248e+00
8.249803580506760881e+00
6.944945028257649255e+00
5.923968549451349652e+00
3.064712663106349044e+00
3.099934838478819454e+00
1.773023170854648445e+00
1.250632093783765608e+00
8.388266717219501345e-01
4.101041078696878728e-01
2.801450273013504355e-01
1.440426825633573105e-01
6.378173630120435866e-02
0.000000000000000000e+00
0.000000000000000000e+00
0.000000000000000000e+00
0.000000000000000000e+00
0.000000000000000000e+00
0.000000000000000000e+00
0.000000000000000000e+00
0.000000000000000000e+00
0.000000000000000000e+00
0.000000000000000000e+00
0.000000000000000000e+00
0.000000000000000000e+00
0.000000000000000000e+00
0.000000000000000000e+00
0.000000000000000000e+00
0.000000000000000000e+00
1.338054815040071732e+00
1.307719656795440555e+00
1.017804127745863596e+01
2.215287805480142325e+01
4.373553846909930343e+01
2.812792466143476844e+01
3.070777921868164029e+01
1.768656741638957897e+01
1.164871999942747038e+01
1.040208016063132312e+01
1.324556231849372168e+01
7.678214470933149904e+00
9.220368707625205218e+00
4.244133072824118891e+00
2.961984274725674826e+00
1.094540236823696056e+00
1.859960903087291673e+00
8.343638451080698237e-01
1.448100319118044377e+00
5.719272761740569200e-01
3.710465737868604563e-01
2.966241465543710820e-01
1.074216615726732577e-01
5.584716623502582189e-02
0.000000000000000000e+00
0.000000000000000000e+00
0.000000000000000000e+00
0.000000000000000000e+00
0.000000000000000000e+00
0.000000000000000000e+00
0.000000000000000000e+00
0.000000000000000000e+00
0.000000000000000000e+00
0.000000000000000000e+00
0.000000000000000000e+00
0.000000000000000000e+00
0.000000000000000000e+00
0.000000000000000000e+00
0.000000000000000000e+00
0.000000000000000000e+00
0.000000000000000000e+00
4.014164445120215419e+00
7.846317940772642885e+00
2.035608255491727192e+01
2.215287805480142325e+01
2.836899792590225289e+01
2.925304164789215733e+01
1.482444514005320535e+01
1.375621910163633999e+01
1.164871999942747038e+01
8.801760135918812011e+00
7.668483447548996246e+00
6.496950706174203560e+00
4.367543072032991525e+00
3.858302793476471759e+00
3.258182702198242353e+00
2.626896568376870356e+00
1.239973935391527782e+00
9.386593257465785101e-01
7.240501595590221884e-01
4.194133358609750672e-01
3.319890397040330399e-01
1.565516329036958365e-01
1.440426825633573105e-01
4.425048690753412284e-02
0.000000000000000000e+00
0.000000000000000000e+00
0.000000000000000000e+00
0.000000000000000000e+00
0.000000000000000000e+00
0.000000000000000000e+00
0.000000000000000000e+00
0.000000000000000000e+00
0.000000000000000000e+00
0.000000000000000000e+00
0.000000000000000000e+00
0.000000000000000000e+00
0.000000000000000000e+00
0.000000000000000000e+00
0.000000000000000000e+00
0.000000000000000000e+00
2.772952782428174334e+00
2.728153838002840281e+00
9.366383705280501459e+00
2.353895382231792865e+01
2.290059287428193002e+01
3.076788618722419599e+01
2.718695634565632702e+01
1.350140383748868800e+01
1.164777832432751836e+01
1.080845786557140897e+01
7.168443076570751415e+00
9.601920148275068456e+00
5.577078870944724542e+00
3.543791294276838144e+00
9.705651271184425610e-01
4.244133072824118891e+00
2.073388992307972245e+00
2.189080473647392111e+00
1.704964161163350589e+00
6.257728838310523400e-01
7.898729013371150742e-01
2.668993955478932145e-01
1.562301363313096658e-01
1.812703117832267785e-01
1.269528727677047553e-01
4.058837764622095362e-02
0.000000000000000000e+00
0.000000000000000000e+00
0.000000000000000000e+00
0.000000000000000000e+00
0.000000000000000000e+00
0.000000000000000000e+00
0.000000000000000000e+00
0.000000000000000000e+00
0.000000000000000000e+00
0.000000000000000000e+00
0.000000000000000000e+00
0.000000000000000000e+00
0.000000000000000000e+00
0.000000000000000000e+00
0.000000000000000000e+00
0.000000000000000000e+00
0.000000000000000000e+00
1.386476391214087167e+00
1.227669227101278082e+01
1.471860296544078928e+01
4.184702901745409775e+01
3.053412383237590788e+01
1.353786992237864695e+01
1.418449896295112644e+01
1.687675479686085822e+01
7.412222570026602675e+00
7.860696629506479738e+00
9.856609230284783862e+00
6.401280098850045341e+00
4.182809153208543407e+00
4.134423176656311760e+00
9.705651271184425610e-01
3.858302793476471870e-01
2.961984274725674826e+00
8.756321894589568222e-01
7.749837096197048636e-01
9.386593257465785101e-01
3.291137088904646513e-01
4.575418209392455582e-01
1.757589033727233740e-01
1.565516329036958365e-01
7.568344338074706190e-02
2.868652254695315540e-02
0.000000000000000000e+00
0.000000000000000000e+00
0.000000000000000000e+00
0.000000000000000000e+00
0.000000000000000000e+00
0.000000000000000000e+00
0.000000000000000000e+00
0.000000000000000000e+00
0.000000000000000000e+00
0.000000000000000000e+00
0.000000000000000000e+00
0.000000000000000000e+00
0.000000000000000000e+00
0.000000000000000000e+00
0.000000000000000000e+00
0.000000000000000000e+00
0.000000000000000000e+00
2.811661107804137583e+00
1.109181112971269734e+01
2.046115378502130255e+01
2.274693185568121834e+01
1.961579485193160721e+01
1.908382739523494109e+01
1.353786992237864695e+01
7.092249481475563222e+00
1.125116986457390666e+01
1.164777832432751836e+01
5.895522472129860247e+00
5.376332307428063118e+00
2.400480037068767114e+00
2.788539435472362271e+00
1.771895647138419072e+00
1.941130254236885122e+00
2.314981676085883233e+00
2.073388992307972245e+00
1.313448284188435178e+00
9.299804515436458363e-01
9.386593257465785101e-01
3.949364506685575371e-01
2.287709104696227791e-01
1.562301363313096658e-01
1.318329540241649223e-01
6.103503498447344217e-02
2.166747979610291266e-02
0.000000000000000000e+00
0.000000000000000000e+00
0.000000000000000000e+00
0.000000000000000000e+00
0.000000000000000000e+00
0.000000000000000000e+00
0.000000000000000000e+00
0.000000000000000000e+00
0.000000000000000000e+00
0.000000000000000000e+00
0.000000000000000000e+00
0.000000000000000000e+00
0.000000000000000000e+00
0.000000000000000000e+00
0.000000000000000000e+00
0.000000000000000000e+00
0.000000000000000000e+00
0.000000000000000000e+00
7.029152769510344179e+00
1.386476391214087123e+01
2.046115378502130255e+01
2.140887704064114772e+01
1.307719656795440599e+01
1.399480675650562489e+01
1.230715447488967840e+01
1.300245738270519880e+01
9.000935891659125332e+00
5.294444692876144387e+00
2.947761236064930124e+00
1.792110769142687854e+00
4.000800061781278671e+00
4.182809153208543407e+00
4.134423176656311760e+00
4.852825635592212805e-01
1.929151396738235880e+00
2.961984274725674715e-01
4.378160947294784111e-01
9.299804515436458363e-01
3.128864419155261700e-01
6.582274177809292748e-02
7.625697015654092636e-02
1.562301363313096658e-01
4.943735775906184238e-02
3.662102099068406669e-02
2.380371019853559644e-02
0.000000000000000000e+00
0.000000000000000000e+00
0.000000000000000000e+00
0.000000000000000000e+00
0.000000000000000000e+00
0.000000000000000000e+00
0.000000000000000000e+00
0.000000000000000000e+00
0.000000000000000000e+00
0.000000000000000000e+00
0.000000000000000000e+00
0.000000000000000000e+00
0.000000000000000000e+00
0.000000000000000000e+00
0.000000000000000000e+00
0.000000000000000000e+00
0.000000000000000000e+00
1.437240467635767294e+00
1.422619279714792961e+00
7.029152769510344179e+00
2.772952782428174245e+01
4.501453832704686420e+01
1.739471259552093230e+01
1.438491622474984588e+01
8.905786117776306909e+00
1.230715447488967884e+00
4.728166320983708815e+00
2.250233972914781333e+00
3.176666815725686988e+00
3.930348314753239869e+00
4.480276922856719857e+00
3.200640049425022671e+00
6.971348588680905678e-01
1.181263764758946122e+00
4.852825635592212805e-01
1.157490838042941617e+00
2.961984274725674715e-01
2.189080473647392056e-01
3.099934838478819454e-01
5.214774031925436537e-01
1.974682253342787686e-01
1.143854552348113895e-01
1.952876704141370823e-01
1.153538347711443035e-01
4.150382378944193762e-02
1.678466744768535718e-02
0.000000000000000000e+00
0.000000000000000000e+00
0.000000000000000000e+00
0.000000000000000000e+00
0.000000000000000000e+00
0.000000000000000000e+00
0.000000000000000000e+00
0.000000000000000000e+00
0.000000000000000000e+00
0.000000000000000000e+00
0.000000000000000000e+00
0.000000000000000000e+00
0.000000000000000000e+00
0.000000000000000000e+00
0.000000000000000000e+00
0.000000000000000000e+00
0.000000000000000000e+00
1.450024003277625040e+00
2.874480935271534587e+00
5.690477118859171846e+00
9.840813877314481317e+00
1.941066947699722078e+01
1.364076919001420052e+01
8.028328890240430837e+00
7.846317940772642885e+00
1.145029643714096501e+01
4.922861789955871537e+00
1.182041580245927204e+00
2.250233972914781333e+00
3.176666815725686988e+00
0.000000000000000000e+00
8.960553845713439269e-01
1.600320024712511335e+00
2.788539435472362271e+00
0.000000000000000000e+00
4.852825635592212805e-01
1.157490838042941617e+00
2.961984274725674715e-01
4.378160947294784111e-01
1.549967419239409727e-01
1.042954806385087280e-01
2.632909671123717099e-01
2.668993955478932145e-01
7.811506816565483291e-02
6.591647701208246113e-02
7.324204198136813337e-03
1.312255818637218796e-02
0.000000000000000000e+00
0.000000000000000000e+00
0.000000000000000000e+00
0.000000000000000000e+00
0.000000000000000000e+00
0.000000000000000000e+00
0.000000000000000000e+00
0.000000000000000000e+00
0.000000000000000000e+00
0.000000000000000000e+00
0.000000000000000000e+00
0.000000000000000000e+00
0.000000000000000000e+00
0.000000000000000000e+00
0.000000000000000000e+00
0.000000000000000000e+00
0.000000000000000000e+00
0.000000000000000000e+00
1.450024003277625040e+00
7.186202338178836690e+00
1.849405063629230739e+01
2.108745830853103342e+01
6.932381956070435614e+00
8.184461514008521732e+00
9.366383705280501459e+00
6.538598283977202996e+00
7.633530958093976970e+00
0.000000000000000000e+00
4.728166320983708815e+00
2.250233972914781333e+00
3.176666815725686988e+00
9.825870786883099672e-01
8.960553845713439269e-01
1.600320024712511335e+00
0.000000000000000000e+00
0.000000000000000000e+00
9.705651271184425610e-01
3.858302793476471870e-01
8.885952824177023590e-01
4.378160947294784111e-01
4.649902257718229182e-01
5.214774031925436537e-01
6.582274177809292748e-02
1.525139403130818527e-01
1.952876704141370823e-02
9.063515589161338926e-02
2.929681679254725335e-02
1.037597624038731105e-02
0.000000000000000000e+00
0.000000000000000000e+00
0.000000000000000000e+00
0.000000000000000000e+00
0.000000000000000000e+00
0.000000000000000000e+00
0.000000000000000000e+00
0.000000000000000000e+00
0.000000000000000000e+00
0.000000000000000000e+00
0.000000000000000000e+00
0.000000000000000000e+00
0.000000000000000000e+00
0.000000000000000000e+00
0.000000000000000000e+00
0.000000000000000000e+00
0.000000000000000000e+00
1.471127674303734700e+00
0.000000000000000000e+00
4.350072009832874897e+00
1.580964514399344090e+01
1.138095423771834369e+01
1.124664443121655033e+01
5.545905564856348668e+00
4.092230757004260866e+00
5.352219260160286929e+00
1.307719656795440555e+00
1.272255159682329495e+00
3.692146342466903874e+00
1.182041580245927204e+00
0.000000000000000000e+00
0.000000000000000000e+00
2.947761236064930124e+00
1.792110769142687854e+00
8.001600123562556677e-01
6.971348588680905678e-01
1.181263764758946122e+00
0.000000000000000000e+00
3.858302793476471870e-01
5.923968549451349430e-01
6.567241420942175889e-01
1.549967419239409727e-01
1.042954806385087280e-01
2.632909671123717099e-01
7.625697015654092636e-02
7.811506816565483291e-02
3.295823850604123056e-02
2.441401399378937548e-02
9.460448925059018743e-03
0.000000000000000000e+00
0.000000000000000000e+00
0.000000000000000000e+00
0.000000000000000000e+00
0.000000000000000000e+00
0.000000000000000000e+00
0.000000000000000000e+00
0.000000000000000000e+00
0.000000000000000000e+00
0.000000000000000000e+00
0.000000000000000000e+00
0.000000000000000000e+00
0.000000000000000000e+00
0.000000000000000000e+00
0.000000000000000000e+00
0.000000000000000000e+00
0.000000000000000000e+00
0.000000000000000000e+00
1.471127674303734700e+00
1.022870635402409079e+01
1.740028803933149959e+01
2.155860701453650918e+01
1.280357351743313643e+01
2.811661107804137583e+00
6.932381956070435614e+00
2.728153838002840281e+00
4.014164445120215419e+00
3.923158970386321442e+00
1.272255159682329495e+00
2.461430894977935768e+00
0.000000000000000000e+00
0.000000000000000000e+00
1.058888938575228922e+00
0.000000000000000000e+00
0.000000000000000000e+00
0.000000000000000000e+00
0.000000000000000000e+00
5.906318823794730610e-01
0.000000000000000000e+00
7.716605586952943741e-01
0.000000000000000000e+00
4.378160947294784111e-01
3.099934838478819454e-01
2.085909612770174559e-01
1.974682253342787686e-01
3.812848507827046318e-02
5.858630112424112468e-02
5.767691738557215175e-02
1.220700699689468774e-02
9.765624696835116178e-03
0.000000000000000000e+00
0.000000000000000000e+00
0.000000000000000000e+00
0.000000000000000000e+00
0.000000000000000000e+00
0.000000000000000000e+00
0.000000000000000000e+00
0.000000000000000000e+00
0.000000000000000000e+00
0.000000000000000000e+00
0.000000000000000000e+00
0.000000000000000000e+00
0.000000000000000000e+00
0.000000000000000000e+00
0.000000000000000000e+00
0.000000000000000000e+00
0.000000000000000000e+00
1.487618036407947875e+00
1.479865982045772466e+00
8.826766045822408202e+00
1.022870635402409079e+01
1.160019202622100032e+01
5.748961870543069175e+00
5.690477118859171846e+00
2.811661107804137583e+00
1.386476391214087167e+00
2.728153838002840281e+00
1.338054815040071732e+00
1.307719656795440555e+00
2.544510319364658990e+00
3.692146342466903874e+00
0.000000000000000000e+00
0.000000000000000000e+00
1.058888938575228922e+00
0.000000000000000000e+00
0.000000000000000000e+00
8.001600123562556677e-01
1.394269717736181136e+00
0.000000000000000000e+00
0.000000000000000000e+00
0.000000000000000000e+00
5.923968549451349430e-01
2.189080473647392056e-01
3.099934838478819454e-01
2.085909612770174559e-01
2.632909671123717099e-01
7.625697015654092636e-02
7.811506816565483291e-02
4.943735775906184238e-02
1.464840839627362667e-02
5.798339663745850393e-03
0.000000000000000000e+00
0.000000000000000000e+00
0.000000000000000000e+00
0.000000000000000000e+00
0.000000000000000000e+00
0.000000000000000000e+00
0.000000000000000000e+00
0.000000000000000000e+00
0.000000000000000000e+00
0.000000000000000000e+00
0.000000000000000000e+00
0.000000000000000000e+00
0.000000000000000000e+00
0.000000000000000000e+00
0.000000000000000000e+00
0.000000000000000000e+00
0.000000000000000000e+00
0.000000000000000000e+00
1.487618036407947875e+00
4.439597946137316953e+00
1.471127674303734700e+01
7.306218824302922243e+00
4.350072009832874897e+00
4.311721402907301659e+00
9.958334958003550952e+00
2.811661107804137583e+00
1.386476391214087167e+00
4.092230757004260866e+00
0.000000000000000000e+00
1.307719656795440555e+00
1.272255159682329495e+00
0.000000000000000000e+00
1.182041580245927204e+00
0.000000000000000000e+00
0.000000000000000000e+00
0.000000000000000000e+00
0.000000000000000000e+00
0.000000000000000000e+00
0.000000000000000000e+00
5.906318823794730610e-01
4.852825635592212805e-01
7.716605586952943741e-01
2.961984274725674715e-01
2.189080473647392056e-01
0.000000000000000000e+00
1.042954806385087280e-01
1.316454835561858550e-01
7.625697015654092636e-02
3.905753408282741646e-02
3.295823850604123056e-02
1.708980979565256214e-02
7.629394294402434135e-03
0.000000000000000000e+00
0.000000000000000000e+00
0.000000000000000000e+00
0.000000000000000000e+00
0.000000000000000000e+00
0.000000000000000000e+00
0.000000000000000000e+00
0.000000000000000000e+00
0.000000000000000000e+00
0.000000000000000000e+00
0.000000000000000000e+00
0.000000000000000000e+00
0.000000000000000000e+00
0.000000000000000000e+00
0.000000000000000000e+00
0.000000000000000000e+00
0.000000000000000000e+00
0.000000000000000000e+00
1.494517789827305210e+00
4.462854109223843402e+00
1.331879383841195263e+01
5.884510697214938801e+00
1.022870635402409079e+01
7.250120016388125421e+00
4.311721402907301659e+00
1.422619279714792961e+00
2.811661107804137583e+00
0.000000000000000000e+00
0.000000000000000000e+00
1.338054815040071732e+00
0.000000000000000000e+00
0.000000000000000000e+00
1.230715447488967884e+00
0.000000000000000000e+00
0.000000000000000000e+00
0.000000000000000000e+00
9.825870786883099672e-01
0.000000000000000000e+00
8.001600123562556677e-01
0.000000000000000000e+00
0.000000000000000000e+00
4.852825635592212805e-01
0.000000000000000000e+00
5.923968549451349430e-01
0.000000000000000000e+00
0.000000000000000000e+00
0.000000000000000000e+00
1.974682253342787686e-01
0.000000000000000000e+00
1.952876704141370823e-02
1.647911925302061528e-02
7.324204198136813337e-03
2.441406174208779045e-03
0.000000000000000000e+00
0.000000000000000000e+00
0.000000000000000000e+00
0.000000000000000000e+00
0.000000000000000000e+00
0.000000000000000000e+00
0.000000000000000000e+00
0.000000000000000000e+00
0.000000000000000000e+00
0.000000000000000000e+00
0.000000000000000000e+00
0.000000000000000000e+00
0.000000000000000000e+00
0.000000000000000000e+00
0.000000000000000000e+00
0.000000000000000000e+00
0.000000000000000000e+00
0.000000000000000000e+00
0.000000000000000000e+00
1.494517789827305210e+00
1.190094429126358300e+01
8.879195892274633906e+00
4.413383022911204101e+00
5.844975059442337972e+00
2.900048006555250080e+00
0.000000000000000000e+00
1.422619279714792961e+00
2.811661107804137583e+00
1.386476391214087167e+00
0.000000000000000000e+00
4.014164445120215419e+00
1.307719656795440555e+00
0.000000000000000000e+00
0.000000000000000000e+00
0.000000000000000000e+00
1.125116986457390666e+00
0.000000000000000000e+00
0.000000000000000000e+00
0.000000000000000000e+00
8.001600123562556677e-01
0.000000000000000000e+00
1.181263764758946122e+00
0.000000000000000000e+00
0.000000000000000000e+00
5.923968549451349430e-01
2.189080473647392056e-01
1.549967419239409727e-01
0.000000000000000000e+00
6.582274177809292748e-02
1.143854552348113895e-01
1.952876704141370823e-02
3.295823850604123056e-02
1.220700699689468774e-02
4.882812348417558089e-03
0.000000000000000000e+00
0.000000000000000000e+00
0.000000000000000000e+00
0.000000000000000000e+00
0.000000000000000000e+00
0.000000000000000000e+00
0.000000000000000000e+00
0.000000000000000000e+00
0.000000000000000000e+00
0.000000000000000000e+00
0.000000000000000000e+00
0.000000000000000000e+00
0.000000000000000000e+00
0.000000000000000000e+00
0.000000000000000000e+00
0.000000000000000000e+00
0.000000000000000000e+00
0.000000000000000000e+00
1.506195209978576255e+00
0.000000000000000000e+00
1.046162452879113580e+01
2.975236072815895749e+00
1.479865982045772466e+00
2.942255348607469401e+00
2.922487529721168986e+00
0.000000000000000000e+00
1.437240467635767294e+00
0.000000000000000000e+00
0.000000000000000000e+00
0.000000000000000000e+00
0.000000000000000000e+00
0.000000000000000000e+00
0.000000000000000000e+00
0.000000000000000000e+00
0.000000000000000000e+00
1.182041580245927204e+00
0.000000000000000000e+00
0.000000000000000000e+00
0.000000000000000000e+00
8.960553845713439269e-01
0.000000000000000000e+00
0.000000000000000000e+00
0.000000000000000000e+00
0.000000000000000000e+00
0.000000000000000000e+00
0.000000000000000000e+00
2.189080473647392056e-01
1.549967419239409727e-01
0.000000000000000000e+00
6.582274177809292748e-02
3.812848507827046318e-02
5.858630112424112468e-02
8.239559626510307641e-03
1.220700699689468774e-02
1.525878858880486957e-03
0.000000000000000000e+00
0.000000000000000000e+00
0.000000000000000000e+00
0.000000000000000000e+00
0.000000000000000000e+00
0.000000000000000000e+00
0.000000000000000000e+00
0.000000000000000000e+00
0.000000000000000000e+00
0.000000000000000000e+00
0.000000000000000000e+00
0.000000000000000000e+00
0.000000000000000000e+00
0.000000000000000000e+00
0.000000000000000000e+00
0.000000000000000000e+00
0.000000000000000000e+00
0.000000000000000000e+00
0.000000000000000000e+00
3.012390419957152510e+00
1.050474788904993417e+01
2.989035579654610419e+00
5.950472145631791498e+00
5.919463928183089863e+00
1.471127674303734700e+00
1.461243764860584493e+00
0.000000000000000000e+00
1.437240467635767294e+00
0.000000000000000000e+00
0.000000000000000000e+00
1.386476391214087167e+00
0.000000000000000000e+00
1.338054815040071732e+00
0.000000000000000000e+00
0.000000000000000000e+00
0.000000000000000000e+00
0.000000000000000000e+00
0.000000000000000000e+00
0.000000000000000000e+00
0.000000000000000000e+00
0.000000000000000000e+00
0.000000000000000000e+00
0.000000000000000000e+00
0.000000000000000000e+00
0.000000000000000000e+00
0.000000000000000000e+00
2.961984274725674715e-01
0.000000000000000000e+00
3.099934838478819454e-01
1.042954806385087280e-01
1.316454835561858550e-01
3.812848507827046318e-02
0.000000000000000000e+00
0.000000000000000000e+00
9.765605597515750538e-03
3.662109261313168350e-03
0.000000000000000000e+00
0.000000000000000000e+00
0.000000000000000000e+00
0.000000000000000000e+00
0.000000000000000000e+00
0.000000000000000000e+00
0.000000000000000000e+00
0.000000000000000000e+00
0.000000000000000000e+00
0.000000000000000000e+00
0.000000000000000000e+00
0.000000000000000000e+00
0.000000000000000000e+00
0.000000000000000000e+00
0.000000000000000000e+00
0.000000000000000000e+00
0.000000000000000000e+00
0.000000000000000000e+00
0.000000000000000000e+00
3.022300003848441552e+00
9.037171259871456641e+00
7.503391349321382187e+00
1.494517789827305210e+00
1.487618036407947875e+00
1.479865982045772466e+00
2.942255348607469401e+00
1.461243764860584493e+00
0.000000000000000000e+00
1.437240467635767294e+00
0.000000000000000000e+00
0.000000000000000000e+00
1.386476391214087167e+00
0.000000000000000000e+00
0.000000000000000000e+00
0.000000000000000000e+00
0.000000000000000000e+00
0.000000000000000000e+00
0.000000000000000000e+00
0.000000000000000000e+00
1.058888938575228922e+00
0.000000000000000000e+00
0.000000000000000000e+00
0.000000000000000000e+00
0.000000000000000000e+00
1.181263764758946122e+00
0.000000000000000000e+00
0.000000000000000000e+00
2.961984274725674715e-01
0.000000000000000000e+00
1.549967419239409727e-01
0.000000000000000000e+00
0.000000000000000000e+00
0.000000000000000000e+00
3.905753408282741646e-02
2.471867887953092119e-02
1.464840839627362667e-02
1.525878858880486957e-03
0.000000000000000000e+00
0.000000000000000000e+00
0.000000000000000000e+00
0.000000000000000000e+00
0.000000000000000000e+00
0.000000000000000000e+00
0.000000000000000000e+00
0.000000000000000000e+00
0.000000000000000000e+00
0.000000000000000000e+00
0.000000000000000000e+00
0.000000000000000000e+00
0.000000000000000000e+00
0.000000000000000000e+00
0.000000000000000000e+00
0.000000000000000000e+00
0.000000000000000000e+00
0.000000000000000000e+00
0.000000000000000000e+00
1.515612101736341533e+00
9.066900011545325100e+00
4.518585629935728321e+00
3.001356539728552875e+00
4.483553369481915851e+00
1.487618036407947875e+00
0.000000000000000000e+00
1.471127674303734700e+00
1.461243764860584493e+00
0.000000000000000000e+00
0.000000000000000000e+00
0.000000000000000000e+00
0.000000000000000000e+00
0.000000000000000000e+00
1.364076919001420141e+00
0.000000000000000000e+00
0.000000000000000000e+00
0.000000000000000000e+00
0.000000000000000000e+00
0.000000000000000000e+00
0.000000000000000000e+00
0.000000000000000000e+00
1.965174157376619934e+00
0.000000000000000000e+00
8.001600123562556677e-01
0.000000000000000000e+00
1.181263764758946122e+00
0.000000000000000000e+00
0.000000000000000000e+00
0.000000000000000000e+00
0.000000000000000000e+00
1.549967419239409727e-01
0.000000000000000000e+00
6.582274177809292748e-02
0.000000000000000000e+00
0.000000000000000000e+00
1.647911925302061528e-02
0.000000000000000000e+00
1.831054630656584175e-03
0.000000000000000000e+00
0.000000000000000000e+00
0.000000000000000000e+00
0.000000000000000000e+00
0.000000000000000000e+00
0.000000000000000000e+00
0.000000000000000000e+00
0.000000000000000000e+00
0.000000000000000000e+00
0.000000000000000000e+00
0.000000000000000000e+00
0.000000000000000000e+00
0.000000000000000000e+00
0.000000000000000000e+00
0.000000000000000000e+00
0.000000000000000000e+00
0.000000000000000000e+00
0.000000000000000000e+00
1.523287812427410515e+00
1.519640995800313421e+00
4.546836305209025042e+00
6.044600007696883104e+00
1.506195209978576255e+00
3.001356539728552875e+00
4.483553369481915851e+00
0.000000000000000000e+00
1.479865982045772466e+00
2.942255348607469401e+00
0.000000000000000000e+00
1.450024003277625040e+00
0.000000000000000000e+00
0.000000000000000000e+00
0.000000000000000000e+00
1.386476391214087167e+00
1.364076919001420141e+00
0.000000000000000000e+00
0.000000000000000000e+00
1.272255159682329495e+00
0.000000000000000000e+00
0.000000000000000000e+00
0.000000000000000000e+00
1.058888938575228922e+00
0.000000000000000000e+00
0.000000000000000000e+00
0.000000000000000000e+00
0.000000000000000000e+00
0.000000000000000000e+00
4.852825635592212805e-01
0.000000000000000000e+00
2.961984274725674715e-01
0.000000000000000000e+00
0.000000000000000000e+00
1.042954806385087280e-01
0.000000000000000000e+00
3.812848507827046318e-02
3.905753408282741646e-02
0.000000000000000000e+00
4.882802798757875269e-03
1.831054630656584175e-03
0.000000000000000000e+00
0.000000000000000000e+00
0.000000000000000000e+00
0.000000000000000000e+00
0.000000000000000000e+00
0.000000000000000000e+00
0.000000000000000000e+00
0.000000000000000000e+00
0.000000000000000000e+00
0.000000000000000000e+00
0.000000000000000000e+00
0.000000000000000000e+00
0.000000000000000000e+00
0.000000000000000000e+00
0.000000000000000000e+00
0.000000000000000000e+00
0.000000000000000000e+00
0.000000000000000000e+00
0.000000000000000000e+00
0.000000000000000000e+00
3.039281991600626842e+00
1.515612101736341533e+00
1.511150001924220776e+00
3.012390419957152510e+00
1.500678269864276437e+00
0.000000000000000000e+00
0.000000000000000000e+00
1.479865982045772466e+00
1.471127674303734700e+00
0.000000000000000000e+00
1.450024003277625040e+00
0.000000000000000000e+00
0.000000000000000000e+00
0.000000000000000000e+00
0.000000000000000000e+00
0.000000000000000000e+00
0.000000000000000000e+00
0.000000000000000000e+00
0.000000000000000000e+00
0.000000000000000000e+00
0.000000000000000000e+00
0.000000000000000000e+00
0.000000000000000000e+00
0.000000000000000000e+00
0.000000000000000000e+00
0.000000000000000000e+00
0.000000000000000000e+00
0.000000000000000000e+00
0.000000000000000000e+00
0.000000000000000000e+00
0.000000000000000000e+00
0.000000000000000000e+00
0.000000000000000000e+00
0.000000000000000000e+00
0.000000000000000000e+00
0.000000000000000000e+00
0.000000000000000000e+00
8.239559626510307641e-03
0.000000000000000000e+00
1.220703087104389522e-03
0.000000000000000000e+00
0.000000000000000000e+00
0.000000000000000000e+00
0.000000000000000000e+00
0.000000000000000000e+00
0.000000000000000000e+00
0.000000000000000000e+00
0.000000000000000000e+00
0.000000000000000000e+00
0.000000000000000000e+00
0.000000000000000000e+00
0.000000000000000000e+00
0.000000000000000000e+00
0.000000000000000000e+00
0.000000000000000000e+00
0.000000000000000000e+00
0.000000000000000000e+00
0.000000000000000000e+00
0.000000000000000000e+00
0.000000000000000000e+00
4.569863437282231544e+00
0.000000000000000000e+00
0.000000000000000000e+00
1.511150001924220776e+00
0.000000000000000000e+00
3.001356539728552875e+00
0.000000000000000000e+00
1.487618036407947875e+00
0.000000000000000000e+00
0.000000000000000000e+00
0.000000000000000000e+00
0.000000000000000000e+00
0.000000000000000000e+00
0.000000000000000000e+00
0.000000000000000000e+00
0.000000000000000000e+00
0.000000000000000000e+00
0.000000000000000000e+00
0.000000000000000000e+00
0.000000000000000000e+00
0.000000000000000000e+00
1.182041580245927204e+00
0.000000000000000000e+00
0.000000000000000000e+00
0.000000000000000000e+00
0.000000000000000000e+00
0.000000000000000000e+00
0.000000000000000000e+00
0.000000000000000000e+00
0.000000000000000000e+00
0.000000000000000000e+00
0.000000000000000000e+00
2.189080473647392056e-01
0.000000000000000000e+00
0.000000000000000000e+00
0.000000000000000000e+00
0.000000000000000000e+00
1.952876704141370823e-02
0.000000000000000000e+00
2.441401399378937635e-03
2.136230402432681610e-03
0.000000000000000000e+00
0.000000000000000000e+00
0.000000000000000000e+00
0.000000000000000000e+00
0.000000000000000000e+00
0.000000000000000000e+00
0.000000000000000000e+00
0.000000000000000000e+00
0.000000000000000000e+00
0.000000000000000000e+00
0.000000000000000000e+00
0.000000000000000000e+00
0.000000000000000000e+00
0.000000000000000000e+00
0.000000000000000000e+00
0.000000000000000000e+00
0.000000000000000000e+00
0.000000000000000000e+00
0.000000000000000000e+00
0.000000000000000000e+00
4.579789941790400221e+00
3.046575624854821029e+00
0.000000000000000000e+00
1.515612101736341533e+00
1.511150001924220776e+00
0.000000000000000000e+00
1.500678269864276437e+00
0.000000000000000000e+00
0.000000000000000000e+00
0.000000000000000000e+00
0.000000000000000000e+00
1.461243764860584493e+00
0.000000000000000000e+00
0.000000000000000000e+00
0.000000000000000000e+00
0.000000000000000000e+00
0.000000000000000000e+00
0.000000000000000000e+00
0.000000000000000000e+00
0.000000000000000000e+00
0.000000000000000000e+00
0.000000000000000000e+00
0.000000000000000000e+00
0.000000000000000000e+00
0.000000000000000000e+00
0.000000000000000000e+00
0.000000000000000000e+00
0.000000000000000000e+00
0.000000000000000000e+00
0.000000000000000000e+00
0.000000000000000000e+00
0.000000000000000000e+00
0.000000000000000000e+00
0.000000000000000000e+00
0.000000000000000000e+00
0.000000000000000000e+00
0.000000000000000000e+00
0.000000000000000000e+00
0.000000000000000000e+00
8.239559626510307641e-03
4.882802798757875269e-03
9.155273153282920875e-04
0.000000000000000000e+00
0.000000000000000000e+00
0.000000000000000000e+00
0.000000000000000000e+00
0.000000000000000000e+00
0.000000000000000000e+00
0.000000000000000000e+00
0.000000000000000000e+00
0.000000000000000000e+00
0.000000000000000000e+00
0.000000000000000000e+00
0.000000000000000000e+00
0.000000000000000000e+00
0.000000000000000000e+00
0.000000000000000000e+00
0.000000000000000000e+00
0.000000000000000000e+00
0.000000000000000000e+00
0.000000000000000000e+00
0.000000000000000000e+00
6.118422628528572993e+00
4.579789941790400221e+00
1.523287812427410515e+00
0.000000000000000000e+00
1.515612101736341533e+00
0.000000000000000000e+00
0.000000000000000000e+00
1.500678269864276437e+00
0.000000000000000000e+00
0.000000000000000000e+00
0.000000000000000000e+00
0.000000000000000000e+00
0.000000000000000000e+00
0.000000000000000000e+00
0.000000000000000000e+00
0.000000000000000000e+00
0.000000000000000000e+00
0.000000000000000000e+00
0.000000000000000000e+00
0.000000000000000000e+00
0.000000000000000000e+00
0.000000000000000000e+00
0.000000000000000000e+00
0.000000000000000000e+00
0.000000000000000000e+00
0.000000000000000000e+00
0.000000000000000000e+00
0.000000000000000000e+00
0.000000000000000000e+00
0.000000000000000000e+00
0.000000000000000000e+00
0.000000000000000000e+00
0.000000000000000000e+00
0.000000000000000000e+00
0.000000000000000000e+00
0.000000000000000000e+00
0.000000000000000000e+00
0.000000000000000000e+00
0.000000000000000000e+00
0.000000000000000000e+00
0.000000000000000000e+00
2.441401399378937635e-03
0.000000000000000000e+00
0.000000000000000000e+00
0.000000000000000000e+00
0.000000000000000000e+00
0.000000000000000000e+00
0.000000000000000000e+00
0.000000000000000000e+00
0.000000000000000000e+00
0.000000000000000000e+00
0.000000000000000000e+00
0.000000000000000000e+00
0.000000000000000000e+00
0.000000000000000000e+00
0.000000000000000000e+00
0.000000000000000000e+00
0.000000000000000000e+00
0.000000000000000000e+00
0.000000000000000000e+00
0.000000000000000000e+00
0.000000000000000000e+00
0.000000000000000000e+00
3.064695931934130702e+00
1.529605657132143248e+00
0.000000000000000000e+00
0.000000000000000000e+00
1.519640995800313421e+00
0.000000000000000000e+00
0.000000000000000000e+00
0.000000000000000000e+00
0.000000000000000000e+00
0.000000000000000000e+00
0.000000000000000000e+00
0.000000000000000000e+00
0.000000000000000000e+00
0.000000000000000000e+00
0.000000000000000000e+00
0.000000000000000000e+00
0.000000000000000000e+00
0.000000000000000000e+00
0.000000000000000000e+00
0.000000000000000000e+00
0.000000000000000000e+00
0.000000000000000000e+00
0.000000000000000000e+00
0.000000000000000000e+00
0.000000000000000000e+00
0.000000000000000000e+00
0.000000000000000000e+00
0.000000000000000000e+00
0.000000000000000000e+00
0.000000000000000000e+00
0.000000000000000000e+00
0.000000000000000000e+00
0.000000000000000000e+00
0.000000000000000000e+00
0.000000000000000000e+00
0.000000000000000000e+00
0.000000000000000000e+00
0.000000000000000000e+00
0.000000000000000000e+00
0.000000000000000000e+00
0.000000000000000000e+00
0.000000000000000000e+00
0.000000000000000000e+00
6.103515435521947611e-04
0.000000000000000000e+00
