# pd_vector
0.000000000000000000e+00
0.000000000000000000e+00
0.000000000000000000e+00
0.000000000000000000e+00
0.000000000000000000e+00
0.000000000000000000e+00
0.000000000000000000e+00
0.000000000000000000e+00
0.000000000000000000e+00
0.000000000000000000e+00
0.000000000000000000e+00
0.000000000000000000e+00
0.000000000000000000e+00
0.000000000000000000e+00
0.000000000000000000e+00
0.000000000000000000e+00
0.000000000000000000e+00
0.000000000000000000e+00
0.000000000000000000e+00
3.662109261313168350e-03
0.000000000000000000e+00
0.000000000000000000e+00
0.000000000000000000e+00
0.000000000000000000e+00
0.000000000000000000e+00
0.000000000000000000e+00
5.645751777857801329e-02
0.000000000000000000e+00
0.000000000000000000e+00
0.000000000000000000e+00
0.000000000000000000e+00
0.000000000000000000e+00
0.000000000000000000e+00
0.000000000000000000e+00
1.441039994326731799e+00
0.000000000000000000e+00
0.000000000000000000e+00
0.000000000000000000e+00
0.000000000000000000e+00
0.000000000000000000e+00
0.000000000000000000e+00
0.000000000000000000e+00
2.441401399378937635e-03
3.364562883831473616e+00
0.000000000000000000e+00
0.000000000000000000e+00
0.000000000000000000e+00
0.000000000000000000e+00
0.000000000000000000e+00
0.000000000000000000e+00
0.000000000000000000e+00
0.000000000000000000e+00
2.382807765793843124e+00
6.590270791504822867e+00
0.000000000000000000e+00
0.000000000000000000e+00
0.000000000000000000e+00
0.000000000000000000e+00
0.000000000000000000e+00
0.000000000000000000e+00
0.000000000000000000e+00
0.000000000000000000e+00
2.554263484218195490e-01
4.572744821036749840e+00
3.552551159245549428e+00
0.000000000000000000e+00
0.000000000000000000e+00
0.000000000000000000e+00
0.000000000000000000e+00
0.000000000000000000e+00
0.000000000000000000e+00
0.000000000000000000e+00
0.000000000000000000e+00
1.952876704141370823e-02
2.636659080483298445e-01
1.203610889893816260e+00
3.876647828871765178e+00
0.000000000000000000e+00
0.000000000000000000e+00
0.000000000000000000e+00
0.000000000000000000e+00
0.000000000000000000e+00
0.000000000000000000e+00
0.000000000000000000e+00
0.000000000000000000e+00
0.000000000000000000e+00
3.905753408282741646e-02
3.131032658073916730e-01
1.936031309707497483e+00
4.439391952026888966e+00
0.000000000000000000e+00
0.000000000000000000e+00
0.000000000000000000e+00
0.000000000000000000e+00
0.000000000000000000e+00
0.000000000000000000e+00
0.000000000000000000e+00
0.000000000000000000e+00
0.000000000000000000e+00
0.000000000000000000e+00
1.171726022484822494e-01
1.507839411651386241e+00
3.564446043093248750e+00
4.568786479259953737e+00
0.000000000000000000e+00
0.000000000000000000e+00
0.000000000000000000e+00
0.000000000000000000e+00
0.000000000000000000e+00
0.000000000000000000e+00
0.000000000000000000e+00
0.000000000000000000e+00
0.000000000000000000e+00
0.000000000000000000e+00
0.000000000000000000e+00
6.835068464494797880e-01
3.172230456206468485e+00
4.975576051934274879e+00
4.162902702797744325e+00
0.000000000000000000e+00
0.000000000000000000e+00
0.000000000000000000e+00
0.000000000000000000e+00
0.000000000000000000e+00
0.000000000000000000e+00
0.000000000000000000e+00
0.000000000000000000e+00
0.000000000000000000e+00
0.000000000000000000e+00
0.000000000000000000e+00
1.525139403130818527e-01
1.874761635975715990e+00
5.166203885821962771e+00
5.410145501023725600e+00
3.690185432316569702e+00
0.000000000000000000e+00
0.000000000000000000e+00
0.000000000000000000e+00
0.000000000000000000e+00
0.000000000000000000e+00
0.000000000000000000e+00
0.000000000000000000e+00
0.000000000000000000e+00
0.000000000000000000e+00
0.000000000000000000e+00
0.000000000000000000e+00
0.000000000000000000e+00
8.006981866436797546e-01
3.417534232247398940e+00
6.262065316147833904e+00
5.268544219859747635e+00
3.277282613103509767e+00
0.000000000000000000e+00
0.000000000000000000e+00
0.000000000000000000e+00
0.000000000000000000e+00
0.000000000000000000e+00
0.000000000000000000e+00
0.000000000000000000e+00
0.000000000000000000e+00
0.000000000000000000e+00
0.000000000000000000e+00
0.000000000000000000e+00
0.000000000000000000e+00
4.607591924466504785e-01
1.601396373287359509e+00
5.311824635264528638e+00
6.484533426063611827e+00
4.951162037940485483e+00
2.774963292760053601e+00
0.000000000000000000e+00
0.000000000000000000e+00
0.000000000000000000e+00
0.000000000000000000e+00
0.000000000000000000e+00
0.000000000000000000e+00
0.000000000000000000e+00
0.000000000000000000e+00
0.000000000000000000e+00
0.000000000000000000e+00
0.000000000000000000e+00
0.000000000000000000e+00
1.042954806385087280e-01
1.711391286230416142e+00
3.660334567513964465e+00
7.479517776861450251e+00
7.316728948341153504e+00
4.670400877011907426e+00
2.380065844081783677e+00
0.000000000000000000e+00
0.000000000000000000e+00
0.000000000000000000e+00
0.000000000000000000e+00
0.000000000000000000e+00
0.000000000000000000e+00
0.000000000000000000e+00
0.000000000000000000e+00
0.000000000000000000e+00
0.000000000000000000e+00
0.000000000000000000e+00
0.000000000000000000e+00
3.099934838478819454e-01
8.343638451080698237e-01
4.739237408022690445e+00
7.968853381358527166e+00
8.885589003843236355e+00
6.781157572617983575e+00
4.118644160752268135e+00
2.043151792040971859e+00
0.000000000000000000e+00
0.000000000000000000e+00
0.000000000000000000e+00
0.000000000000000000e+00
0.000000000000000000e+00
0.000000000000000000e+00
0.000000000000000000e+00
0.000000000000000000e+00
0.000000000000000000e+00
0.000000000000000000e+00
0.000000000000000000e+00
0.000000000000000000e+00
0.000000000000000000e+00
7.749837096197048636e-01
2.920273457878244550e+00
6.779742403143571572e+00
9.989663090506860854e+00
8.690301333429101049e+00
7.102500398051884822e+00
3.723137134052879826e+00
1.697387642618653603e+00
0.000000000000000000e+00
0.000000000000000000e+00
0.000000000000000000e+00
0.000000000000000000e+00
0.000000000000000000e+00
0.000000000000000000e+00
0.000000000000000000e+00
0.000000000000000000e+00
0.000000000000000000e+00
0.000000000000000000e+00
0.000000000000000000e+00
0.000000000000000000e+00
0.000000000000000000e+00
4.378160947294784111e-01
1.859960903087291673e+00
6.466319799587541439e+00
9.412652074267288782e+00
1.258240007582925202e+01
8.827002702718996119e+00
6.187909279509240967e+00
3.291009086362807867e+00
1.464843704525267354e+00
0.000000000000000000e+00
0.000000000000000000e+00
0.000000000000000000e+00
0.000000000000000000e+00
0.000000000000000000e+00
0.000000000000000000e+00
0.000000000000000000e+00
0.000000000000000000e+00
0.000000000000000000e+00
0.000000000000000000e+00
0.000000000000000000e+00
0.000000000000000000e+00
0.000000000000000000e+00
5.923968549451349430e-01
1.970172426282652767e+00
5.114892483490051767e+00
1.095102546704341684e+01
1.369113028984332914e+01
1.307807038184676962e+01
9.744854753665439517e+00
5.462828032376333631e+00
2.878412249867767336e+00
1.228027305627015897e+00
0.000000000000000000e+00
0.000000000000000000e+00
0.000000000000000000e+00
0.000000000000000000e+00
0.000000000000000000e+00
0.000000000000000000e+00
0.000000000000000000e+00
0.000000000000000000e+00
0.000000000000000000e+00
0.000000000000000000e+00
0.000000000000000000e+00
0.000000000000000000e+00
0.000000000000000000e+00
0.000000000000000000e+00
1.480992137362837413e+00
6.567241420942176333e+00
8.524820805816753833e+00
1.606150401833034280e+01
1.434935770762425733e+01
1.345935523262947342e+01
7.655276680234173625e+00
5.182683005074983917e+00
2.600092490338568485e+00
1.029052702429000377e+00
0.000000000000000000e+00
0.000000000000000000e+00
0.000000000000000000e+00
0.000000000000000000e+00
0.000000000000000000e+00
0.000000000000000000e+00
0.000000000000000000e+00
0.000000000000000000e+00
0.000000000000000000e+00
0.000000000000000000e+00
0.000000000000000000e+00
0.000000000000000000e+00
0.000000000000000000e+00
0.000000000000000000e+00
7.716605586952943741e-01
4.146777984615944490e+00
6.567241420942176333e+00
1.735963509548138717e+01
1.554002661513780126e+01
1.566581254318611727e+01
1.056159036668091744e+01
7.420931475737209126e+00
4.441122638689055435e+00
2.145991830054086336e+00
8.532714578859682542e-01
0.000000000000000000e+00
0.000000000000000000e+00
0.000000000000000000e+00
0.000000000000000000e+00
0.000000000000000000e+00
0.000000000000000000e+00
0.000000000000000000e+00
0.000000000000000000e+00
0.000000000000000000e+00
0.000000000000000000e+00
0.000000000000000000e+00
0.000000000000000000e+00
0.000000000000000000e+00
5.906318823794730610e-01
9.705651271184425610e-01
1.543321117390588748e+00
9.478349679122159088e+00
1.619919550499070127e+01
1.999457970818838604e+01
1.773023170854648356e+01
1.296708013028430706e+01
1.067597582191572947e+01
5.839101345382698760e+00
3.814916107074272311e+00
1.772457415949108661e+00
7.305907976319770958e-01
0.000000000000000000e+00
0.000000000000000000e+00
0.000000000000000000e+00
0.000000000000000000e+00
0.000000000000000000e+00
0.000000000000000000e+00
0.000000000000000000e+00
0.000000000000000000e+00
0.000000000000000000e+00
0.000000000000000000e+00
0.000000000000000000e+00
0.000000000000000000e+00
0.000000000000000000e+00
0.000000000000000000e+00
0.000000000000000000e+00
3.882260508473770244e+00
7.716605586952943518e+00
1.925289778571688615e+01
1.970172426282652722e+01
2.309451454666720593e+01
1.700016334407692398e+01
1.369113028984332914e+01
9.837149150193779334e+00
5.780515044258457635e+00
3.295823850604123084e+00
1.513668867614941238e+00
5.960082822787181600e-01
0.000000000000000000e+00
0.000000000000000000e+00
0.000000000000000000e+00
0.000000000000000000e+00
0.000000000000000000e+00
0.000000000000000000e+00
0.000000000000000000e+00
0.000000000000000000e+00
0.000000000000000000e+00
0.000000000000000000e+00
0.000000000000000000e+00
0.000000000000000000e+00
0.000000000000000000e+00
0.000000000000000000e+00
0.000000000000000000e+00
1.771895647138419072e+00
5.823390762710655366e+00
1.890568368803471344e+01
2.369587419780539861e+01
2.232862083120339847e+01
1.859960903087291584e+01
1.376700344428315148e+01
1.303290287206239917e+01
7.549440045497552099e+00
4.413501351359498059e+00
2.949762346290690118e+00
1.267087326277668735e+00
5.490112134251992071e-01
0.000000000000000000e+00
0.000000000000000000e+00
0.000000000000000000e+00
0.000000000000000000e+00
0.000000000000000000e+00
0.000000000000000000e+00
0.000000000000000000e+00
0.000000000000000000e+00
0.000000000000000000e+00
0.000000000000000000e+00
0.000000000000000000e+00
0.000000000000000000e+00
0.000000000000000000e+00
0.000000000000000000e+00
0.000000000000000000e+00
1.394269717736181136e+00
2.953159411897365416e+00
1.747017228813196610e+01
2.546479843694471512e+01
3.169323173956471962e+01
2.189080473647392111e+01
1.751463183740532870e+01
1.595720853769183556e+01
1.026834771738249685e+01
6.748741858853872344e+00
3.827638340117086813e+00
2.422430530194030318e+00
9.985331723459854869e-01
4.394531113575802506e-01
0.000000000000000000e+00
0.000000000000000000e+00
0.000000000000000000e+00
0.000000000000000000e+00
0.000000000000000000e+00
0.000000000000000000e+00
0.000000000000000000e+00
0.000000000000000000e+00
0.000000000000000000e+00
0.000000000000000000e+00
0.000000000000000000e+00
0.000000000000000000e+00
0.000000000000000000e+00
0.000000000000000000e+00
0.000000000000000000e+00
3.200640049425022671e+00
4.879944012076633975e+00
1.299390141234840712e+01
1.698488972457274571e+01
2.314981676085882967e+01
3.021223960220188332e+01
2.210971278383865979e+01
1.859960903087291584e+01
1.209827575406701250e+01
7.767083529814965637e+00
5.681144276662299042e+00
3.124602726626193316e+00
1.977494310362473806e+00
9.619121513553013925e-01
3.598022349240188045e-01
0.000000000000000000e+00
0.000000000000000000e+00
0.000000000000000000e+00
0.000000000000000000e+00
0.000000000000000000e+00
0.000000000000000000e+00
0.000000000000000000e+00
0.000000000000000000e+00
0.000000000000000000e+00
0.000000000000000000e+00
0.000000000000000000e+00
0.000000000000000000e+00
0.000000000000000000e+00
0.000000000000000000e+00
0.000000000000000000e+00
8.960553845713439269e-01
4.800960074137534228e+00
1.115415774188944908e+01
3.012222600135312689e+01
3.688147483050082087e+01
2.970893150976883490e+01
2.843504903736647549e+01
2.276643692593287582e+01
1.472469048277439185e+01
1.001236614129683744e+01
6.384805952475013591e+00
4.880446090018619287e+00
2.753556152839332860e+00
1.639672365675551191e+00
7.348618212130602068e-01
3.021240140583363876e-01
0.000000000000000000e+00
0.000000000000000000e+00
0.000000000000000000e+00
0.000000000000000000e+00
0.000000000000000000e+00
0.000000000000000000e+00
0.000000000000000000e+00
0.000000000000000000e+00
0.000000000000000000e+00
0.000000000000000000e+00
0.000000000000000000e+00
0.000000000000000000e+00
0.000000000000000000e+00
0.000000000000000000e+00
0.000000000000000000e+00
0.000000000000000000e+00
4.480276922856719857e+00
8.001600123562557343e+00
2.230831548377889817e+01
2.716906658945575970e+01
3.299921432202704352e+01
2.623645899564001027e+01
2.606546161758593882e+01
1.203994260506065572e+01
1.239973935391527782e+01
9.073706815550259819e+00
4.805060149800783442e+00
4.194133358609750672e+00
2.011463005265611947e+00
1.268892182482587394e+00
6.079089484453554793e-01
2.581787029225783847e-01
0.000000000000000000e+00
0.000000000000000000e+00
0.000000000000000000e+00
0.000000000000000000e+00
0.000000000000000000e+00
0.000000000000000000e+00
0.000000000000000000e+00
0.000000000000000000e+00
0.000000000000000000e+00
0.000000000000000000e+00
0.000000000000000000e+00
0.000000000000000000e+00
0.000000000000000000e+00
0.000000000000000000e+00
0.000000000000000000e+00
0.000000000000000000e+00
0.000000000000000000e+00
1.523294153771284698e+01
1.760352027183762402e+01
2.649112463698744335e+01
2.953159411897365416e+01
2.911695381355327683e+01
2.507896815759706755e+01
2.014149306813458651e+01
1.685591964708491730e+01
9.609797999284340975e+00
5.944842396394997230e+00
4.673414666244597448e+00
3.698463052592234845e+00
1.933347937099957115e+00
1.170017466964463626e+00
5.859363358509450670e-01
2.053832944053135268e-01
0.000000000000000000e+00
0.000000000000000000e+00
0.000000000000000000e+00
0.000000000000000000e+00
0.000000000000000000e+00
0.000000000000000000e+00
0.000000000000000000e+00
0.000000000000000000e+00
0.000000000000000000e+00
0.000000000000000000e+00
0.000000000000000000e+00
0.000000000000000000e+00
0.000000000000000000e+00
0.000000000000000000e+00
0.000000000000000000e+00
0.000000000000000000e+00
2.117777877150457844e+00
7.860696629506479738e+00
1.702505230685553528e+01
2.720544042011269426e+01
3.694814752000880276e+01
3.543791294276838499e+01
2.620525843219795092e+01
2.546479843694471512e+01
1.836430250329918223e+01
1.182103455769591704e+01
7.594840354273107330e+00
5.527660473840962929e+00
3.554428056017018278e+00
2.783379410713743951e+00
1.620887664437337783e+00
8.486746415305617131e-01
4.589834630832402840e-01
1.855468692398672126e-01
0.000000000000000000e+00
0.000000000000000000e+00
0.000000000000000000e+00
0.000000000000000000e+00
0.000000000000000000e+00
0.000000000000000000e+00
0.000000000000000000e+00
0.000000000000000000e+00
0.000000000000000000e+00
0.000000000000000000e+00
0.000000000000000000e+00
0.000000000000000000e+00
0.000000000000000000e+00
0.000000000000000000e+00
0.000000000000000000e+00
1.182041580245927204e+00
2.250233972914781333e+00
6.353333631451373975e+00
2.161691573114281795e+01
2.329743999885494077e+01
3.360672051896273871e+01
2.718825949585553303e+01
3.484728106038890871e+01
2.911695381355327683e+01
1.736236257064412314e+01
1.392132609121067155e+01
1.160212651033117837e+01
7.129850128501284523e+00
3.963228264263331635e+00
3.554428056017018278e+00
2.287709104696227680e+00
1.269369857691891035e+00
7.168416875063967630e-01
4.052726322969036343e-01
1.507568312573921154e-01
0.000000000000000000e+00
0.000000000000000000e+00
0.000000000000000000e+00
0.000000000000000000e+00
0.000000000000000000e+00
0.000000000000000000e+00
0.000000000000000000e+00
0.000000000000000000e+00
0.000000000000000000e+00
0.000000000000000000e+00
0.000000000000000000e+00
0.000000000000000000e+00
0.000000000000000000e+00
0.000000000000000000e+00
0.000000000000000000e+00
0.000000000000000000e+00
0.000000000000000000e+00
6.750701918744343999e+00
1.058888938575228877e+01
2.849502528196098794e+01
2.777771692171166151e+01
3.200640049425022937e+01
2.997679893132789530e+01
2.480653905993786879e+01
2.038186766948729201e+01
1.620487173260118041e+01
1.095934181648499717e+01
7.661781657765872389e+00
6.664859902729461716e+00
5.736251435117980080e+00
2.698732412901810207e+00
1.639524858365629889e+00
1.152197255443408785e+00
6.674043297473348790e-01
3.466789987118091276e-01
1.257324179717521084e-01
0.000000000000000000e+00
0.000000000000000000e+00
0.000000000000000000e+00
0.000000000000000000e+00
0.000000000000000000e+00
0.000000000000000000e+00
0.000000000000000000e+00
0.000000000000000000e+00
0.000000000000000000e+00
0.000000000000000000e+00
0.000000000000000000e+00
0.000000000000000000e+00
0.000000000000000000e+00
0.000000000000000000e+00
0.000000000000000000e+00
0.000000000000000000e+00
1.230715447488967884e+00
2.364083160491854407e+00
1.237628685103129733e+01
1.694222301720366275e+01
2.947761236064929946e+01
3.046588307542569396e+01
3.280656050660648049e+01
3.346247322566834725e+01
1.830958835376366522e+01
1.455847690677663842e+01
1.234656893912470998e+01
5.923968549451349652e+00
7.880689705130611067e+00
3.874918548098524429e+00
3.128864419155261700e+00
2.303795962233252670e+00
1.487010918052548147e+00
9.764383520706854114e-01
5.685296142292112220e-01
2.416987385385148124e-01
1.086425747522906660e-01
0.000000000000000000e+00
0.000000000000000000e+00
0.000000000000000000e+00
0.000000000000000000e+00
0.000000000000000000e+00
0.000000000000000000e+00
0.000000000000000000e+00
0.000000000000000000e+00
0.000000000000000000e+00
0.000000000000000000e+00
0.000000000000000000e+00
0.000000000000000000e+00
0.000000000000000000e+00
0.000000000000000000e+00
0.000000000000000000e+00
0.000000000000000000e+00
1.272255159682329495e+00
1.230715447488967884e+00
8.274291061721489982e+00
2.587769068851998355e+01
4.129666860443392551e+01
3.046019943933760743e+01
3.584221538285375885e+01
2.800560043246894892e+01
2.161118062491080849e+01
1.653769270662524704e+01
9.705651271184425610e+00
1.157490838042941483e+01
4.442976412088512461e+00
7.442873610401132822e+00
2.789941354630937731e+00
2.607387015962718380e+00
1.579745802674230148e+00
1.029469097113302478e+00
5.858630112424112468e-01
4.531757794580669185e-01
2.661127525323042087e-01
9.094237998927702515e-02
0.000000000000000000e+00
0.000000000000000000e+00
0.000000000000000000e+00
0.000000000000000000e+00
0.000000000000000000e+00
0.000000000000000000e+00
0.000000000000000000e+00
0.000000000000000000e+00
0.000000000000000000e+00
0.000000000000000000e+00
0.000000000000000000e+00
0.000000000000000000e+00
0.000000000000000000e+00
0.000000000000000000e+00
0.000000000000000000e+00
0.000000000000000000e+00
0.000000000000000000e+00
3.816765479046988485e+00
1.107643902740071162e+01
2.600491476541039759e+01
3.262839260726433110e+01
3.600222391155778467e+01
3.635572191146746945e+01
2.240138461428359662e+01
1.520304023476885824e+01
1.463983203622990104e+01
1.122200576520998894e+01
8.735086144065983049e+00
8.102435866300590206e+00
4.739174839561079544e+00
4.159252899930044656e+00
2.944938096554878371e+00
1.773023170854648445e+00
1.250632093783765608e+00
8.769551568002206254e-01
4.882191760353427057e-01
2.554263484218195490e-01
1.464840839627362667e-01
6.622314247541313814e-02
0.000000000000000000e+00
0.000000000000000000e+00
0.000000000000000000e+00
0.000000000000000000e+00
0.000000000000000000e+00
0.000000000000000000e+00
0.000000000000000000e+00
0.000000000000000000e+00
0.000000000000000000e+00
0.000000000000000000e+00
0.000000000000000000e+00
0.000000000000000000e+00
0.000000000000000000e+00
0.000000000000000000e+00
0.000000000000000000e+00
0.000000000000000000e+00
1.338054815040071732e+00
1.307719656795440555e+00
5.089020638729317980e+00
2.092216260731245470e+01
2.127674844442669055e+01
2.700280767497737600e+01
3.176666815725686632e+01
2.456467696720774896e+01
1.612899692228419113e+01
1.760352027183762402e+01
1.185129260075753876e+01
1.004074200045104170e+01
6.793955889829097927e+00
5.401623910867060729e+00
5.627770121978781681e+00
3.283620710471088167e+00
1.549967419239409727e+00
2.294500574047192210e+00
1.250632093783765608e+00
5.719272761740569200e-01
4.491616419525152892e-01
2.636659080483298445e-01
1.416012811639783819e-01
6.225585744232386282e-02
0.000000000000000000e+00
0.000000000000000000e+00
0.000000000000000000e+00
0.000000000000000000e+00
0.000000000000000000e+00
0.000000000000000000e+00
0.000000000000000000e+00
0.000000000000000000e+00
0.000000000000000000e+00
0.000000000000000000e+00
0.000000000000000000e+00
0.000000000000000000e+00
0.000000000000000000e+00
0.000000000000000000e+00
0.000000000000000000e+00
0.000000000000000000e+00
0.000000000000000000e+00
1.338054815040071732e+00
3.923158970386321442e+00
1.653931707587028299e+01
2.707573984475729389e+01
3.664328898762374109e+01
3.037815863434954622e+01
2.011888983292934796e+01
1.277363202294803024e+01
2.508955076799762907e+01
1.680336025948136935e+01
6.971348588680905678e+00
7.678214470933149904e+00
6.793955889829097927e+00
3.086642234781177496e+00
3.258182702198242353e+00
2.407988521012131233e+00
1.239973935391527782e+00
2.398796054685700785e+00
1.118986610227579837e+00
7.625697015654092636e-01
3.515178067454467481e-01
2.801450273013504355e-01
1.171872671701890134e-01
6.103515435521947308e-02
0.000000000000000000e+00
0.000000000000000000e+00
0.000000000000000000e+00
0.000000000000000000e+00
0.000000000000000000e+00
0.000000000000000000e+00
0.000000000000000000e+00
0.000000000000000000e+00
0.000000000000000000e+00
0.000000000000000000e+00
0.000000000000000000e+00
0.000000000000000000e+00
0.000000000000000000e+00
0.000000000000000000e+00
0.000000000000000000e+00
0.000000000000000000e+00
0.000000000000000000e+00
1.364076919001420141e+00
8.028328890240430837e+00
1.176947691115896433e+01
3.053412383237590788e+01
3.446003252969109809e+01
2.955103950614817876e+01
1.237628685103129733e+01
2.223666771007980714e+01
9.825870786883099228e+00
1.254477538399881453e+01
5.601120086493789785e+00
8.365618306417086814e+00
7.087582588553676288e+00
4.367543072032991525e+00
3.086642234781177496e+00
1.777190564835404718e+00
2.189080473647392111e+00
2.014957645011232756e+00
9.386593257465785101e-01
8.556956431152080711e-01
9.150836418784911164e-01
2.538739715383782070e-01
2.059889906627576928e-01
1.220700699689468843e-01
4.791259616884729206e-02
0.000000000000000000e+00
0.000000000000000000e+00
0.000000000000000000e+00
0.000000000000000000e+00
0.000000000000000000e+00
0.000000000000000000e+00
0.000000000000000000e+00
0.000000000000000000e+00
0.000000000000000000e+00
0.000000000000000000e+00
0.000000000000000000e+00
0.000000000000000000e+00
0.000000000000000000e+00
0.000000000000000000e+00
0.000000000000000000e+00
0.000000000000000000e+00
0.000000000000000000e+00
1.386476391214087167e+00
5.456307676005680563e+00
2.007082222560107709e+01
1.700035553834072743e+01
2.926186867269357705e+01
3.199860163471316454e+01
2.718695634565632702e+01
2.812792466143476844e+01
1.800111195577889234e+01
9.825870786883099228e+00
1.612899692228419113e+01
6.401280098850045341e+00
7.668483447548996246e+00
1.771895647138419072e+00
3.396977944914548964e+00
3.858302793476471759e+00
2.369587419780539772e+00
1.970172426282652767e+00
1.084977193467586698e+00
6.257728838310523400e-01
1.250632093783765608e+00
7.244412164871387727e-01
2.929315056212056234e-01
1.812703117832267785e-01
7.568344338074706190e-02
3.570556529780339466e-02
0.000000000000000000e+00
0.000000000000000000e+00
0.000000000000000000e+00
0.000000000000000000e+00
0.000000000000000000e+00
0.000000000000000000e+00
0.000000000000000000e+00
0.000000000000000000e+00
0.000000000000000000e+00
0.000000000000000000e+00
0.000000000000000000e+00
0.000000000000000000e+00
0.000000000000000000e+00
0.000000000000000000e+00
0.000000000000000000e+00
0.000000000000000000e+00
1.422619279714792961e+00
0.000000000000000000e+00
6.932381956070435614e+00
5.456307676005680563e+00
2.274693185568121834e+01
2.615439313590881198e+01
2.798961351301124978e+01
2.338359350229038824e+01
1.773062370368890939e+01
5.625584932286953332e+00
7.412222570026602675e+00
6.878109550818169993e+00
3.584221538285375708e+00
5.601120086493789785e+00
4.182809153208543407e+00
4.725055059035784488e+00
2.426412817796106403e+00
4.244133072824118891e+00
2.073388992307972245e+00
6.567241420942175889e-01
4.649902257718229182e-01
5.214774031925436537e-01
4.607591924466504785e-01
2.668993955478932145e-01
1.562301363313096658e-01
1.400725136506752178e-01
5.615223218571556429e-02
3.143310449293802711e-02
0.000000000000000000e+00
0.000000000000000000e+00
0.000000000000000000e+00
0.000000000000000000e+00
0.000000000000000000e+00
0.000000000000000000e+00
0.000000000000000000e+00
0.000000000000000000e+00
0.000000000000000000e+00
0.000000000000000000e+00
0.000000000000000000e+00
0.000000000000000000e+00
0.000000000000000000e+00
0.000000000000000000e+00
0.000000000000000000e+00
0.000000000000000000e+00
0.000000000000000000e+00
0.000000000000000000e+00
2.811661107804137583e+00
6.932381956070435614e+00
2.046115378502130255e+01
3.345137037600179042e+01
2.353895382231792865e+01
2.162833771459960275e+01
9.845723579911743073e+00
9.456332641967417629e+00
6.750701918744343999e+00
7.412222570026602675e+00
3.930348314753239869e+00
3.584221538285375708e+00
4.800960074137534228e+00
2.091404576604271703e+00
1.181263764758946122e+00
1.941130254236885122e+00
1.543321117390588748e+00
1.184793709890269886e+00
1.094540236823696056e+00
7.749837096197048636e-01
9.386593257465785101e-01
3.949364506685575371e-01
3.431563657044341964e-01
1.952876704141370823e-01
2.059889906627576928e-01
6.103503498447344217e-02
2.655029214452047162e-02
0.000000000000000000e+00
0.000000000000000000e+00
0.000000000000000000e+00
0.000000000000000000e+00
0.000000000000000000e+00
0.000000000000000000e+00
0.000000000000000000e+00
0.000000000000000000e+00
0.000000000000000000e+00
0.000000000000000000e+00
0.000000000000000000e+00
0.000000000000000000e+00
0.000000000000000000e+00
0.000000000000000000e+00
0.000000000000000000e+00
0.000000000000000000e+00
0.000000000000000000e+00
0.000000000000000000e+00
4.267857839144379106e+00
8.434983323412412304e+00
9.705334738498610392e+00
2.591746146102698134e+01
1.873276741056100292e+01
1.830807519513616910e+01
1.272255159682329406e+01
1.599930081735658227e+01
1.063837422221334528e+01
6.750701918744343999e+00
6.353333631451373975e+00
3.930348314753239869e+00
4.480276922856719857e+00
5.601120086493789785e+00
1.394269717736181136e+00
5.906318823794730610e-01
3.396977944914548964e+00
1.157490838042941617e+00
8.885952824177023590e-01
4.378160947294784111e-01
1.239973935391527782e+00
6.257728838310523400e-01
5.265819342247434198e-01
7.625697015654092636e-02
1.562301363313096658e-01
1.318329540241649223e-01
5.126942938695769336e-02
2.258300711143120670e-02
0.000000000000000000e+00
0.000000000000000000e+00
0.000000000000000000e+00
0.000000000000000000e+00
0.000000000000000000e+00
0.000000000000000000e+00
0.000000000000000000e+00
0.000000000000000000e+00
0.000000000000000000e+00
0.000000000000000000e+00
0.000000000000000000e+00
0.000000000000000000e+00
0.000000000000000000e+00
0.000000000000000000e+00
0.000000000000000000e+00
0.000000000000000000e+00
0.000000000000000000e+00
0.000000000000000000e+00
2.874480935271534587e+00
7.113096398573964585e+00
2.249328886243310066e+01
2.495657504185356856e+01
9.548538433009941429e+00
6.690274075200358439e+00
7.846317940772642885e+00
7.633530958093976970e+00
8.615008132422774523e+00
7.092249481475563222e+00
1.125116986457390666e+00
3.176666815725686988e+00
2.947761236064930124e+00
1.792110769142687854e+00
0.000000000000000000e+00
2.788539435472362271e+00
0.000000000000000000e+00
1.941130254236885122e+00
1.543321117390588748e+00
1.184793709890269886e+00
2.189080473647392056e-01
4.649902257718229182e-01
2.085909612770174559e-01
1.974682253342787686e-01
3.050278806261637055e-01
1.171726022484822494e-01
6.591647701208246113e-02
3.417961959130512428e-02
2.227783133965510753e-02
0.000000000000000000e+00
0.000000000000000000e+00
0.000000000000000000e+00
0.000000000000000000e+00
0.000000000000000000e+00
0.000000000000000000e+00
0.000000000000000000e+00
0.000000000000000000e+00
0.000000000000000000e+00
0.000000000000000000e+00
0.000000000000000000e+00
0.000000000000000000e+00
0.000000000000000000e+00
0.000000000000000000e+00
0.000000000000000000e+00
0.000000000000000000e+00
0.000000000000000000e+00
0.000000000000000000e+00
4.350072009832874897e+00
4.311721402907301659e+00
1.707143135657751642e+01
2.389911941633516790e+01
1.802419308578313206e+01
1.636892302801704346e+01
1.739471259552093230e+01
9.154037597568084550e+00
6.361275798411647031e+00
7.384292684933807749e+00
4.728166320983708815e+00
2.250233972914781333e+00
2.117777877150457844e+00
2.947761236064930124e+00
3.584221538285375708e+00
8.001600123562556677e-01
6.971348588680905678e-01
0.000000000000000000e+00
0.000000000000000000e+00
2.314981676085883233e+00
0.000000000000000000e+00
8.756321894589568222e-01
4.649902257718229182e-01
4.171819225540349119e-01
2.632909671123717099e-01
1.525139403130818527e-01
1.562301363313096658e-01
9.063515589161338926e-02
6.591783778323132004e-02
1.312255818637218796e-02
0.000000000000000000e+00
0.000000000000000000e+00
0.000000000000000000e+00
0.000000000000000000e+00
0.000000000000000000e+00
0.000000000000000000e+00
0.000000000000000000e+00
0.000000000000000000e+00
0.000000000000000000e+00
0.000000000000000000e+00
0.000000000000000000e+00
0.000000000000000000e+00
0.000000000000000000e+00
0.000000000000000000e+00
0.000000000000000000e+00
0.000000000000000000e+00
0.000000000000000000e+00
0.000000000000000000e+00
0.000000000000000000e+00
1.450024003277625040e+00
1.293516420872190587e+01
2.133928919572189287e+01
2.108745830853103342e+01
6.932381956070435614e+00
8.184461514008521732e+00
5.352219260160286929e+00
9.154037597568084550e+00
1.272255159682329495e+00
2.461430894977935768e+00
2.364083160491854407e+00
3.375350959372171999e+00
2.117777877150457844e+00
9.825870786883099672e-01
2.688166153714031559e+00
8.001600123562556677e-01
1.394269717736181136e+00
1.181263764758946122e+00
1.455847690677663842e+00
1.157490838042941617e+00
5.923968549451349430e-01
1.313448284188435178e+00
1.549967419239409727e-01
5.214774031925436537e-01
1.316454835561858550e-01
3.812848507827046318e-02
9.764383520706854114e-02
2.471867887953092119e-02
2.441401399378937548e-02
1.037597624038731105e-02
0.000000000000000000e+00
0.000000000000000000e+00
0.000000000000000000e+00
0.000000000000000000e+00
0.000000000000000000e+00
0.000000000000000000e+00
0.000000000000000000e+00
0.000000000000000000e+00
0.000000000000000000e+00
0.000000000000000000e+00
0.000000000000000000e+00
0.000000000000000000e+00
0.000000000000000000e+00
0.000000000000000000e+00
0.000000000000000000e+00
0.000000000000000000e+00
0.000000000000000000e+00
0.000000000000000000e+00
0.000000000000000000e+00
1.461243764860584493e+00
4.350072009832874897e+00
1.293516420872190587e+01
7.113096398573964585e+00
9.840813877314481317e+00
4.159429173642261723e+00
1.364076919001420141e+00
0.000000000000000000e+00
2.615439313590881110e+00
2.544510319364658990e+00
1.230715447488967884e+00
2.364083160491854407e+00
2.250233972914781333e+00
3.176666815725686988e+00
1.965174157376619934e+00
2.688166153714031559e+00
8.001600123562556677e-01
1.394269717736181136e+00
1.181263764758946122e+00
4.852825635592212805e-01
3.858302793476471870e-01
2.961984274725674715e-01
4.378160947294784111e-01
1.084977193467586698e+00
5.214774031925436537e-01
6.582274177809292748e-02
7.625697015654092636e-02
7.811506816565483291e-02
4.943735775906184238e-02
1.708980979565256214e-02
9.765624696835116178e-03
0.000000000000000000e+00
0.000000000000000000e+00
0.000000000000000000e+00
0.000000000000000000e+00
0.000000000000000000e+00
0.000000000000000000e+00
0.000000000000000000e+00
0.000000000000000000e+00
0.000000000000000000e+00
0.000000000000000000e+00
0.000000000000000000e+00
0.000000000000000000e+00
0.000000000000000000e+00
0.000000000000000000e+00
0.000000000000000000e+00
0.000000000000000000e+00
0.000000000000000000e+00
0.000000000000000000e+00
5.919463928183089863e+00
4.413383022911204101e+00
1.461243764860584449e+01
1.595026403605387522e+01
1.437240467635767338e+01
9.958334958003550952e+00
1.405830553902068791e+00
6.932381956070435614e+00
2.728153838002840281e+00
4.014164445120215419e+00
1.307719656795440555e+00
1.272255159682329495e+00
1.230715447488967884e+00
2.364083160491854407e+00
1.125116986457390666e+00
0.000000000000000000e+00
9.825870786883099672e-01
1.792110769142687854e+00
0.000000000000000000e+00
0.000000000000000000e+00
5.906318823794730610e-01
4.852825635592212805e-01
0.000000000000000000e+00
1.184793709890269886e+00
0.000000000000000000e+00
0.000000000000000000e+00
2.085909612770174559e-01
6.582274177809292748e-02
3.812848507827046318e-02
5.858630112424112468e-02
5.767691738557215175e-02
7.324204198136813337e-03
1.007080046861121361e-02
0.000000000000000000e+00
0.000000000000000000e+00
0.000000000000000000e+00
0.000000000000000000e+00
0.000000000000000000e+00
0.000000000000000000e+00
0.000000000000000000e+00
0.000000000000000000e+00
0.000000000000000000e+00
0.000000000000000000e+00
0.000000000000000000e+00
0.000000000000000000e+00
0.000000000000000000e+00
0.000000000000000000e+00
0.000000000000000000e+00
0.000000000000000000e+00
0.000000000000000000e+00
0.000000000000000000e+00
2.975236072815895749e+00
4.439597946137316953e+00
5.884510697214938801e+00
8.767462589163507403e+00
4.350072009832874897e+00
4.311721402907301659e+00
5.690477118859171846e+00
5.623322215608275165e+00
1.386476391214087167e+00
1.364076919001420141e+00
2.676109630080143464e+00
1.307719656795440555e+00
1.272255159682329495e+00
2.461430894977935768e+00
0.000000000000000000e+00
1.125116986457390666e+00
0.000000000000000000e+00
9.825870786883099672e-01
0.000000000000000000e+00
1.600320024712511335e+00
6.971348588680905678e-01
5.906318823794730610e-01
4.852825635592212805e-01
0.000000000000000000e+00
0.000000000000000000e+00
2.189080473647392056e-01
1.549967419239409727e-01
0.000000000000000000e+00
1.316454835561858550e-01
3.812848507827046318e-02
0.000000000000000000e+00
6.591647701208246113e-02
7.324204198136813337e-03
5.798339663745850393e-03
0.000000000000000000e+00
0.000000000000000000e+00
0.000000000000000000e+00
0.000000000000000000e+00
0.000000000000000000e+00
0.000000000000000000e+00
0.000000000000000000e+00
0.000000000000000000e+00
0.000000000000000000e+00
0.000000000000000000e+00
0.000000000000000000e+00
0.000000000000000000e+00
0.000000000000000000e+00
0.000000000000000000e+00
0.000000000000000000e+00
0.000000000000000000e+00
0.000000000000000000e+00
0.000000000000000000e+00
0.000000000000000000e+00
1.487618036407947875e+00
5.919463928183089863e+00
1.029789372012614379e+01
1.753492517832701481e+01
8.700144019665749795e+00
7.186202338178836690e+00
2.845238559429585923e+00
2.811661107804137583e+00
1.386476391214087167e+00
1.364076919001420141e+00
2.676109630080143464e+00
1.307719656795440555e+00
0.000000000000000000e+00
3.692146342466903874e+00
2.364083160491854407e+00
2.250233972914781333e+00
0.000000000000000000e+00
1.965174157376619934e+00
0.000000000000000000e+00
8.001600123562556677e-01
6.971348588680905678e-01
0.000000000000000000e+00
4.852825635592212805e-01
1.157490838042941617e+00
2.961984274725674715e-01
2.189080473647392056e-01
0.000000000000000000e+00
2.085909612770174559e-01
6.582274177809292748e-02
7.625697015654092636e-02
5.858630112424112468e-02
1.647911925302061528e-02
1.220700699689468774e-02
5.187988120193655524e-03
0.000000000000000000e+00
0.000000000000000000e+00
0.000000000000000000e+00
0.000000000000000000e+00
0.000000000000000000e+00
0.000000000000000000e+00
0.000000000000000000e+00
0.000000000000000000e+00
0.000000000000000000e+00
0.000000000000000000e+00
0.000000000000000000e+00
0.000000000000000000e+00
0.000000000000000000e+00
0.000000000000000000e+00
0.000000000000000000e+00
0.000000000000000000e+00
0.000000000000000000e+00
0.000000000000000000e+00
0.000000000000000000e+00
2.989035579654610419e+00
2.975236072815895749e+00
1.479865982045772554e+01
7.355638371518673502e+00
7.306218824302922243e+00
4.350072009832874897e+00
2.874480935271534587e+00
5.690477118859171846e+00
4.217491661706206152e+00
2.772952782428174334e+00
1.364076919001420141e+00
1.338054815040071732e+00
0.000000000000000000e+00
0.000000000000000000e+00
2.461430894977935768e+00
2.364083160491854407e+00
2.250233972914781333e+00
0.000000000000000000e+00
0.000000000000000000e+00
0.000000000000000000e+00
0.000000000000000000e+00
6.971348588680905678e-01
0.000000000000000000e+00
0.000000000000000000e+00
0.000000000000000000e+00
0.000000000000000000e+00
2.189080473647392056e-01
1.549967419239409727e-01
1.042954806385087280e-01
6.582274177809292748e-02
7.625697015654092636e-02
5.858630112424112468e-02
8.239559626510307641e-03
9.765605597515750538e-03
6.103515435521947828e-03
0.000000000000000000e+00
0.000000000000000000e+00
0.000000000000000000e+00
0.000000000000000000e+00
0.000000000000000000e+00
0.000000000000000000e+00
0.000000000000000000e+00
0.000000000000000000e+00
0.000000000000000000e+00
0.000000000000000000e+00
0.000000000000000000e+00
0.000000000000000000e+00
0.000000000000000000e+00
0.000000000000000000e+00
0.000000000000000000e+00
0.000000000000000000e+00
0.000000000000000000e+00
0.000000000000000000e+00
0.000000000000000000e+00
3.001356539728552875e+00
4.483553369481915851e+00
7.438090182039739595e+00
1.479865982045772466e+00
2.942255348607469401e+00
2.922487529721168986e+00
5.800096013110500159e+00
0.000000000000000000e+00
1.422619279714792961e+00
0.000000000000000000e+00
1.386476391214087167e+00
0.000000000000000000e+00
0.000000000000000000e+00
0.000000000000000000e+00
0.000000000000000000e+00
0.000000000000000000e+00
1.182041580245927204e+00
0.000000000000000000e+00
0.000000000000000000e+00
9.825870786883099672e-01
0.000000000000000000e+00
1.600320024712511335e+00
0.000000000000000000e+00
0.000000000000000000e+00
0.000000000000000000e+00
0.000000000000000000e+00
0.000000000000000000e+00
2.189080473647392056e-01
0.000000000000000000e+00
0.000000000000000000e+00
6.582274177809292748e-02
0.000000000000000000e+00
1.952876704141370823e-02
8.239559626510307641e-03
9.765605597515750538e-03
6.408691207298045263e-03
0.000000000000000000e+00
0.000000000000000000e+00
0.000000000000000000e+00
0.000000000000000000e+00
0.000000000000000000e+00
0.000000000000000000e+00
0.000000000000000000e+00
0.000000000000000000e+00
0.000000000000000000e+00
0.000000000000000000e+00
0.000000000000000000e+00
0.000000000000000000e+00
0.000000000000000000e+00
0.000000000000000000e+00
0.000000000000000000e+00
0.000000000000000000e+00
0.000000000000000000e+00
0.000000000000000000e+00
0.000000000000000000e+00
0.000000000000000000e+00
3.001356539728552875e+00
1.643969568810035753e+01
4.462854109223843402e+00
4.439597946137316953e+00
1.471127674303734700e+00
0.000000000000000000e+00
4.350072009832874897e+00
1.437240467635767294e+00
0.000000000000000000e+00
1.405830553902068791e+00
0.000000000000000000e+00
1.364076919001420141e+00
1.338054815040071732e+00
0.000000000000000000e+00
0.000000000000000000e+00
0.000000000000000000e+00
0.000000000000000000e+00
1.125116986457390666e+00
0.000000000000000000e+00
0.000000000000000000e+00
0.000000000000000000e+00
0.000000000000000000e+00
0.000000000000000000e+00
0.000000000000000000e+00
0.000000000000000000e+00
0.000000000000000000e+00
0.000000000000000000e+00
2.189080473647392056e-01
0.000000000000000000e+00
0.000000000000000000e+00
6.582274177809292748e-02
7.625697015654092636e-02
1.952876704141370823e-02
1.647911925302061528e-02
1.464840839627362667e-02
3.967285033089265785e-03
0.000000000000000000e+00
0.000000000000000000e+00
0.000000000000000000e+00
0.000000000000000000e+00
0.000000000000000000e+00
0.000000000000000000e+00
0.000000000000000000e+00
0.000000000000000000e+00
0.000000000000000000e+00
0.000000000000000000e+00
0.000000000000000000e+00
0.000000000000000000e+00
0.000000000000000000e+00
0.000000000000000000e+00
0.000000000000000000e+00
0.000000000000000000e+00
0.000000000000000000e+00
0.000000000000000000e+00
0.000000000000000000e+00
0.000000000000000000e+00
1.506195209978576255e+00
7.503391349321382187e+00
1.494517789827305210e+00
2.975236072815895749e+00
0.000000000000000000e+00
5.884510697214938801e+00
1.461243764860584493e+00
0.000000000000000000e+00
1.437240467635767294e+00
0.000000000000000000e+00
2.811661107804137583e+00
0.000000000000000000e+00
0.000000000000000000e+00
0.000000000000000000e+00
0.000000000000000000e+00
0.000000000000000000e+00
2.461430894977935768e+00
0.000000000000000000e+00
0.000000000000000000e+00
0.000000000000000000e+00
0.000000000000000000e+00
0.000000000000000000e+00
0.000000000000000000e+00
0.000000000000000000e+00
0.000000000000000000e+00
0.000000000000000000e+00
0.000000000000000000e+00
2.961984274725674715e-01
0.000000000000000000e+00
0.000000000000000000e+00
0.000000000000000000e+00
1.316454835561858550e-01
0.000000000000000000e+00
1.952876704141370823e-02
1.647911925302061528e-02
2.441401399378937635e-03
3.051757717760973914e-03
0.000000000000000000e+00
0.000000000000000000e+00
0.000000000000000000e+00
0.000000000000000000e+00
0.000000000000000000e+00
0.000000000000000000e+00
0.000000000000000000e+00
0.000000000000000000e+00
0.000000000000000000e+00
0.000000000000000000e+00
0.000000000000000000e+00
0.000000000000000000e+00
0.000000000000000000e+00
0.000000000000000000e+00
0.000000000000000000e+00
0.000000000000000000e+00
0.000000000000000000e+00
0.000000000000000000e+00
0.000000000000000000e+00
4.546836305209025042e+00
0.000000000000000000e+00
4.518585629935728321e+00
1.050474788904993417e+01
7.472588949136525827e+00
0.000000000000000000e+00
0.000000000000000000e+00
7.355638371518673502e+00
0.000000000000000000e+00
0.000000000000000000e+00
1.437240467635767294e+00
1.422619279714792961e+00
0.000000000000000000e+00
0.000000000000000000e+00
2.728153838002840281e+00
1.338054815040071732e+00
0.000000000000000000e+00
1.272255159682329495e+00
0.000000000000000000e+00
1.182041580245927204e+00
0.000000000000000000e+00
0.000000000000000000e+00
0.000000000000000000e+00
0.000000000000000000e+00
8.001600123562556677e-01
0.000000000000000000e+00
0.000000000000000000e+00
0.000000000000000000e+00
7.716605586952943741e-01
2.961984274725674715e-01
2.189080473647392056e-01
1.549967419239409727e-01
0.000000000000000000e+00
0.000000000000000000e+00
3.812848507827046318e-02
1.952876704141370823e-02
1.647911925302061528e-02
2.441401399378937635e-03
3.662109261313168350e-03
0.000000000000000000e+00
0.000000000000000000e+00
0.000000000000000000e+00
0.000000000000000000e+00
0.000000000000000000e+00
0.000000000000000000e+00
0.000000000000000000e+00
0.000000000000000000e+00
0.000000000000000000e+00
0.000000000000000000e+00
0.000000000000000000e+00
0.000000000000000000e+00
0.000000000000000000e+00
0.000000000000000000e+00
0.000000000000000000e+00
0.000000000000000000e+00
0.000000000000000000e+00
0.000000000000000000e+00
0.000000000000000000e+00
1.519640995800313421e+00
7.578060508681707219e+00
1.662265002116642876e+01
3.012390419957152510e+00
3.001356539728552875e+00
1.494517789827305210e+00
2.975236072815895749e+00
1.479865982045772466e+00
1.471127674303734700e+00
1.461243764860584493e+00
0.000000000000000000e+00
0.000000000000000000e+00
0.000000000000000000e+00
1.405830553902068791e+00
0.000000000000000000e+00
1.364076919001420141e+00
0.000000000000000000e+00
0.000000000000000000e+00
0.000000000000000000e+00
0.000000000000000000e+00
1.182041580245927204e+00
0.000000000000000000e+00
0.000000000000000000e+00
0.000000000000000000e+00
0.000000000000000000e+00
0.000000000000000000e+00
6.971348588680905678e-01
0.000000000000000000e+00
0.000000000000000000e+00
3.858302793476471870e-01
2.961984274725674715e-01
0.000000000000000000e+00
0.000000000000000000e+00
1.042954806385087280e-01
6.582274177809292748e-02
7.625697015654092636e-02
0.000000000000000000e+00
1.647911925302061528e-02
2.441401399378937635e-03
1.525878858880486957e-03
0.000000000000000000e+00
0.000000000000000000e+00
0.000000000000000000e+00
0.000000000000000000e+00
0.000000000000000000e+00
0.000000000000000000e+00
0.000000000000000000e+00
0.000000000000000000e+00
0.000000000000000000e+00
0.000000000000000000e+00
0.000000000000000000e+00
0.000000000000000000e+00
0.000000000000000000e+00
0.000000000000000000e+00
0.000000000000000000e+00
0.000000000000000000e+00
0.000000000000000000e+00
0.000000000000000000e+00
0.000000000000000000e+00
1.523287812427410515e+00
0.000000000000000000e+00
4.546836305209025042e+00
3.022300003848441552e+00
4.518585629935728321e+00
3.001356539728552875e+00
1.494517789827305210e+00
2.975236072815895749e+00
0.000000000000000000e+00
0.000000000000000000e+00
1.461243764860584493e+00
0.000000000000000000e+00
0.000000000000000000e+00
0.000000000000000000e+00
0.000000000000000000e+00
0.000000000000000000e+00
0.000000000000000000e+00
0.000000000000000000e+00
0.000000000000000000e+00
0.000000000000000000e+00
0.000000000000000000e+00
0.000000000000000000e+00
0.000000000000000000e+00
0.000000000000000000e+00
0.000000000000000000e+00
0.000000000000000000e+00
0.000000000000000000e+00
0.000000000000000000e+00
0.000000000000000000e+00
0.000000000000000000e+00
0.000000000000000000e+00
2.961984274725674715e-01
0.000000000000000000e+00
0.000000000000000000e+00
1.042954806385087280e-01
0.000000000000000000e+00
7.625697015654092636e-02
0.000000000000000000e+00
0.000000000000000000e+00
9.765605597515750538e-03
1.831054630656584175e-03
0.000000000000000000e+00
0.000000000000000000e+00
0.000000000000000000e+00
0.000000000000000000e+00
0.000000000000000000e+00
0.000000000000000000e+00
0.000000000000000000e+00
0.000000000000000000e+00
0.000000000000000000e+00
0.000000000000000000e+00
0.000000000000000000e+00
0.000000000000000000e+00
0.000000000000000000e+00
0.000000000000000000e+00
0.000000000000000000e+00
0.000000000000000000e+00
0.000000000000000000e+00
0.000000000000000000e+00
0.000000000000000000e+00
0.000000000000000000e+00
0.000000000000000000e+00
1.519640995800313421e+00
4.546836305209025042e+00
3.022300003848441552e+00
1.506195209978576255e+00
1.500678269864276437e+00
0.000000000000000000e+00
0.000000000000000000e+00
0.000000000000000000e+00
0.000000000000000000e+00
0.000000000000000000e+00
0.000000000000000000e+00
0.000000000000000000e+00
0.000000000000000000e+00
0.000000000000000000e+00
0.000000000000000000e+00
0.000000000000000000e+00
1.338054815040071732e+00
0.000000000000000000e+00
0.000000000000000000e+00
0.000000000000000000e+00
0.000000000000000000e+00
0.000000000000000000e+00
0.000000000000000000e+00
9.825870786883099672e-01
8.960553845713439269e-01
0.000000000000000000e+00
0.000000000000000000e+00
0.000000000000000000e+00
0.000000000000000000e+00
0.000000000000000000e+00
0.000000000000000000e+00
0.000000000000000000e+00
0.000000000000000000e+00
1.042954806385087280e-01
0.000000000000000000e+00
7.625697015654092636e-02
0.000000000000000000e+00
0.000000000000000000e+00
4.882802798757875269e-03
2.441406174208779045e-03
0.000000000000000000e+00
0.000000000000000000e+00
0.000000000000000000e+00
0.000000000000000000e+00
0.000000000000000000e+00
0.000000000000000000e+00
0.000000000000000000e+00
0.000000000000000000e+00
0.000000000000000000e+00
0.000000000000000000e+00
0.000000000000000000e+00
0.000000000000000000e+00
0.000000000000000000e+00
0.000000000000000000e+00
0.000000000000000000e+00
0.000000000000000000e+00
0.000000000000000000e+00
0.000000000000000000e+00
1.532347965967065351e+00
0.000000000000000000e+00
0.000000000000000000e+00
9.139726874564463088e+00
7.598204979001566883e+00
1.515612101736341533e+00
0.000000000000000000e+00
0.000000000000000000e+00
1.500678269864276437e+00
0.000000000000000000e+00
0.000000000000000000e+00
0.000000000000000000e+00
1.471127674303734700e+00
0.000000000000000000e+00
0.000000000000000000e+00
2.874480935271534587e+00
0.000000000000000000e+00
0.000000000000000000e+00
0.000000000000000000e+00
0.000000000000000000e+00
0.000000000000000000e+00
1.307719656795440555e+00
0.000000000000000000e+00
0.000000000000000000e+00
0.000000000000000000e+00
0.000000000000000000e+00
0.000000000000000000e+00
0.000000000000000000e+00
0.000000000000000000e+00
0.000000000000000000e+00
0.000000000000000000e+00
5.906318823794730610e-01
0.000000000000000000e+00
0.000000000000000000e+00
0.000000000000000000e+00
0.000000000000000000e+00
0.000000000000000000e+00
0.000000000000000000e+00
6.582274177809292748e-02
0.000000000000000000e+00
0.000000000000000000e+00
0.000000000000000000e+00
7.324204198136813337e-03
1.220703087104389522e-03
0.000000000000000000e+00
0.000000000000000000e+00
0.000000000000000000e+00
0.000000000000000000e+00
0.000000000000000000e+00
0.000000000000000000e+00
0.000000000000000000e+00
0.000000000000000000e+00
0.000000000000000000e+00
0.000000000000000000e+00
0.000000000000000000e+00
0.000000000000000000e+00
0.000000000000000000e+00
0.000000000000000000e+00
0.000000000000000000e+00
0.000000000000000000e+00
0.000000000000000000e+00
0.000000000000000000e+00
0.000000000000000000e+00
0.000000000000000000e+00
1.529605657132143248e+00
3.053193294526933776e+00
3.046575624854821029e+00
3.039281991600626842e+00
0.000000000000000000e+00
0.000000000000000000e+00
1.506195209978576255e+00
0.000000000000000000e+00
0.000000000000000000e+00
0.000000000000000000e+00
0.000000000000000000e+00
0.000000000000000000e+00
1.461243764860584493e+00
0.000000000000000000e+00
0.000000000000000000e+00
0.000000000000000000e+00
0.000000000000000000e+00
0.000000000000000000e+00
0.000000000000000000e+00
0.000000000000000000e+00
1.307719656795440555e+00
0.000000000000000000e+00
0.000000000000000000e+00
2.364083160491854407e+00
1.125116986457390666e+00
0.000000000000000000e+00
0.000000000000000000e+00
0.000000000000000000e+00
0.000000000000000000e+00
0.000000000000000000e+00
0.000000000000000000e+00
4.852825635592212805e-01
0.000000000000000000e+00
0.000000000000000000e+00
0.000000000000000000e+00
0.000000000000000000e+00
1.042954806385087280e-01
1.316454835561858550e-01
0.000000000000000000e+00
1.952876704141370823e-02
8.239559626510307641e-03
2.441401399378937635e-03
6.103515435521947611e-04
0.000000000000000000e+00
0.000000000000000000e+00
0.000000000000000000e+00
0.000000000000000000e+00
0.000000000000000000e+00
0.000000000000000000e+00
0.000000000000000000e+00
0.000000000000000000e+00
0.000000000000000000e+00
0.000000000000000000e+00
0.000000000000000000e+00
0.000000000000000000e+00
0.000000000000000000e+00
0.000000000000000000e+00
0.000000000000000000e+00
0.000000000000000000e+00
0.000000000000000000e+00
0.000000000000000000e+00
0.000000000000000000e+00
0.000000000000000000e+00
0.000000000000000000e+00
4.588816971396429523e+00
1.526596647263466888e+00
3.046575624854821029e+00
0.000000000000000000e+00
0.000000000000000000e+00
0.000000000000000000e+00
1.506195209978576255e+00
0.000000000000000000e+00
1.494517789827305210e+00
0.000000000000000000e+00
0.000000000000000000e+00
0.000000000000000000e+00
0.000000000000000000e+00
1.450024003277625040e+00
0.000000000000000000e+00
0.000000000000000000e+00
0.000000000000000000e+00
1.386476391214087167e+00
0.000000000000000000e+00
0.000000000000000000e+00
1.307719656795440555e+00
0.000000000000000000e+00
0.000000000000000000e+00
0.000000000000000000e+00
0.000000000000000000e+00
0.000000000000000000e+00
0.000000000000000000e+00
0.000000000000000000e+00
0.000000000000000000e+00
0.000000000000000000e+00
0.000000000000000000e+00
0.000000000000000000e+00
0.000000000000000000e+00
0.000000000000000000e+00
0.000000000000000000e+00
0.000000000000000000e+00
0.000000000000000000e+00
0.000000000000000000e+00
0.000000000000000000e+00
0.000000000000000000e+00
0.000000000000000000e+00
0.000000000000000000e+00
3.051757717760973806e-04
0.000000000000000000e+00
