# pd_vector
0.000000000000000000e+00
0.000000000000000000e+00
0.000000000000000000e+00
0.000000000000000000e+00
0.000000000000000000e+00
0.000000000000000000e+00
0.000000000000000000e+00
0.000000000000000000e+00
0.000000000000000000e+00
0.000000000000000000e+00
0.000000000000000000e+00
0.000000000000000000e+00
0.000000000000000000e+00
0.000000000000000000e+00
0.000000000000000000e+00
0.000000000000000000e+00
0.000000000000000000e+00
0.000000000000000000e+00
0.000000000000000000e+00
8.544921609730726439e-03
0.000000000000000000e+00
0.000000000000000000e+00
0.000000000000000000e+00
0.000000000000000000e+00
0.000000000000000000e+00
0.000000000000000000e+00
5.218505697371265267e-02
0.000000000000000000e+00
0.000000000000000000e+00
0.000000000000000000e+00
0.000000000000000000e+00
0.000000000000000000e+00
0.000000000000000000e+00
0.000000000000000000e+00
1.670532174702357153e+00
0.000000000000000000e+00
0.000000000000000000e+00
0.000000000000000000e+00
0.000000000000000000e+00
0.000000000000000000e+00
0.000000000000000000e+00
0.000000000000000000e+00
0.000000000000000000e+00
5.225524740122115652e+00
0.000000000000000000e+00
0.000000000000000000e+00
0.000000000000000000e+00
0.000000000000000000e+00
0.000000000000000000e+00
0.000000000000000000e+00
0.000000000000000000e+00
0.000000000000000000e+00
6.013171646670323334e+00
1.446136429715392602e+01
0.000000000000000000e+00
0.000000000000000000e+00
0.000000000000000000e+00
0.000000000000000000e+00
0.000000000000000000e+00
0.000000000000000000e+00
0.000000000000000000e+00
0.000000000000000000e+00
9.145911185426441881e-01
1.600826897572769525e+01
6.867370392277519109e+00
0.000000000000000000e+00
0.000000000000000000e+00
0.000000000000000000e+00
0.000000000000000000e+00
0.000000000000000000e+00
0.000000000000000000e+00
0.000000000000000000e+00
0.000000000000000000e+00
7.811506816565483291e-02
2.521305245712154086e+00
3.107903981409387395e+00
4.292602405802585785e+00
0.000000000000000000e+00
0.000000000000000000e+00
0.000000000000000000e+00
0.000000000000000000e+00
0.000000000000000000e+00
0.000000000000000000e+00
0.000000000000000000e+00
0.000000000000000000e+00
7.625697015654092636e-02
1.347484925857545868e+00
1.029944953313788547e+00
2.314448526611232904e+00
4.396362168206458421e+00
0.000000000000000000e+00
0.000000000000000000e+00
0.000000000000000000e+00
0.000000000000000000e+00
0.000000000000000000e+00
0.000000000000000000e+00
0.000000000000000000e+00
0.000000000000000000e+00
0.000000000000000000e+00
0.000000000000000000e+00
1.952876704141370823e-01
1.326569099868159629e+00
3.415520557731133611e+00
4.242553579231305605e+00
0.000000000000000000e+00
0.000000000000000000e+00
0.000000000000000000e+00
0.000000000000000000e+00
0.000000000000000000e+00
0.000000000000000000e+00
0.000000000000000000e+00
0.000000000000000000e+00
0.000000000000000000e+00
0.000000000000000000e+00
0.000000000000000000e+00
7.420931475737209126e-01
3.032157942555793184e+00
4.409170927278361241e+00
3.932494995106790903e+00
0.000000000000000000e+00
0.000000000000000000e+00
0.000000000000000000e+00
0.000000000000000000e+00
0.000000000000000000e+00
0.000000000000000000e+00
0.000000000000000000e+00
0.000000000000000000e+00
0.000000000000000000e+00
0.000000000000000000e+00
0.000000000000000000e+00
2.668993955478932145e-01
1.152197255443408785e+00
3.987946859230989016e+00
4.782705341383338471e+00
3.583068736423159262e+00
0.000000000000000000e+00
0.000000000000000000e+00
0.000000000000000000e+00
0.000000000000000000e+00
0.000000000000000000e+00
0.000000000000000000e+00
0.000000000000000000e+00
0.000000000000000000e+00
0.000000000000000000e+00
0.000000000000000000e+00
0.000000000000000000e+00
6.582274177809292748e-02
3.050278806261637055e-01
2.304394510886817571e+00
5.215641243581024433e+00
4.692373489606318060e+00
3.036804104943945148e+00
0.000000000000000000e+00
0.000000000000000000e+00
0.000000000000000000e+00
0.000000000000000000e+00
0.000000000000000000e+00
0.000000000000000000e+00
0.000000000000000000e+00
0.000000000000000000e+00
0.000000000000000000e+00
0.000000000000000000e+00
0.000000000000000000e+00
0.000000000000000000e+00
3.949364506685575371e-01
1.830167283756982233e+00
4.335386283193843227e+00
5.594660986400499247e+00
4.328604681098856766e+00
2.652587808277838466e+00
0.000000000000000000e+00
0.000000000000000000e+00
0.000000000000000000e+00
0.000000000000000000e+00
0.000000000000000000e+00
0.000000000000000000e+00
0.000000000000000000e+00
0.000000000000000000e+00
0.000000000000000000e+00
0.000000000000000000e+00
0.000000000000000000e+00
0.000000000000000000e+00
1.042954806385087280e-01
8.556956431152080711e-01
2.935893351026825471e+00
5.585227373844320553e+00
6.130232362123669176e+00
4.335928885296993052e+00
2.324829029390309998e+00
0.000000000000000000e+00
0.000000000000000000e+00
0.000000000000000000e+00
0.000000000000000000e+00
0.000000000000000000e+00
0.000000000000000000e+00
0.000000000000000000e+00
0.000000000000000000e+00
0.000000000000000000e+00
0.000000000000000000e+00
0.000000000000000000e+00
0.000000000000000000e+00
1.549967419239409727e-01
8.343638451080698237e-01
2.435441445789438220e+00
6.596227918540789936e+00
7.030356134908934962e+00
6.163190600629709692e+00
4.067374731365309692e+00
2.008056578286720573e+00
0.000000000000000000e+00
0.000000000000000000e+00
0.000000000000000000e+00
0.000000000000000000e+00
0.000000000000000000e+00
0.000000000000000000e+00
0.000000000000000000e+00
0.000000000000000000e+00
0.000000000000000000e+00
0.000000000000000000e+00
0.000000000000000000e+00
0.000000000000000000e+00
2.189080473647392056e-01
6.199869676957638909e-01
2.190205093408683190e+00
5.989869501806456498e+00
8.273881261984691093e+00
7.889621884731138124e+00
6.023118086979034835e+00
3.713371528455364334e+00
1.715393013153443391e+00
0.000000000000000000e+00
0.000000000000000000e+00
0.000000000000000000e+00
0.000000000000000000e+00
0.000000000000000000e+00
0.000000000000000000e+00
0.000000000000000000e+00
0.000000000000000000e+00
0.000000000000000000e+00
0.000000000000000000e+00
0.000000000000000000e+00
0.000000000000000000e+00
0.000000000000000000e+00
0.000000000000000000e+00
1.239973935391527782e+00
5.319069512563944890e+00
9.346829332489194897e+00
1.010404854574167288e+01
9.119934208340200854e+00
5.866566454075338832e+00
3.254388065372123773e+00
1.505432082171488384e+00
0.000000000000000000e+00
0.000000000000000000e+00
0.000000000000000000e+00
0.000000000000000000e+00
0.000000000000000000e+00
0.000000000000000000e+00
0.000000000000000000e+00
0.000000000000000000e+00
0.000000000000000000e+00
0.000000000000000000e+00
0.000000000000000000e+00
0.000000000000000000e+00
0.000000000000000000e+00
2.961984274725674715e-01
6.567241420942175889e-01
5.424885967337933934e+00
1.084672998640490782e+01
1.151897981116626291e+01
1.128603158316805732e+01
9.256635577630097700e+00
5.726493940424663975e+00
2.844232630276462448e+00
1.300659139309727097e+00
0.000000000000000000e+00
0.000000000000000000e+00
0.000000000000000000e+00
0.000000000000000000e+00
0.000000000000000000e+00
0.000000000000000000e+00
0.000000000000000000e+00
0.000000000000000000e+00
0.000000000000000000e+00
0.000000000000000000e+00
0.000000000000000000e+00
0.000000000000000000e+00
0.000000000000000000e+00
3.858302793476471870e-01
2.961984274725674715e-01
4.378160947294784222e+00
1.038478170890404506e+01
1.334982152172911718e+01
1.349366206450904926e+01
1.212485825489000746e+01
8.026323254021033193e+00
5.429869793870293115e+00
2.465815413372726805e+00
1.085510220207578369e+00
0.000000000000000000e+00
0.000000000000000000e+00
0.000000000000000000e+00
0.000000000000000000e+00
0.000000000000000000e+00
0.000000000000000000e+00
0.000000000000000000e+00
0.000000000000000000e+00
0.000000000000000000e+00
0.000000000000000000e+00
0.000000000000000000e+00
0.000000000000000000e+00
0.000000000000000000e+00
0.000000000000000000e+00
1.543321117390588748e+00
1.184793709890269886e+00
1.006977017877800407e+01
1.270973283776315910e+01
1.387129892492166050e+01
1.408606674051188712e+01
1.040907642636783592e+01
7.401402708695795418e+00
5.075568729930349576e+00
2.150874632852843860e+00
9.466552440494541143e-01
0.000000000000000000e+00
0.000000000000000000e+00
0.000000000000000000e+00
0.000000000000000000e+00
0.000000000000000000e+00
0.000000000000000000e+00
0.000000000000000000e+00
0.000000000000000000e+00
0.000000000000000000e+00
0.000000000000000000e+00
0.000000000000000000e+00
0.000000000000000000e+00
0.000000000000000000e+00
0.000000000000000000e+00
0.000000000000000000e+00
2.700811955433530365e+00
7.404960686814186843e+00
1.663701159972017862e+01
1.937459274049261992e+01
1.668727690216139692e+01
1.408606674051188712e+01
1.010404854574167288e+01
7.108471203074589795e+00
4.251612767279318916e+00
2.006831950289486688e+00
8.117675529244190447e-01
0.000000000000000000e+00
0.000000000000000000e+00
0.000000000000000000e+00
0.000000000000000000e+00
0.000000000000000000e+00
0.000000000000000000e+00
0.000000000000000000e+00
0.000000000000000000e+00
0.000000000000000000e+00
0.000000000000000000e+00
0.000000000000000000e+00
0.000000000000000000e+00
0.000000000000000000e+00
0.000000000000000000e+00
5.906318823794730610e-01
3.396977944914548964e+00
5.787454190214707417e+00
1.125554024395756336e+01
1.816936793127335292e+01
1.828961554702503634e+01
1.543573113449929224e+01
1.573163528496420938e+01
9.265221874019722748e+00
5.604756140885734261e+00
3.444135923881308514e+00
1.652828747379540886e+00
7.196044698480376089e-01
0.000000000000000000e+00
0.000000000000000000e+00
0.000000000000000000e+00
0.000000000000000000e+00
0.000000000000000000e+00
0.000000000000000000e+00
0.000000000000000000e+00
0.000000000000000000e+00
0.000000000000000000e+00
0.000000000000000000e+00
0.000000000000000000e+00
0.000000000000000000e+00
0.000000000000000000e+00
0.000000000000000000e+00
6.971348588680905678e-01
5.906318823794730610e-01
7.764521016947540488e+00
1.003158726303882631e+01
1.777190564835404984e+01
2.561224154167448575e+01
1.642965464393774155e+01
1.668727690216139692e+01
1.270378916317193507e+01
8.617037627689125401e+00
5.468054771595838304e+00
3.271105171724592253e+00
1.386715994847236511e+00
5.987548642247030317e-01
0.000000000000000000e+00
0.000000000000000000e+00
0.000000000000000000e+00
0.000000000000000000e+00
0.000000000000000000e+00
0.000000000000000000e+00
0.000000000000000000e+00
0.000000000000000000e+00
0.000000000000000000e+00
0.000000000000000000e+00
0.000000000000000000e+00
0.000000000000000000e+00
0.000000000000000000e+00
0.000000000000000000e+00
0.000000000000000000e+00
1.394269717736181136e+00
4.725055059035784488e+00
1.601432459745430137e+01
2.276398648151118564e+01
2.399207262527796658e+01
1.992063231019126945e+01
1.844461228894897431e+01
1.606150401833034280e+01
1.039999320093868285e+01
7.549440045497552099e+00
4.589260254732221433e+00
2.611940401603767725e+00
1.242673312283879339e+00
4.779052586013685100e-01
0.000000000000000000e+00
0.000000000000000000e+00
0.000000000000000000e+00
0.000000000000000000e+00
0.000000000000000000e+00
0.000000000000000000e+00
0.000000000000000000e+00
0.000000000000000000e+00
0.000000000000000000e+00
0.000000000000000000e+00
0.000000000000000000e+00
0.000000000000000000e+00
0.000000000000000000e+00
0.000000000000000000e+00
0.000000000000000000e+00
8.001600123562556677e-01
2.788539435472362271e+00
1.063137388283051443e+01
1.989658510592807161e+01
2.237815620216353807e+01
2.606546161758593882e+01
2.561224154167448575e+01
1.813461880510109481e+01
1.293263959917508288e+01
9.807588524935846763e+00
6.176814582679814869e+00
3.437062999288812648e+00
2.348274493555437825e+00
1.130368847912448071e+00
4.397582871293563289e-01
0.000000000000000000e+00
0.000000000000000000e+00
0.000000000000000000e+00
0.000000000000000000e+00
0.000000000000000000e+00
0.000000000000000000e+00
0.000000000000000000e+00
0.000000000000000000e+00
0.000000000000000000e+00
0.000000000000000000e+00
0.000000000000000000e+00
0.000000000000000000e+00
0.000000000000000000e+00
0.000000000000000000e+00
0.000000000000000000e+00
0.000000000000000000e+00
4.000800061781278671e+00
6.971348588680905678e+00
2.657843470707628697e+01
2.571997586863872698e+01
2.546479843694471512e+01
2.576926319011337085e+01
2.035844840492074681e+01
1.456969374085045210e+01
1.209827575406701250e+01
9.017715623598730801e+00
5.719272761740569422e+00
2.929315056212056234e+00
1.969254750735963455e+00
9.057599191695858698e-01
3.610229380111232289e-01
0.000000000000000000e+00
0.000000000000000000e+00
0.000000000000000000e+00
0.000000000000000000e+00
0.000000000000000000e+00
0.000000000000000000e+00
0.000000000000000000e+00
0.000000000000000000e+00
0.000000000000000000e+00
0.000000000000000000e+00
0.000000000000000000e+00
0.000000000000000000e+00
0.000000000000000000e+00
0.000000000000000000e+00
0.000000000000000000e+00
9.825870786883099672e-01
1.792110769142687854e+00
7.201440111206300898e+00
1.533696689509799249e+01
2.598780282469681424e+01
2.571997586863872698e+01
2.585062871629236270e+01
2.695405690000363919e+01
1.838827597863809160e+01
1.673964812778562461e+01
1.095102546704341684e+01
5.726578534694084510e+00
5.643015791584028662e+00
3.085545192543365900e+00
1.656151484928571893e+00
8.471662855844913631e-01
3.109741114398432149e-01
0.000000000000000000e+00
0.000000000000000000e+00
0.000000000000000000e+00
0.000000000000000000e+00
0.000000000000000000e+00
0.000000000000000000e+00
0.000000000000000000e+00
0.000000000000000000e+00
0.000000000000000000e+00
0.000000000000000000e+00
0.000000000000000000e+00
0.000000000000000000e+00
0.000000000000000000e+00
0.000000000000000000e+00
0.000000000000000000e+00
0.000000000000000000e+00
1.965174157376619934e+00
6.272387691999407267e+00
1.360272021005634713e+01
2.649112463698744335e+01
3.012222600135312689e+01
2.911695381355327683e+01
2.585062871629236270e+01
2.369587419780539861e+01
1.751264378917913689e+01
1.332971980545892343e+01
8.239342970442189440e+00
5.594933051137898516e+00
3.736591537670505225e+00
2.714498618756505444e+00
1.326569099868159629e+00
7.031236030211340804e-01
2.661132729887569215e-01
0.000000000000000000e+00
0.000000000000000000e+00
0.000000000000000000e+00
0.000000000000000000e+00
0.000000000000000000e+00
0.000000000000000000e+00
0.000000000000000000e+00
0.000000000000000000e+00
0.000000000000000000e+00
0.000000000000000000e+00
0.000000000000000000e+00
0.000000000000000000e+00
0.000000000000000000e+00
0.000000000000000000e+00
0.000000000000000000e+00
0.000000000000000000e+00
1.058888938575228922e+00
2.947761236064930124e+00
1.792110769142687943e+01
2.480496038304392670e+01
2.997679893132789530e+01
3.425664917800943954e+01
3.105808406779016195e+01
2.546479843694471512e+01
1.629091351099120999e+01
1.466683917343752697e+01
1.286472957968710062e+01
6.153433357672015269e+00
6.318983210696920594e+00
3.469692142122612122e+00
2.167693141596921613e+00
1.137059228458422444e+00
5.957019414484607811e-01
2.606201090967871781e-01
0.000000000000000000e+00
0.000000000000000000e+00
0.000000000000000000e+00
0.000000000000000000e+00
0.000000000000000000e+00
0.000000000000000000e+00
0.000000000000000000e+00
0.000000000000000000e+00
0.000000000000000000e+00
0.000000000000000000e+00
0.000000000000000000e+00
0.000000000000000000e+00
0.000000000000000000e+00
0.000000000000000000e+00
0.000000000000000000e+00
0.000000000000000000e+00
0.000000000000000000e+00
4.235555754300915687e+00
2.161691573114281795e+01
1.881716307599822358e+01
4.000800061781278316e+01
2.927966407245980207e+01
2.657843470707628697e+01
2.717582355931639171e+01
2.083483508477294777e+01
1.510611980110094166e+01
1.050758627350748142e+01
7.594840354273107330e+00
6.362024318949032420e+00
3.751896281351296825e+00
2.935893351026825471e+00
1.991934238224198239e+00
1.013465834060767845e+00
4.956044840739243229e-01
1.882934511858520843e-01
0.000000000000000000e+00
0.000000000000000000e+00
0.000000000000000000e+00
0.000000000000000000e+00
0.000000000000000000e+00
0.000000000000000000e+00
0.000000000000000000e+00
0.000000000000000000e+00
0.000000000000000000e+00
0.000000000000000000e+00
0.000000000000000000e+00
0.000000000000000000e+00
0.000000000000000000e+00
0.000000000000000000e+00
0.000000000000000000e+00
0.000000000000000000e+00
1.182041580245927204e+00
2.250233972914781333e+00
9.530000447177060963e+00
2.063432865245450998e+01
3.853038153656778775e+01
4.000800061781278316e+01
3.485674294340452661e+01
2.657843470707628697e+01
1.892601997880963083e+01
2.044900480542530019e+01
1.184793709890269930e+01
9.631954084048524933e+00
6.509863160805521076e+00
5.840546915756489099e+00
3.225314347126553294e+00
2.783379410713743951e+00
1.640416431478751491e+00
9.557889166751957211e-01
4.394522518882088002e-01
1.843261661527628159e-01
0.000000000000000000e+00
0.000000000000000000e+00
0.000000000000000000e+00
0.000000000000000000e+00
0.000000000000000000e+00
0.000000000000000000e+00
0.000000000000000000e+00
0.000000000000000000e+00
0.000000000000000000e+00
0.000000000000000000e+00
0.000000000000000000e+00
0.000000000000000000e+00
0.000000000000000000e+00
0.000000000000000000e+00
0.000000000000000000e+00
0.000000000000000000e+00
0.000000000000000000e+00
7.092249481475563222e+00
9.000935891659125332e+00
3.176666815725686632e+01
3.439054775409084641e+01
3.942643692113913545e+01
3.440688053131899693e+01
2.439972006038317076e+01
2.362527529517892333e+01
2.280828048728340107e+01
1.273239921847235756e+01
1.273653238132040144e+01
7.880689705130611067e+00
6.974853386577343883e+00
5.214774031925436759e+00
3.027846121792274747e+00
1.525139403130818527e+00
1.171726022484822494e+00
8.651537607835823041e-01
3.149407805198829458e-01
1.303100545483935890e-01
0.000000000000000000e+00
0.000000000000000000e+00
0.000000000000000000e+00
0.000000000000000000e+00
0.000000000000000000e+00
0.000000000000000000e+00
0.000000000000000000e+00
0.000000000000000000e+00
0.000000000000000000e+00
0.000000000000000000e+00
0.000000000000000000e+00
0.000000000000000000e+00
0.000000000000000000e+00
0.000000000000000000e+00
0.000000000000000000e+00
0.000000000000000000e+00
0.000000000000000000e+00
0.000000000000000000e+00
5.910207901229636462e+00
1.800187178331825066e+01
3.176666815725686632e+01
2.554726404589606048e+01
2.598560615256897322e+01
3.520704054367524805e+01
2.858252921359171239e+01
1.771895647138419250e+01
1.504375947033586058e+01
1.234656893912470998e+01
8.589754396704456951e+00
7.442873610401132822e+00
3.099934838478819454e+00
3.128864419155261700e+00
2.303795962233252670e+00
2.440223045009309644e+00
1.132668488401995077e+00
7.086021278798864120e-01
3.320305903155355010e-01
1.223754844822150523e-01
0.000000000000000000e+00
0.000000000000000000e+00
0.000000000000000000e+00
0.000000000000000000e+00
0.000000000000000000e+00
0.000000000000000000e+00
0.000000000000000000e+00
0.000000000000000000e+00
0.000000000000000000e+00
0.000000000000000000e+00
0.000000000000000000e+00
0.000000000000000000e+00
0.000000000000000000e+00
0.000000000000000000e+00
0.000000000000000000e+00
0.000000000000000000e+00
0.000000000000000000e+00
3.816765479046988485e+00
4.922861789955871537e+00
2.245879002467261643e+01
2.812792466143476844e+01
2.859000134153118111e+01
3.144278651802591895e+01
3.853038153656778775e+01
2.160432033361890447e+01
2.439972006038317076e+01
1.181263764758946166e+01
1.407319434321741625e+01
9.645756983691180508e+00
6.220166976923916735e+00
7.223965563036394144e+00
4.029915290022465513e+00
3.754637302986314040e+00
1.645568544452323145e+00
1.448882432974277545e+00
1.152197255443408785e+00
5.273318160966596890e-01
2.832025623279567639e-01
1.092529262958428643e-01
0.000000000000000000e+00
0.000000000000000000e+00
0.000000000000000000e+00
0.000000000000000000e+00
0.000000000000000000e+00
0.000000000000000000e+00
0.000000000000000000e+00
0.000000000000000000e+00
0.000000000000000000e+00
0.000000000000000000e+00
0.000000000000000000e+00
0.000000000000000000e+00
0.000000000000000000e+00
0.000000000000000000e+00
0.000000000000000000e+00
0.000000000000000000e+00
0.000000000000000000e+00
0.000000000000000000e+00
5.089020638729317980e+00
6.153577237444839199e+00
3.309716424688595993e+01
3.150327562080693866e+01
3.176666815725686632e+01
2.652985112458436845e+01
2.508955076799762907e+01
2.240448034597515914e+01
1.533696689509799249e+01
1.417516517710735258e+01
1.358791177965819585e+01
1.041741754238647388e+01
6.812563831869051789e+00
6.129425326212698089e+00
3.719921806174583345e+00
2.503091535324209360e+00
1.843036769786601914e+00
1.334496977739466184e+00
8.397369827807894538e-01
5.108526968436390980e-01
2.343745343403780268e-01
9.307861039170969852e-02
0.000000000000000000e+00
0.000000000000000000e+00
0.000000000000000000e+00
0.000000000000000000e+00
0.000000000000000000e+00
0.000000000000000000e+00
0.000000000000000000e+00
0.000000000000000000e+00
0.000000000000000000e+00
0.000000000000000000e+00
0.000000000000000000e+00
0.000000000000000000e+00
0.000000000000000000e+00
0.000000000000000000e+00
0.000000000000000000e+00
0.000000000000000000e+00
1.364076919001420141e+00
0.000000000000000000e+00
7.846317940772642885e+00
1.526706191618795394e+01
2.092216260731245470e+01
2.718695634565632702e+01
3.712886055309389377e+01
3.282555709583209591e+01
2.259950280983112947e+01
2.419349538342628492e+01
1.840368028419387869e+01
1.115415774188944908e+01
1.417516517710735258e+01
4.852825635592212805e+00
7.716605586952943518e+00
5.923968549451349652e+00
4.597068994659522900e+00
2.634944612706996647e+00
1.668727690216139647e+00
1.513923060896137374e+00
1.220111522504654822e+00
5.663342442009975386e-01
4.119779813255153855e-01
2.050777175478307734e-01
7.598876717224824218e-02
0.000000000000000000e+00
0.000000000000000000e+00
0.000000000000000000e+00
0.000000000000000000e+00
0.000000000000000000e+00
0.000000000000000000e+00
0.000000000000000000e+00
0.000000000000000000e+00
0.000000000000000000e+00
0.000000000000000000e+00
0.000000000000000000e+00
0.000000000000000000e+00
0.000000000000000000e+00
0.000000000000000000e+00
0.000000000000000000e+00
0.000000000000000000e+00
0.000000000000000000e+00
0.000000000000000000e+00
1.338054815040071732e+00
1.176947691115896433e+01
1.526706191618795394e+01
2.830645529224626245e+01
2.718695634565632702e+01
3.037815863434954622e+01
2.223666771007980714e+01
1.080845786557140897e+01
1.881716307599822358e+01
1.600320024712511469e+01
8.365618306417086814e+00
5.315686941415257216e+00
8.735086144065983049e+00
5.787454190214707417e+00
3.258182702198242353e+00
3.721436805200566411e+00
2.324951128859114480e+00
1.981614132131665817e+00
7.898729013371150742e-01
6.863127314088683928e-01
5.272767101181701221e-01
2.636659080483298445e-01
1.684566965571467068e-01
7.354736099803946270e-02
0.000000000000000000e+00
0.000000000000000000e+00
0.000000000000000000e+00
0.000000000000000000e+00
0.000000000000000000e+00
0.000000000000000000e+00
0.000000000000000000e+00
0.000000000000000000e+00
0.000000000000000000e+00
0.000000000000000000e+00
0.000000000000000000e+00
0.000000000000000000e+00
0.000000000000000000e+00
0.000000000000000000e+00
0.000000000000000000e+00
0.000000000000000000e+00
0.000000000000000000e+00
1.386476391214087167e+00
4.092230757004260866e+00
5.352219260160286929e+00
1.961579485193160721e+01
2.162833771459960275e+01
1.969144715982348615e+01
2.955103950614817876e+01
1.575163781040346933e+01
2.117777877150457755e+01
1.375621910163633999e+01
1.433688615314150283e+01
7.201440111206300898e+00
9.062753165285176493e+00
7.678214470933149904e+00
5.338108199151434086e+00
4.629963352171766466e+00
2.961984274725674826e+00
3.283620710471088167e+00
1.859960903087291673e+00
1.355841248300613477e+00
6.582274177809293025e-01
9.150836418784911164e-01
5.858630112424112468e-01
2.801450273013504355e-01
1.879879077521781905e-01
5.676269355035411246e-02
0.000000000000000000e+00
0.000000000000000000e+00
0.000000000000000000e+00
0.000000000000000000e+00
0.000000000000000000e+00
0.000000000000000000e+00
0.000000000000000000e+00
0.000000000000000000e+00
0.000000000000000000e+00
0.000000000000000000e+00
0.000000000000000000e+00
0.000000000000000000e+00
0.000000000000000000e+00
0.000000000000000000e+00
0.000000000000000000e+00
0.000000000000000000e+00
0.000000000000000000e+00
0.000000000000000000e+00
0.000000000000000000e+00
5.456307676005680563e+00
9.366383705280501459e+00
1.961579485193160721e+01
2.798961351301124978e+01
2.830645529224626245e+01
2.009470686418076113e+01
1.350140383748868800e+01
1.906000089435412193e+01
9.825870786883099228e+00
1.344083076857015868e+01
1.040208016063132312e+01
6.971348588680905678e+00
4.725055059035784488e+00
5.823390762710655366e+00
2.700811955433530365e+00
2.961984274725674826e+00
2.189080473647392111e+00
2.014957645011232756e+00
7.300683644695611374e-01
6.582274177809293025e-01
7.244412164871387727e-01
4.686904089939289975e-01
2.059889906627576928e-01
1.025388587739153867e-01
5.310058428904094324e-02
0.000000000000000000e+00
0.000000000000000000e+00
0.000000000000000000e+00
0.000000000000000000e+00
0.000000000000000000e+00
0.000000000000000000e+00
0.000000000000000000e+00
0.000000000000000000e+00
0.000000000000000000e+00
0.000000000000000000e+00
0.000000000000000000e+00
0.000000000000000000e+00
0.000000000000000000e+00
0.000000000000000000e+00
0.000000000000000000e+00
0.000000000000000000e+00
0.000000000000000000e+00
0.000000000000000000e+00
0.000000000000000000e+00
2.772952782428174334e+00
1.500484610901562199e+01
2.542304148576136313e+01
2.092351450872704888e+01
2.544510319364658812e+01
1.476858536986761550e+01
1.536654054319705409e+01
1.237628685103129733e+01
1.270666726290274795e+01
6.878109550818169993e+00
3.584221538285375708e+00
8.001600123562557343e+00
4.879944012076633975e+00
4.134423176656311760e+00
4.852825635592212805e+00
2.314981676085883233e+00
2.665785847253107299e+00
2.407988521012131233e+00
1.549967419239409727e+00
6.257728838310523400e-01
8.556956431152080711e-01
7.244412164871387727e-01
3.515178067454467481e-01
2.142285502892679883e-01
7.812484478012600431e-02
4.913329925595167486e-02
0.000000000000000000e+00
0.000000000000000000e+00
0.000000000000000000e+00
0.000000000000000000e+00
0.000000000000000000e+00
0.000000000000000000e+00
0.000000000000000000e+00
0.000000000000000000e+00
0.000000000000000000e+00
0.000000000000000000e+00
0.000000000000000000e+00
0.000000000000000000e+00
0.000000000000000000e+00
0.000000000000000000e+00
0.000000000000000000e+00
0.000000000000000000e+00
0.000000000000000000e+00
1.437240467635767294e+00
2.845238559429585923e+00
9.840813877314481317e+00
1.386476391214087167e+00
2.591746146102698134e+01
2.542304148576136313e+01
3.007755210629513343e+01
7.633530958093976970e+00
1.230715447488967840e+01
9.456332641967417629e+00
9.000935891659125332e+00
1.058888938575228877e+01
1.179104494425972049e+01
6.272387691999407267e+00
7.201440111206300898e+00
2.788539435472362271e+00
2.953159411897365416e+00
4.367543072032991525e+00
1.157490838042941617e+00
1.777190564835404718e+00
1.751264378917913644e+00
1.704964161163350589e+00
7.300683644695611374e-01
3.291137088904646513e-01
2.668993955478932145e-01
3.319890397040330399e-01
1.483120732771855410e-01
7.568344338074706190e-02
4.211425650510143559e-02
0.000000000000000000e+00
0.000000000000000000e+00
0.000000000000000000e+00
0.000000000000000000e+00
0.000000000000000000e+00
0.000000000000000000e+00
0.000000000000000000e+00
0.000000000000000000e+00
0.000000000000000000e+00
0.000000000000000000e+00
0.000000000000000000e+00
0.000000000000000000e+00
0.000000000000000000e+00
0.000000000000000000e+00
0.000000000000000000e+00
0.000000000000000000e+00
0.000000000000000000e+00
0.000000000000000000e+00
1.437240467635767294e+00
2.845238559429585923e+00
4.217491661706206152e+00
1.941066947699722078e+01
1.909707686601988286e+01
2.140887704064114772e+01
1.700035553834072743e+01
1.399480675650562489e+01
1.107643902740071162e+01
1.063837422221334528e+01
9.000935891659125332e+00
1.270666726290274795e+01
4.912935393441549614e+00
3.584221538285375708e+00
1.600320024712511335e+00
2.091404576604271703e+00
1.771895647138419072e+00
3.882260508473770244e+00
3.858302793476471870e-01
1.480992137362837413e+00
1.532356331553174522e+00
1.859960903087291673e+00
4.171819225540349119e-01
5.265819342247434198e-01
3.050278806261637055e-01
2.148164374555507905e-01
1.318329540241649223e-01
7.080064058198919097e-02
3.051757717760973654e-02
0.000000000000000000e+00
0.000000000000000000e+00
0.000000000000000000e+00
0.000000000000000000e+00
0.000000000000000000e+00
0.000000000000000000e+00
0.000000000000000000e+00
0.000000000000000000e+00
0.000000000000000000e+00
0.000000000000000000e+00
0.000000000000000000e+00
0.000000000000000000e+00
0.000000000000000000e+00
0.000000000000000000e+00
0.000000000000000000e+00
0.000000000000000000e+00
0.000000000000000000e+00
0.000000000000000000e+00
0.000000000000000000e+00
0.000000000000000000e+00
1.422619279714792917e+01
1.686996664682482461e+01
2.079714586821130595e+01
1.636892302801704346e+01
2.140887704064114772e+01
2.223123416552249054e+01
1.017804127745863596e+01
8.615008132422774523e+00
8.274291061721489982e+00
5.625584932286953332e+00
1.058888938575228877e+01
6.878109550818169993e+00
4.480276922856719857e+00
7.201440111206300898e+00
3.485674294340452839e+00
2.362527529517892244e+00
9.705651271184425610e-01
1.157490838042941617e+00
1.777190564835404718e+00
1.313448284188435178e+00
1.084977193467586698e+00
7.300683644695611374e-01
5.265819342247434198e-01
3.050278806261637055e-01
2.538739715383782070e-01
1.153538347711443035e-01
6.835923918261024856e-02
2.593994060096827675e-02
0.000000000000000000e+00
0.000000000000000000e+00
0.000000000000000000e+00
0.000000000000000000e+00
0.000000000000000000e+00
0.000000000000000000e+00
0.000000000000000000e+00
0.000000000000000000e+00
0.000000000000000000e+00
0.000000000000000000e+00
0.000000000000000000e+00
0.000000000000000000e+00
0.000000000000000000e+00
0.000000000000000000e+00
0.000000000000000000e+00
0.000000000000000000e+00
0.000000000000000000e+00
1.471127674303734700e+00
1.461243764860584493e+00
4.350072009832874897e+00
1.149792374108613835e+01
2.133928919572189287e+01
8.434983323412412304e+00
2.218362225942539467e+01
1.909707686601988286e+01
1.338054815040071688e+01
6.538598283977202996e+00
5.089020638729317980e+00
6.153577237444839199e+00
1.300245738270519880e+01
5.625584932286953332e+00
1.058888938575228922e+00
1.965174157376619934e+00
6.272387691999407267e+00
2.400480037068767114e+00
2.788539435472362271e+00
2.362527529517892244e+00
9.705651271184425610e-01
1.157490838042941617e+00
5.923968549451349430e-01
1.313448284188435178e+00
4.649902257718229182e-01
6.257728838310523400e-01
3.291137088904646513e-01
1.906424253913523159e-01
1.562301363313096658e-01
1.812703117832267785e-01
6.591783778323132004e-02
2.258300711143120670e-02
0.000000000000000000e+00
0.000000000000000000e+00
0.000000000000000000e+00
0.000000000000000000e+00
0.000000000000000000e+00
0.000000000000000000e+00
0.000000000000000000e+00
0.000000000000000000e+00
0.000000000000000000e+00
0.000000000000000000e+00
0.000000000000000000e+00
0.000000000000000000e+00
0.000000000000000000e+00
0.000000000000000000e+00
0.000000000000000000e+00
0.000000000000000000e+00
0.000000000000000000e+00
0.000000000000000000e+00
0.000000000000000000e+00
4.383731294581753701e+00
7.250120016388125421e+00
1.437240467635767338e+01
2.276190847543668738e+01
9.840813877314481317e+00
9.705334738498610392e+00
1.773299994701846316e+01
2.676109630080143464e+00
1.438491622474984588e+01
6.361275798411647031e+00
1.107643902740071162e+01
7.092249481475563222e+00
5.625584932286953332e+00
2.117777877150457844e+00
0.000000000000000000e+00
0.000000000000000000e+00
1.600320024712511335e+00
2.788539435472362271e+00
1.771895647138419072e+00
1.455847690677663842e+00
1.929151396738235880e+00
5.923968549451349430e-01
1.094540236823696056e+00
0.000000000000000000e+00
2.085909612770174559e-01
1.316454835561858550e-01
2.668993955478932145e-01
2.148164374555507905e-01
8.239559626510307988e-02
5.859363358509450670e-02
1.861572207834194179e-02
0.000000000000000000e+00
0.000000000000000000e+00
0.000000000000000000e+00
0.000000000000000000e+00
0.000000000000000000e+00
0.000000000000000000e+00
0.000000000000000000e+00
0.000000000000000000e+00
0.000000000000000000e+00
0.000000000000000000e+00
0.000000000000000000e+00
0.000000000000000000e+00
0.000000000000000000e+00
0.000000000000000000e+00
0.000000000000000000e+00
0.000000000000000000e+00
0.000000000000000000e+00
0.000000000000000000e+00
1.479865982045772466e+00
1.471127674303734700e+00
8.767462589163507403e+00
1.450024003277625084e+01
1.149792374108613835e+01
9.958334958003550952e+00
1.827579720072689540e+01
5.545905564856348668e+00
9.548538433009941429e+00
9.366383705280501459e+00
2.615439313590881110e+00
3.816765479046988485e+00
3.692146342466903874e+00
5.910207901229636462e+00
3.375350959372171999e+00
2.117777877150457844e+00
1.965174157376619934e+00
4.480276922856719857e+00
1.600320024712511335e+00
6.971348588680905678e-01
1.181263764758946122e+00
1.941130254236885122e+00
7.716605586952943741e-01
1.184793709890269886e+00
4.378160947294784111e-01
4.649902257718229182e-01
1.042954806385087280e-01
1.974682253342787686e-01
1.143854552348113895e-01
1.562301363313096658e-01
6.591647701208246113e-02
5.371083078633662883e-02
2.227783133965510753e-02
0.000000000000000000e+00
0.000000000000000000e+00
0.000000000000000000e+00
0.000000000000000000e+00
0.000000000000000000e+00
0.000000000000000000e+00
0.000000000000000000e+00
0.000000000000000000e+00
0.000000000000000000e+00
0.000000000000000000e+00
0.000000000000000000e+00
0.000000000000000000e+00
0.000000000000000000e+00
0.000000000000000000e+00
0.000000000000000000e+00
0.000000000000000000e+00
0.000000000000000000e+00
0.000000000000000000e+00
0.000000000000000000e+00
0.000000000000000000e+00
5.884510697214938801e+00
1.168995011888467594e+01
1.740028803933149959e+01
1.868412607926497415e+01
5.690477118859171846e+00
7.029152769510344179e+00
1.386476391214087123e+01
5.456307676005680563e+00
8.028328890240430837e+00
5.230878627181762219e+00
8.905786117776306909e+00
3.692146342466903874e+00
5.910207901229636462e+00
1.125116986457390666e+00
4.235555754300915687e+00
9.825870786883099672e-01
8.960553845713439269e-01
1.600320024712511335e+00
2.788539435472362271e+00
1.771895647138419072e+00
4.852825635592212805e-01
3.858302793476471870e-01
5.923968549451349430e-01
4.378160947294784111e-01
6.199869676957638909e-01
8.343638451080698237e-01
1.974682253342787686e-01
3.050278806261637055e-01
1.757589033727233740e-01
6.591647701208246113e-02
5.615223218571556429e-02
1.525878858880486827e-02
0.000000000000000000e+00
0.000000000000000000e+00
0.000000000000000000e+00
0.000000000000000000e+00
0.000000000000000000e+00
0.000000000000000000e+00
0.000000000000000000e+00
0.000000000000000000e+00
0.000000000000000000e+00
0.000000000000000000e+00
0.000000000000000000e+00
0.000000000000000000e+00
0.000000000000000000e+00
0.000000000000000000e+00
0.000000000000000000e+00
0.000000000000000000e+00
0.000000000000000000e+00
0.000000000000000000e+00
0.000000000000000000e+00
0.000000000000000000e+00
2.959731964091544931e+00
1.471127674303734700e+01
1.315119388374526110e+01
2.175036004916437449e+01
1.580964514399344090e+01
1.849405063629230739e+01
8.434983323412412304e+00
6.932381956070435614e+00
9.548538433009941429e+00
4.014164445120215419e+00
3.923158970386321442e+00
3.816765479046988485e+00
2.461430894977935768e+00
3.546124740737781611e+00
2.250233972914781333e+00
2.117777877150457844e+00
1.965174157376619934e+00
2.688166153714031559e+00
0.000000000000000000e+00
1.394269717736181136e+00
1.181263764758946122e+00
0.000000000000000000e+00
7.716605586952943741e-01
2.961984274725674715e-01
2.189080473647392056e-01
6.199869676957638909e-01
7.300683644695611374e-01
1.974682253342787686e-01
2.287709104696227791e-01
1.171726022484822494e-01
6.591647701208246113e-02
3.173821819192618882e-02
1.129150355571560335e-02
0.000000000000000000e+00
0.000000000000000000e+00
0.000000000000000000e+00
0.000000000000000000e+00
0.000000000000000000e+00
0.000000000000000000e+00
0.000000000000000000e+00
0.000000000000000000e+00
0.000000000000000000e+00
0.000000000000000000e+00
0.000000000000000000e+00
0.000000000000000000e+00
0.000000000000000000e+00
0.000000000000000000e+00
0.000000000000000000e+00
0.000000000000000000e+00
0.000000000000000000e+00
1.506195209978576255e+00
0.000000000000000000e+00
1.494517789827305210e+00
7.438090182039739595e+00
1.775839178454926781e+01
1.618240441734108259e+01
8.767462589163507403e+00
1.015016802294337595e+01
2.874480935271534587e+00
4.267857839144379106e+00
5.623322215608275165e+00
2.772952782428174334e+00
4.092230757004260866e+00
6.690274075200358439e+00
3.923158970386321442e+00
2.544510319364658990e+00
1.230715447488967884e+00
1.182041580245927204e+00
1.125116986457390666e+00
1.058888938575228922e+00
1.965174157376619934e+00
1.792110769142687854e+00
8.001600123562556677e-01
2.091404576604271703e+00
0.000000000000000000e+00
0.000000000000000000e+00
0.000000000000000000e+00
5.923968549451349430e-01
4.378160947294784111e-01
3.099934838478819454e-01
4.171819225540349119e-01
6.582274177809292748e-02
3.812848507827046318e-02
1.562301363313096658e-01
7.415603663859277050e-02
1.953121119503150108e-02
1.007080046861121361e-02
0.000000000000000000e+00
0.000000000000000000e+00
0.000000000000000000e+00
0.000000000000000000e+00
0.000000000000000000e+00
0.000000000000000000e+00
0.000000000000000000e+00
0.000000000000000000e+00
0.000000000000000000e+00
0.000000000000000000e+00
0.000000000000000000e+00
0.000000000000000000e+00
0.000000000000000000e+00
0.000000000000000000e+00
0.000000000000000000e+00
0.000000000000000000e+00
0.000000000000000000e+00
0.000000000000000000e+00
0.000000000000000000e+00
0.000000000000000000e+00
1.494517789827305210e+00
8.925708218447686804e+00
1.331879383841195263e+01
7.355638371518673502e+00
1.461243764860584493e+00
5.800096013110500159e+00
2.874480935271534587e+00
5.690477118859171846e+00
1.405830553902068791e+00
0.000000000000000000e+00
5.456307676005680563e+00
2.676109630080143464e+00
2.615439313590881110e+00
0.000000000000000000e+00
1.230715447488967884e+00
2.364083160491854407e+00
3.375350959372171999e+00
0.000000000000000000e+00
9.825870786883099672e-01
0.000000000000000000e+00
8.001600123562556677e-01
1.394269717736181136e+00
0.000000000000000000e+00
0.000000000000000000e+00
0.000000000000000000e+00
2.961984274725674715e-01
4.378160947294784111e-01
4.649902257718229182e-01
0.000000000000000000e+00
1.316454835561858550e-01
3.812848507827046318e-02
7.811506816565483291e-02
4.119779813255153994e-02
2.685541539316831441e-02
7.629394294402434135e-03
0.000000000000000000e+00
0.000000000000000000e+00
0.000000000000000000e+00
0.000000000000000000e+00
0.000000000000000000e+00
0.000000000000000000e+00
0.000000000000000000e+00
0.000000000000000000e+00
0.000000000000000000e+00
0.000000000000000000e+00
0.000000000000000000e+00
0.000000000000000000e+00
0.000000000000000000e+00
0.000000000000000000e+00
0.000000000000000000e+00
0.000000000000000000e+00
0.000000000000000000e+00
0.000000000000000000e+00
1.511150001924220776e+00
1.506195209978576255e+00
1.500678269864276437e+00
1.345066010844574755e+01
1.487618036407947919e+01
1.923825776659504072e+01
1.471127674303734700e+01
2.922487529721168986e+00
8.700144019665749795e+00
2.874480935271534587e+00
0.000000000000000000e+00
7.029152769510344179e+00
1.386476391214087167e+00
1.364076919001420141e+00
1.338054815040071732e+00
1.307719656795440555e+00
0.000000000000000000e+00
0.000000000000000000e+00
0.000000000000000000e+00
1.125116986457390666e+00
2.117777877150457844e+00
0.000000000000000000e+00
1.792110769142687854e+00
2.400480037068767114e+00
6.971348588680905678e-01
0.000000000000000000e+00
4.852825635592212805e-01
3.858302793476471870e-01
2.961984274725674715e-01
6.567241420942175889e-01
0.000000000000000000e+00
1.042954806385087280e-01
1.316454835561858550e-01
0.000000000000000000e+00
3.905753408282741646e-02
8.239559626510307641e-03
1.464840839627362667e-02
8.239745837954629004e-03
0.000000000000000000e+00
0.000000000000000000e+00
0.000000000000000000e+00
0.000000000000000000e+00
0.000000000000000000e+00
0.000000000000000000e+00
0.000000000000000000e+00
0.000000000000000000e+00
0.000000000000000000e+00
0.000000000000000000e+00
0.000000000000000000e+00
0.000000000000000000e+00
0.000000000000000000e+00
0.000000000000000000e+00
0.000000000000000000e+00
0.000000000000000000e+00
0.000000000000000000e+00
0.000000000000000000e+00
0.000000000000000000e+00
0.000000000000000000e+00
0.000000000000000000e+00
7.503391349321382187e+00
7.472588949136525827e+00
7.438090182039739595e+00
7.399329910228862772e+00
1.471127674303734700e+00
2.922487529721168986e+00
1.450024003277625040e+00
0.000000000000000000e+00
0.000000000000000000e+00
0.000000000000000000e+00
2.772952782428174334e+00
2.728153838002840281e+00
1.338054815040071732e+00
1.307719656795440555e+00
1.272255159682329495e+00
2.461430894977935768e+00
0.000000000000000000e+00
0.000000000000000000e+00
0.000000000000000000e+00
0.000000000000000000e+00
0.000000000000000000e+00
0.000000000000000000e+00
0.000000000000000000e+00
5.906318823794730610e-01
0.000000000000000000e+00
0.000000000000000000e+00
0.000000000000000000e+00
2.189080473647392056e-01
3.099934838478819454e-01
1.042954806385087280e-01
0.000000000000000000e+00
3.812848507827046318e-02
5.858630112424112468e-02
4.119779813255153994e-02
9.765605597515750538e-03
6.408691207298045263e-03
0.000000000000000000e+00
0.000000000000000000e+00
0.000000000000000000e+00
0.000000000000000000e+00
0.000000000000000000e+00
0.000000000000000000e+00
0.000000000000000000e+00
0.000000000000000000e+00
0.000000000000000000e+00
0.000000000000000000e+00
0.000000000000000000e+00
0.000000000000000000e+00
0.000000000000000000e+00
0.000000000000000000e+00
0.000000000000000000e+00
0.000000000000000000e+00
0.000000000000000000e+00
0.000000000000000000e+00
0.000000000000000000e+00
1.515612101736341533e+00
0.000000000000000000e+00
4.518585629935728321e+00
7.503391349321382187e+00
1.195614231861844168e+01
5.950472145631791498e+00
5.919463928183089863e+00
4.413383022911204101e+00
0.000000000000000000e+00
1.450024003277625040e+00
0.000000000000000000e+00
2.845238559429585923e+00
1.405830553902068791e+00
0.000000000000000000e+00
2.728153838002840281e+00
1.338054815040071732e+00
0.000000000000000000e+00
0.000000000000000000e+00
1.230715447488967884e+00
2.364083160491854407e+00
1.125116986457390666e+00
0.000000000000000000e+00
0.000000000000000000e+00
0.000000000000000000e+00
0.000000000000000000e+00
0.000000000000000000e+00
0.000000000000000000e+00
0.000000000000000000e+00
3.858302793476471870e-01
8.885952824177023590e-01
4.378160947294784111e-01
1.549967419239409727e-01
1.042954806385087280e-01
1.316454835561858550e-01
3.812848507827046318e-02
0.000000000000000000e+00
8.239559626510307641e-03
1.953121119503150108e-02
5.493163891969752959e-03
0.000000000000000000e+00
0.000000000000000000e+00
0.000000000000000000e+00
0.000000000000000000e+00
0.000000000000000000e+00
0.000000000000000000e+00
0.000000000000000000e+00
0.000000000000000000e+00
0.000000000000000000e+00
0.000000000000000000e+00
0.000000000000000000e+00
0.000000000000000000e+00
0.000000000000000000e+00
0.000000000000000000e+00
0.000000000000000000e+00
0.000000000000000000e+00
0.000000000000000000e+00
0.000000000000000000e+00
0.000000000000000000e+00
0.000000000000000000e+00
0.000000000000000000e+00
3.022300003848441552e+00
6.024780839914305020e+00
1.050474788904993417e+01
5.978071159309220839e+00
1.487618036407947875e+00
1.479865982045772466e+00
1.471127674303734700e+00
0.000000000000000000e+00
2.900048006555250080e+00
4.311721402907301659e+00
2.845238559429585923e+00
1.405830553902068791e+00
0.000000000000000000e+00
1.364076919001420141e+00
0.000000000000000000e+00
1.307719656795440555e+00
1.272255159682329495e+00
1.230715447488967884e+00
0.000000000000000000e+00
1.125116986457390666e+00
1.058888938575228922e+00
0.000000000000000000e+00
8.960553845713439269e-01
0.000000000000000000e+00
0.000000000000000000e+00
0.000000000000000000e+00
0.000000000000000000e+00
3.858302793476471870e-01
0.000000000000000000e+00
2.189080473647392056e-01
0.000000000000000000e+00
0.000000000000000000e+00
6.582274177809292748e-02
1.525139403130818527e-01
1.952876704141370823e-02
0.000000000000000000e+00
9.765605597515750538e-03
7.629394294402434135e-03
0.000000000000000000e+00
0.000000000000000000e+00
0.000000000000000000e+00
0.000000000000000000e+00
0.000000000000000000e+00
0.000000000000000000e+00
0.000000000000000000e+00
0.000000000000000000e+00
0.000000000000000000e+00
0.000000000000000000e+00
0.000000000000000000e+00
0.000000000000000000e+00
0.000000000000000000e+00
0.000000000000000000e+00
0.000000000000000000e+00
0.000000000000000000e+00
0.000000000000000000e+00
0.000000000000000000e+00
0.000000000000000000e+00
0.000000000000000000e+00
1.519640995800313421e+00
3.031224203472683065e+00
1.511150001924220732e+01
1.506195209978576255e+00
6.002713079457105749e+00
5.978071159309220839e+00
0.000000000000000000e+00
2.959731964091544931e+00
0.000000000000000000e+00
0.000000000000000000e+00
1.450024003277625040e+00
1.437240467635767294e+00
0.000000000000000000e+00
2.811661107804137583e+00
0.000000000000000000e+00
1.364076919001420141e+00
0.000000000000000000e+00
0.000000000000000000e+00
0.000000000000000000e+00
1.230715447488967884e+00
0.000000000000000000e+00
0.000000000000000000e+00
0.000000000000000000e+00
0.000000000000000000e+00
0.000000000000000000e+00
8.001600123562556677e-01
0.000000000000000000e+00
0.000000000000000000e+00
4.852825635592212805e-01
0.000000000000000000e+00
0.000000000000000000e+00
0.000000000000000000e+00
1.549967419239409727e-01
2.085909612770174559e-01
0.000000000000000000e+00
0.000000000000000000e+00
3.905753408282741646e-02
1.647911925302061528e-02
9.765605597515750538e-03
5.493163891969752959e-03
0.000000000000000000e+00
0.000000000000000000e+00
0.000000000000000000e+00
0.000000000000000000e+00
0.000000000000000000e+00
0.000000000000000000e+00
0.000000000000000000e+00
0.000000000000000000e+00
0.000000000000000000e+00
0.000000000000000000e+00
0.000000000000000000e+00
0.000000000000000000e+00
0.000000000000000000e+00
0.000000000000000000e+00
0.000000000000000000e+00
0.000000000000000000e+00
0.000000000000000000e+00
0.000000000000000000e+00
0.000000000000000000e+00
0.000000000000000000e+00
1.523287812427410515e+00
3.039281991600626842e+00
1.515612101736341533e+00
6.044600007696883104e+00
4.518585629935728321e+00
3.001356539728552875e+00
5.978071159309220839e+00
4.462854109223843402e+00
2.959731964091544931e+00
1.471127674303734700e+00
4.383731294581753701e+00
0.000000000000000000e+00
0.000000000000000000e+00
0.000000000000000000e+00
0.000000000000000000e+00
0.000000000000000000e+00
0.000000000000000000e+00
2.676109630080143464e+00
0.000000000000000000e+00
0.000000000000000000e+00
0.000000000000000000e+00
0.000000000000000000e+00
0.000000000000000000e+00
0.000000000000000000e+00
9.825870786883099672e-01
0.000000000000000000e+00
0.000000000000000000e+00
0.000000000000000000e+00
0.000000000000000000e+00
4.852825635592212805e-01
0.000000000000000000e+00
0.000000000000000000e+00
2.189080473647392056e-01
1.549967419239409727e-01
0.000000000000000000e+00
6.582274177809292748e-02
0.000000000000000000e+00
3.905753408282741646e-02
2.471867887953092119e-02
1.220700699689468774e-02
2.136230402432681610e-03
0.000000000000000000e+00
0.000000000000000000e+00
0.000000000000000000e+00
0.000000000000000000e+00
0.000000000000000000e+00
0.000000000000000000e+00
0.000000000000000000e+00
0.000000000000000000e+00
0.000000000000000000e+00
0.000000000000000000e+00
0.000000000000000000e+00
0.000000000000000000e+00
0.000000000000000000e+00
0.000000000000000000e+00
0.000000000000000000e+00
0.000000000000000000e+00
0.000000000000000000e+00
0.000000000000000000e+00
0.000000000000000000e+00
0.000000000000000000e+00
0.000000000000000000e+00
3.046575624854821029e+00
9.117845974801880971e+00
3.031224203472683065e+00
6.044600007696883104e+00
1.506195209978576255e+00
1.500678269864276437e+00
2.989035579654610419e+00
0.000000000000000000e+00
0.000000000000000000e+00
0.000000000000000000e+00
1.461243764860584493e+00
0.000000000000000000e+00
0.000000000000000000e+00
0.000000000000000000e+00
0.000000000000000000e+00
0.000000000000000000e+00
1.364076919001420141e+00
0.000000000000000000e+00
0.000000000000000000e+00
1.272255159682329495e+00
0.000000000000000000e+00
0.000000000000000000e+00
0.000000000000000000e+00
0.000000000000000000e+00
0.000000000000000000e+00
0.000000000000000000e+00
0.000000000000000000e+00
0.000000000000000000e+00
0.000000000000000000e+00
4.852825635592212805e-01
0.000000000000000000e+00
0.000000000000000000e+00
0.000000000000000000e+00
1.549967419239409727e-01
1.042954806385087280e-01
6.582274177809292748e-02
7.625697015654092636e-02
1.952876704141370823e-02
8.239559626510307641e-03
2.441401399378937635e-03
1.220703087104389522e-03
0.000000000000000000e+00
0.000000000000000000e+00
0.000000000000000000e+00
0.000000000000000000e+00
0.000000000000000000e+00
0.000000000000000000e+00
0.000000000000000000e+00
0.000000000000000000e+00
0.000000000000000000e+00
0.000000000000000000e+00
0.000000000000000000e+00
0.000000000000000000e+00
0.000000000000000000e+00
0.000000000000000000e+00
0.000000000000000000e+00
0.000000000000000000e+00
0.000000000000000000e+00
0.000000000000000000e+00
0.000000000000000000e+00
0.000000000000000000e+00
0.000000000000000000e+00
1.526596647263466888e+00
0.000000000000000000e+00
4.558922987400940485e+00
1.515612101736341533e+00
3.022300003848441552e+00
4.518585629935728321e+00
6.002713079457105749e+00
1.494517789827305210e+00
1.487618036407947875e+00
1.479865982045772466e+00
0.000000000000000000e+00
0.000000000000000000e+00
0.000000000000000000e+00
0.000000000000000000e+00
0.000000000000000000e+00
1.405830553902068791e+00
1.386476391214087167e+00
0.000000000000000000e+00
0.000000000000000000e+00
1.307719656795440555e+00
0.000000000000000000e+00
0.000000000000000000e+00
0.000000000000000000e+00
0.000000000000000000e+00
0.000000000000000000e+00
9.825870786883099672e-01
0.000000000000000000e+00
0.000000000000000000e+00
0.000000000000000000e+00
0.000000000000000000e+00
0.000000000000000000e+00
0.000000000000000000e+00
0.000000000000000000e+00
0.000000000000000000e+00
0.000000000000000000e+00
1.042954806385087280e-01
6.582274177809292748e-02
0.000000000000000000e+00
0.000000000000000000e+00
0.000000000000000000e+00
4.882802798757875269e-03
1.831054630656584175e-03
0.000000000000000000e+00
0.000000000000000000e+00
0.000000000000000000e+00
0.000000000000000000e+00
0.000000000000000000e+00
0.000000000000000000e+00
0.000000000000000000e+00
0.000000000000000000e+00
0.000000000000000000e+00
0.000000000000000000e+00
0.000000000000000000e+00
0.000000000000000000e+00
0.000000000000000000e+00
0.000000000000000000e+00
0.000000000000000000e+00
0.000000000000000000e+00
0.000000000000000000e+00
0.000000000000000000e+00
0.000000000000000000e+00
3.069704835568876078e+00
0.000000000000000000e+00
3.059211314264286496e+00
9.159579883580800441e+00
1.523287812427410515e+00
1.519640995800313421e+00
1.515612101736341533e+00
1.511150001924220776e+00
0.000000000000000000e+00
0.000000000000000000e+00
0.000000000000000000e+00
0.000000000000000000e+00
0.000000000000000000e+00
1.471127674303734700e+00
1.461243764860584493e+00
0.000000000000000000e+00
0.000000000000000000e+00
0.000000000000000000e+00
0.000000000000000000e+00
0.000000000000000000e+00
1.364076919001420141e+00
0.000000000000000000e+00
0.000000000000000000e+00
1.272255159682329495e+00
0.000000000000000000e+00
0.000000000000000000e+00
0.000000000000000000e+00
0.000000000000000000e+00
9.825870786883099672e-01
8.960553845713439269e-01
0.000000000000000000e+00
0.000000000000000000e+00
1.771895647138419072e+00
0.000000000000000000e+00
0.000000000000000000e+00
0.000000000000000000e+00
0.000000000000000000e+00
0.000000000000000000e+00
0.000000000000000000e+00
0.000000000000000000e+00
0.000000000000000000e+00
1.952876704141370823e-02
1.647911925302061528e-02
2.441401399378937635e-03
9.155273153282920875e-04
0.000000000000000000e+00
