# pd_vector
0.000000000000000000e+00
0.000000000000000000e+00
0.000000000000000000e+00
0.000000000000000000e+00
0.000000000000000000e+00
0.000000000000000000e+00
0.000000000000000000e+00
0.000000000000000000e+00
0.000000000000000000e+00
0.000000000000000000e+00
0.000000000000000000e+00
0.000000000000000000e+00
0.000000000000000000e+00
0.000000000000000000e+00
0.000000000000000000e+00
0.000000000000000000e+00
0.000000000000000000e+00
0.000000000000000000e+00
0.000000000000000000e+00
5.187988120193655524e-03
0.000000000000000000e+00
0.000000000000000000e+00
0.000000000000000000e+00
0.000000000000000000e+00
0.000000000000000000e+00
0.000000000000000000e+00
7.659911871580044052e-02
0.000000000000000000e+00
0.000000000000000000e+00
0.000000000000000000e+00
0.000000000000000000e+00
0.000000000000000000e+00
0.000000000000000000e+00
0.000000000000000000e+00
1.636962839806986425e+00
0.000000000000000000e+00
0.000000000000000000e+00
0.000000000000000000e+00
0.000000000000000000e+00
0.000000000000000000e+00
0.000000000000000000e+00
0.000000000000000000e+00
9.765605597515750538e-03
3.441467178319050024e+00
0.000000000000000000e+00
0.000000000000000000e+00
0.000000000000000000e+00
0.000000000000000000e+00
0.000000000000000000e+00
0.000000000000000000e+00
0.000000000000000000e+00
0.000000000000000000e+00
1.752926204754077233e+00
5.458068678215501457e+00
0.000000000000000000e+00
0.000000000000000000e+00
0.000000000000000000e+00
0.000000000000000000e+00
0.000000000000000000e+00
0.000000000000000000e+00
0.000000000000000000e+00
0.000000000000000000e+00
2.307076695422886070e-01
3.312981698957218502e+00
3.410644425369664390e+00
0.000000000000000000e+00
0.000000000000000000e+00
0.000000000000000000e+00
0.000000000000000000e+00
0.000000000000000000e+00
0.000000000000000000e+00
0.000000000000000000e+00
0.000000000000000000e+00
1.171726022484822494e-01
1.483120732771855410e+00
1.494137656419909810e+00
3.891601441688793628e+00
0.000000000000000000e+00
0.000000000000000000e+00
0.000000000000000000e+00
0.000000000000000000e+00
0.000000000000000000e+00
0.000000000000000000e+00
0.000000000000000000e+00
0.000000000000000000e+00
0.000000000000000000e+00
1.386542459940373284e+00
7.827581645184792380e-01
2.141109027255328368e+00
4.307556018619614235e+00
0.000000000000000000e+00
0.000000000000000000e+00
0.000000000000000000e+00
0.000000000000000000e+00
0.000000000000000000e+00
0.000000000000000000e+00
0.000000000000000000e+00
0.000000000000000000e+00
0.000000000000000000e+00
0.000000000000000000e+00
1.757589033727233740e-01
1.277131742109097745e+00
3.515618015105670402e+00
4.376830918812788518e+00
0.000000000000000000e+00
0.000000000000000000e+00
0.000000000000000000e+00
0.000000000000000000e+00
0.000000000000000000e+00
0.000000000000000000e+00
0.000000000000000000e+00
0.000000000000000000e+00
0.000000000000000000e+00
0.000000000000000000e+00
3.812848507827046318e-02
7.616219146151346209e-01
2.974481025170220949e+00
4.812002158175886279e+00
3.996887082951547487e+00
0.000000000000000000e+00
0.000000000000000000e+00
0.000000000000000000e+00
0.000000000000000000e+00
0.000000000000000000e+00
0.000000000000000000e+00
0.000000000000000000e+00
0.000000000000000000e+00
0.000000000000000000e+00
0.000000000000000000e+00
0.000000000000000000e+00
1.525139403130818527e-01
1.699002732602992616e+00
4.342247923170932111e+00
4.978017453333653641e+00
3.470764052409555322e+00
0.000000000000000000e+00
0.000000000000000000e+00
0.000000000000000000e+00
0.000000000000000000e+00
0.000000000000000000e+00
0.000000000000000000e+00
0.000000000000000000e+00
0.000000000000000000e+00
0.000000000000000000e+00
0.000000000000000000e+00
0.000000000000000000e+00
1.316454835561858550e-01
6.863127314088683928e-01
2.694969851715091735e+00
5.157964326195452642e+00
5.053700896714400592e+00
3.036193753400392659e+00
0.000000000000000000e+00
0.000000000000000000e+00
0.000000000000000000e+00
0.000000000000000000e+00
0.000000000000000000e+00
0.000000000000000000e+00
0.000000000000000000e+00
0.000000000000000000e+00
0.000000000000000000e+00
0.000000000000000000e+00
0.000000000000000000e+00
0.000000000000000000e+00
3.291137088904646513e-01
1.868295768835252613e+00
4.628317788815048850e+00
6.566929022328714893e+00
4.787588144182096883e+00
2.693786537467611542e+00
0.000000000000000000e+00
0.000000000000000000e+00
0.000000000000000000e+00
0.000000000000000000e+00
0.000000000000000000e+00
0.000000000000000000e+00
0.000000000000000000e+00
0.000000000000000000e+00
0.000000000000000000e+00
0.000000000000000000e+00
0.000000000000000000e+00
0.000000000000000000e+00
4.171819225540349119e-01
1.513923060896137374e+00
3.622206082435694086e+00
6.210147919169559216e+00
6.402137829798508761e+00
4.311514871303203655e+00
2.292480397582043583e+00
0.000000000000000000e+00
0.000000000000000000e+00
0.000000000000000000e+00
0.000000000000000000e+00
0.000000000000000000e+00
0.000000000000000000e+00
0.000000000000000000e+00
0.000000000000000000e+00
0.000000000000000000e+00
0.000000000000000000e+00
0.000000000000000000e+00
0.000000000000000000e+00
0.000000000000000000e+00
1.355841248300613477e+00
3.159491605348460297e+00
7.244412164871388171e+00
8.026323254021033193e+00
6.410377389425019778e+00
4.152823780343572579e+00
1.990356383523707029e+00
0.000000000000000000e+00
0.000000000000000000e+00
0.000000000000000000e+00
0.000000000000000000e+00
0.000000000000000000e+00
0.000000000000000000e+00
0.000000000000000000e+00
0.000000000000000000e+00
0.000000000000000000e+00
0.000000000000000000e+00
0.000000000000000000e+00
0.000000000000000000e+00
0.000000000000000000e+00
1.549967419239409727e-01
2.815977977239735530e+00
7.569615304480686646e+00
9.188964903863181988e+00
8.670772566387686453e+00
6.393898270171998632e+00
3.618156873879585511e+00
1.684265084432281512e+00
0.000000000000000000e+00
0.000000000000000000e+00
0.000000000000000000e+00
0.000000000000000000e+00
0.000000000000000000e+00
0.000000000000000000e+00
0.000000000000000000e+00
0.000000000000000000e+00
0.000000000000000000e+00
0.000000000000000000e+00
0.000000000000000000e+00
0.000000000000000000e+00
2.961984274725674715e-01
0.000000000000000000e+00
1.859960903087291673e+00
6.362024318949032420e+00
1.020252497560440297e+01
1.109538915777670454e+01
9.432394481002820186e+00
5.734733500051174104e+00
3.305657494759081771e+00
1.425781205737926882e+00
0.000000000000000000e+00
0.000000000000000000e+00
0.000000000000000000e+00
0.000000000000000000e+00
0.000000000000000000e+00
0.000000000000000000e+00
0.000000000000000000e+00
0.000000000000000000e+00
0.000000000000000000e+00
0.000000000000000000e+00
0.000000000000000000e+00
0.000000000000000000e+00
0.000000000000000000e+00
5.923968549451349430e-01
1.751264378917913644e+00
6.044872935033698269e+00
1.011666162193534646e+01
1.230885271250337709e+01
1.227737219520308898e+01
8.846531469760410715e+00
5.874806013701848961e+00
2.807611609285778353e+00
1.269531210588564996e+00
0.000000000000000000e+00
0.000000000000000000e+00
0.000000000000000000e+00
0.000000000000000000e+00
0.000000000000000000e+00
0.000000000000000000e+00
0.000000000000000000e+00
0.000000000000000000e+00
0.000000000000000000e+00
0.000000000000000000e+00
0.000000000000000000e+00
0.000000000000000000e+00
0.000000000000000000e+00
3.858302793476471870e-01
2.961984274725674715e-01
5.253793136753740711e+00
1.007478822505616378e+01
1.439277632811420382e+01
1.645568544452323323e+01
1.101913218762016378e+01
8.065380788103862386e+00
5.339234637978679032e+00
2.404780378388253759e+00
1.026916472026567773e+00
0.000000000000000000e+00
0.000000000000000000e+00
0.000000000000000000e+00
0.000000000000000000e+00
0.000000000000000000e+00
0.000000000000000000e+00
0.000000000000000000e+00
0.000000000000000000e+00
0.000000000000000000e+00
0.000000000000000000e+00
0.000000000000000000e+00
0.000000000000000000e+00
0.000000000000000000e+00
0.000000000000000000e+00
2.314981676085883233e+00
3.554381129670809436e+00
1.203994260506065572e+01
1.611966116008986205e+01
1.814741363110051964e+01
1.810125398897555371e+01
1.292555644153368632e+01
7.831035583606896999e+00
4.465841317568586710e+00
2.121577816060296939e+00
8.645629614416838749e-01
0.000000000000000000e+00
0.000000000000000000e+00
0.000000000000000000e+00
0.000000000000000000e+00
0.000000000000000000e+00
0.000000000000000000e+00
0.000000000000000000e+00
0.000000000000000000e+00
0.000000000000000000e+00
0.000000000000000000e+00
0.000000000000000000e+00
0.000000000000000000e+00
0.000000000000000000e+00
0.000000000000000000e+00
1.455847690677663842e+00
5.015793631519413154e+00
1.155173867143013133e+01
1.904500012073231119e+01
2.123455364357991471e+01
2.200634641472534270e+01
1.671897641163560522e+01
1.212485825489000746e+01
6.424964356625110007e+00
3.757239189688700076e+00
1.796871429942898057e+00
7.394408950134839786e-01
0.000000000000000000e+00
0.000000000000000000e+00
0.000000000000000000e+00
0.000000000000000000e+00
0.000000000000000000e+00
0.000000000000000000e+00
0.000000000000000000e+00
0.000000000000000000e+00
0.000000000000000000e+00
0.000000000000000000e+00
0.000000000000000000e+00
0.000000000000000000e+00
0.000000000000000000e+00
0.000000000000000000e+00
0.000000000000000000e+00
3.396977944914548964e+00
6.559114748910002568e+00
1.806810407582661426e+01
2.276643692593287582e+01
2.572945915937420125e+01
1.700016334407692398e+01
1.355948480628714314e+01
9.417735814332804267e+00
6.288262987335214049e+00
3.098074419567875548e+00
1.435544022834815303e+00
6.195068167054776920e-01
0.000000000000000000e+00
0.000000000000000000e+00
0.000000000000000000e+00
0.000000000000000000e+00
0.000000000000000000e+00
0.000000000000000000e+00
0.000000000000000000e+00
0.000000000000000000e+00
0.000000000000000000e+00
0.000000000000000000e+00
0.000000000000000000e+00
0.000000000000000000e+00
0.000000000000000000e+00
0.000000000000000000e+00
0.000000000000000000e+00
1.181263764758946122e+00
8.735086144065983049e+00
1.697653229129647556e+01
2.369587419780539861e+01
2.451770130485079235e+01
2.309451454666720593e+01
2.002473228259367488e+01
1.276961190495002718e+01
8.845808538158747680e+00
5.077479430767564139e+00
2.710815117121891049e+00
1.330563762661520988e+00
5.111694177249631599e-01
0.000000000000000000e+00
0.000000000000000000e+00
0.000000000000000000e+00
0.000000000000000000e+00
0.000000000000000000e+00
0.000000000000000000e+00
0.000000000000000000e+00
0.000000000000000000e+00
0.000000000000000000e+00
0.000000000000000000e+00
0.000000000000000000e+00
0.000000000000000000e+00
0.000000000000000000e+00
0.000000000000000000e+00
0.000000000000000000e+00
0.000000000000000000e+00
5.906318823794730832e+00
2.038186766948729201e+01
2.816561039237824460e+01
2.665785847253107121e+01
2.626896568376870533e+01
2.107955690165597318e+01
1.366270796364464424e+01
1.007087949204821875e+01
6.901255799166953864e+00
4.140098612779706144e+00
2.381232732061478785e+00
1.091306425522385215e+00
4.058837764622095223e-01
0.000000000000000000e+00
0.000000000000000000e+00
0.000000000000000000e+00
0.000000000000000000e+00
0.000000000000000000e+00
0.000000000000000000e+00
0.000000000000000000e+00
0.000000000000000000e+00
0.000000000000000000e+00
0.000000000000000000e+00
0.000000000000000000e+00
0.000000000000000000e+00
0.000000000000000000e+00
0.000000000000000000e+00
0.000000000000000000e+00
0.000000000000000000e+00
6.971348588680905678e+00
1.771895647138419250e+01
2.377884561440184186e+01
3.125225262715942165e+01
3.021223960220188332e+01
2.648787373113344401e+01
1.766962857932927022e+01
1.324552604109060816e+01
8.951892881820638692e+00
6.253071552836355629e+00
3.417534232247398940e+00
1.804463558205757323e+00
8.105452645938072687e-01
3.500366102271836866e-01
0.000000000000000000e+00
0.000000000000000000e+00
0.000000000000000000e+00
0.000000000000000000e+00
0.000000000000000000e+00
0.000000000000000000e+00
0.000000000000000000e+00
0.000000000000000000e+00
0.000000000000000000e+00
0.000000000000000000e+00
0.000000000000000000e+00
0.000000000000000000e+00
0.000000000000000000e+00
0.000000000000000000e+00
0.000000000000000000e+00
0.000000000000000000e+00
4.000800061781278671e+00
1.254842745962563022e+01
2.362527529517892333e+01
3.445506201270470825e+01
2.855144067172589217e+01
2.932364431978417940e+01
1.970172426282652722e+01
1.503468396662227491e+01
9.803775180019821178e+00
6.845565144921664569e+00
4.651675179548996120e+00
2.890257522129228818e+00
1.796223998579246972e+00
7.690414408043653172e-01
2.792358311751291233e-01
0.000000000000000000e+00
0.000000000000000000e+00
0.000000000000000000e+00
0.000000000000000000e+00
0.000000000000000000e+00
0.000000000000000000e+00
0.000000000000000000e+00
0.000000000000000000e+00
0.000000000000000000e+00
0.000000000000000000e+00
0.000000000000000000e+00
0.000000000000000000e+00
0.000000000000000000e+00
0.000000000000000000e+00
0.000000000000000000e+00
9.825870786883099672e-01
8.960553845713439269e-01
1.040208016063132312e+01
2.230831548377889817e+01
2.480653905993786879e+01
3.202864919490860274e+01
2.430730759890177239e+01
2.339967577033283064e+01
1.882609207336757251e+01
1.100476867659980940e+01
7.196388164057101910e+00
6.384805952475013591e+00
3.622206082435694086e+00
2.499682181300954653e+00
1.359527338374200811e+00
6.323229624391448755e-01
2.658080972169808431e-01
0.000000000000000000e+00
0.000000000000000000e+00
0.000000000000000000e+00
0.000000000000000000e+00
0.000000000000000000e+00
0.000000000000000000e+00
0.000000000000000000e+00
0.000000000000000000e+00
0.000000000000000000e+00
0.000000000000000000e+00
0.000000000000000000e+00
0.000000000000000000e+00
0.000000000000000000e+00
0.000000000000000000e+00
0.000000000000000000e+00
1.058888938575228922e+00
3.930348314753239869e+00
8.064498461142095564e+00
2.480496038304392670e+01
2.649112463698744335e+01
3.189412164849154507e+01
3.299921432202704352e+01
2.507896815759706755e+01
2.221488206044255875e+01
1.532356331553174478e+01
8.214827321968870777e+00
7.613570086611137100e+00
4.673414666244597448e+00
3.850976992905316809e+00
1.816175334851474865e+00
1.005226274434257494e+00
5.981433428478397651e-01
2.072143490359701079e-01
0.000000000000000000e+00
0.000000000000000000e+00
0.000000000000000000e+00
0.000000000000000000e+00
0.000000000000000000e+00
0.000000000000000000e+00
0.000000000000000000e+00
0.000000000000000000e+00
0.000000000000000000e+00
0.000000000000000000e+00
0.000000000000000000e+00
0.000000000000000000e+00
0.000000000000000000e+00
0.000000000000000000e+00
0.000000000000000000e+00
0.000000000000000000e+00
3.176666815725686988e+00
9.825870786883099228e+00
1.523294153771284698e+01
2.320464035833141381e+01
2.997679893132789530e+01
3.130348976611207235e+01
2.911695381355327683e+01
2.083483508477294777e+01
1.777190564835404984e+01
1.006977017877800407e+01
7.904833838120989498e+00
6.257728838310523400e+00
4.344300957354133352e+00
2.783379410713743951e+00
1.874761635975715990e+00
1.029944953313788547e+00
4.589834630832402840e-01
1.742553656841515919e-01
0.000000000000000000e+00
0.000000000000000000e+00
0.000000000000000000e+00
0.000000000000000000e+00
0.000000000000000000e+00
0.000000000000000000e+00
0.000000000000000000e+00
0.000000000000000000e+00
0.000000000000000000e+00
0.000000000000000000e+00
0.000000000000000000e+00
0.000000000000000000e+00
0.000000000000000000e+00
0.000000000000000000e+00
0.000000000000000000e+00
0.000000000000000000e+00
0.000000000000000000e+00
4.235555754300915687e+00
1.277363202294803024e+01
2.956982769085434981e+01
4.880976075373159517e+01
3.834241723774498212e+01
3.602854482514785417e+01
2.523469330507950659e+01
2.122066536412059534e+01
1.599471508351864379e+01
8.756321894589568444e+00
6.044872935033698269e+00
3.546046341709296890e+00
3.356959830682739288e+00
2.173323649461416540e+00
1.601358897395924075e+00
7.003625682533761720e-01
4.052726322969036343e-01
1.538085889751530932e-01
0.000000000000000000e+00
0.000000000000000000e+00
0.000000000000000000e+00
0.000000000000000000e+00
0.000000000000000000e+00
0.000000000000000000e+00
0.000000000000000000e+00
0.000000000000000000e+00
0.000000000000000000e+00
0.000000000000000000e+00
0.000000000000000000e+00
0.000000000000000000e+00
0.000000000000000000e+00
0.000000000000000000e+00
0.000000000000000000e+00
0.000000000000000000e+00
1.182041580245927204e+00
5.625584932286953332e+00
1.376555620147797576e+01
2.456467696720774896e+01
3.046588307542569396e+01
3.040608046953771648e+01
3.276533836680025757e+01
2.775969847183523243e+01
1.601432459745430137e+01
1.388989005651529851e+01
1.184793709890269930e+01
8.537413847224829766e+00
6.819856644653402356e+00
3.650341822347805465e+00
2.962023380014181750e+00
1.105726067269843460e+00
1.015495886153512828e+00
6.179669719882731060e-01
2.954095693248514620e-01
1.229858360257672506e-01
0.000000000000000000e+00
0.000000000000000000e+00
0.000000000000000000e+00
0.000000000000000000e+00
0.000000000000000000e+00
0.000000000000000000e+00
0.000000000000000000e+00
0.000000000000000000e+00
0.000000000000000000e+00
0.000000000000000000e+00
0.000000000000000000e+00
0.000000000000000000e+00
0.000000000000000000e+00
0.000000000000000000e+00
0.000000000000000000e+00
0.000000000000000000e+00
1.230715447488967884e+00
5.910207901229636462e+00
1.462652082394607866e+01
3.176666815725686632e+01
3.832089606884408539e+01
3.763432615199644715e+01
3.760752058074401560e+01
2.997679893132789530e+01
2.244401153041997787e+01
2.135243279660573634e+01
1.003158726303882631e+01
9.182151251649591117e+00
5.472701184118480278e+00
3.874918548098524429e+00
3.128864419155261700e+00
2.040504995120880682e+00
1.372625462817736786e+00
8.983232839050305785e-01
5.932482931087421640e-01
2.636713511329252801e-01
1.065063443498579926e-01
0.000000000000000000e+00
0.000000000000000000e+00
0.000000000000000000e+00
0.000000000000000000e+00
0.000000000000000000e+00
0.000000000000000000e+00
0.000000000000000000e+00
0.000000000000000000e+00
0.000000000000000000e+00
0.000000000000000000e+00
0.000000000000000000e+00
0.000000000000000000e+00
0.000000000000000000e+00
0.000000000000000000e+00
0.000000000000000000e+00
0.000000000000000000e+00
1.272255159682329495e+00
4.922861789955871537e+00
8.274291061721489982e+00
2.475257370206259466e+01
3.176666815725686632e+01
3.242537359671423047e+01
3.136193845999703811e+01
3.040608046953771648e+01
2.927966407245980207e+01
1.358453329472787985e+01
1.552904203389508098e+01
1.041741754238647388e+01
6.812563831869051789e+00
3.283620710471088167e+00
2.944938096554878371e+00
3.128864419155261700e+00
1.448100319118044377e+00
1.296368492661195804e+00
8.006794486979620373e-01
4.366966602050463275e-01
1.928707105509360753e-01
8.422851301020287118e-02
0.000000000000000000e+00
0.000000000000000000e+00
0.000000000000000000e+00
0.000000000000000000e+00
0.000000000000000000e+00
0.000000000000000000e+00
0.000000000000000000e+00
0.000000000000000000e+00
0.000000000000000000e+00
0.000000000000000000e+00
0.000000000000000000e+00
0.000000000000000000e+00
0.000000000000000000e+00
0.000000000000000000e+00
0.000000000000000000e+00
0.000000000000000000e+00
0.000000000000000000e+00
3.816765479046988485e+00
9.845723579911743073e+00
2.245879002467261643e+01
3.375350959372171644e+01
4.235555754300915510e+01
2.849502528196098794e+01
2.777771692171166151e+01
2.560512039540018137e+01
9.062753165285176493e+00
8.859478235692096248e+00
1.067621639830286817e+01
5.401623910867060729e+00
3.258182702198242353e+00
5.910517278847958522e+00
2.169954386935173396e+00
2.190205093408683190e+00
1.579745802674230148e+00
9.913406120350320982e-01
5.468054771595838304e-01
4.366966602050463275e-01
1.953121119503150038e-01
7.385253676981556881e-02
0.000000000000000000e+00
0.000000000000000000e+00
0.000000000000000000e+00
0.000000000000000000e+00
0.000000000000000000e+00
0.000000000000000000e+00
0.000000000000000000e+00
0.000000000000000000e+00
0.000000000000000000e+00
0.000000000000000000e+00
0.000000000000000000e+00
0.000000000000000000e+00
0.000000000000000000e+00
0.000000000000000000e+00
0.000000000000000000e+00
0.000000000000000000e+00
0.000000000000000000e+00
2.615439313590881110e+00
6.361275798411647031e+00
2.215287805480142325e+01
3.664328898762374109e+01
3.712886055309389377e+01
2.435444558723026631e+01
2.358208988851944099e+01
2.867377230628300566e+01
1.680336025948136935e+01
6.971348588680905678e+00
8.859478235692096248e+00
8.249803580506760881e+00
5.015793631519413154e+00
3.554381129670809436e+00
3.283620710471088167e+00
2.324951128859114480e+00
1.564432209577630850e+00
9.215183848933009569e-01
1.029469097113302478e+00
4.686904089939289975e-01
3.378219446869226150e-01
1.440426825633573105e-01
6.835937287784581151e-02
0.000000000000000000e+00
0.000000000000000000e+00
0.000000000000000000e+00
0.000000000000000000e+00
0.000000000000000000e+00
0.000000000000000000e+00
0.000000000000000000e+00
0.000000000000000000e+00
0.000000000000000000e+00
0.000000000000000000e+00
0.000000000000000000e+00
0.000000000000000000e+00
0.000000000000000000e+00
0.000000000000000000e+00
0.000000000000000000e+00
0.000000000000000000e+00
0.000000000000000000e+00
4.014164445120215419e+00
6.538598283977202996e+00
1.781157223555261382e+01
3.815217887215800374e+01
3.546124740737781877e+01
2.700280767497737600e+01
2.435444558723026631e+01
1.866915449507789049e+01
1.523294153771284698e+01
8.801760135918812011e+00
7.668483447548996246e+00
5.906318823794730832e+00
6.793955889829097927e+00
8.488266145648237782e+00
1.777190564835404718e+00
1.751264378917913644e+00
1.549967419239409727e+00
1.251545767662104680e+00
9.873411266713939538e-01
6.863127314088683928e-01
4.686904089939289975e-01
1.977494310362473695e-01
1.049802601732943153e-01
5.523681469147362355e-02
0.000000000000000000e+00
0.000000000000000000e+00
0.000000000000000000e+00
0.000000000000000000e+00
0.000000000000000000e+00
0.000000000000000000e+00
0.000000000000000000e+00
0.000000000000000000e+00
0.000000000000000000e+00
0.000000000000000000e+00
0.000000000000000000e+00
0.000000000000000000e+00
0.000000000000000000e+00
0.000000000000000000e+00
0.000000000000000000e+00
0.000000000000000000e+00
1.386476391214087167e+00
0.000000000000000000e+00
4.014164445120215419e+00
1.700035553834072743e+01
1.526706191618795394e+01
4.061360976713594084e+01
2.009470686418076113e+01
2.587769068851998355e+01
1.270666726290274795e+01
1.277363202294803024e+01
8.064498461142095564e+00
7.201440111206300898e+00
6.971348588680905678e+00
4.134423176656311760e+00
5.338108199151434086e+00
1.543321117390588748e+00
1.777190564835404718e+00
1.970172426282652767e+00
3.099934838478819454e-01
9.386593257465785101e-01
1.118986610227579837e+00
4.194133358609750672e-01
4.491616419525152892e-01
1.483120732771855410e-01
1.196286685695679419e-01
4.516601422286241341e-02
0.000000000000000000e+00
0.000000000000000000e+00
0.000000000000000000e+00
0.000000000000000000e+00
0.000000000000000000e+00
0.000000000000000000e+00
0.000000000000000000e+00
0.000000000000000000e+00
0.000000000000000000e+00
0.000000000000000000e+00
0.000000000000000000e+00
0.000000000000000000e+00
0.000000000000000000e+00
0.000000000000000000e+00
0.000000000000000000e+00
0.000000000000000000e+00
0.000000000000000000e+00
0.000000000000000000e+00
2.728153838002840281e+00
1.338054815040071688e+01
2.353895382231792865e+01
3.053412383237590788e+01
1.969144715982348615e+01
2.718695634565632702e+01
1.012605287811651600e+01
1.270666726290274795e+01
5.895522472129860247e+00
9.856609230284783862e+00
4.000800061781278671e+00
2.788539435472362271e+00
4.725055059035784488e+00
2.426412817796106403e+00
3.472472514128824628e+00
5.923968549451349430e-01
1.970172426282652767e+00
1.394970677315468865e+00
6.257728838310523400e-01
6.582274177809293025e-01
6.863127314088683928e-01
3.124602726626193316e-01
1.400725136506752178e-01
9.033185177702068858e-02
3.967285033089265611e-02
0.000000000000000000e+00
0.000000000000000000e+00
0.000000000000000000e+00
0.000000000000000000e+00
0.000000000000000000e+00
0.000000000000000000e+00
0.000000000000000000e+00
0.000000000000000000e+00
0.000000000000000000e+00
0.000000000000000000e+00
0.000000000000000000e+00
0.000000000000000000e+00
0.000000000000000000e+00
0.000000000000000000e+00
0.000000000000000000e+00
0.000000000000000000e+00
0.000000000000000000e+00
0.000000000000000000e+00
8.318858347284523447e+00
6.820384595007100259e+00
1.873276741056100292e+01
3.269299141988601320e+01
2.290059287428193002e+01
1.846073171233451760e+01
8.274291061721489982e+00
4.500467945829562666e+00
8.471111508601831375e+00
4.912935393441549614e+00
1.075266461485612624e+01
6.401280098850045341e+00
7.668483447548996246e+00
3.543791294276838144e+00
2.911695381355327683e+00
3.858302793476471870e-01
2.073388992307972245e+00
1.532356331553174522e+00
1.394970677315468865e+00
7.300683644695611374e-01
4.607591924466504785e-01
1.906424253913523159e-01
2.538739715383782070e-01
1.400725136506752178e-01
6.835923918261024856e-02
3.234863180826632462e-02
0.000000000000000000e+00
0.000000000000000000e+00
0.000000000000000000e+00
0.000000000000000000e+00
0.000000000000000000e+00
0.000000000000000000e+00
0.000000000000000000e+00
0.000000000000000000e+00
0.000000000000000000e+00
0.000000000000000000e+00
0.000000000000000000e+00
0.000000000000000000e+00
0.000000000000000000e+00
0.000000000000000000e+00
0.000000000000000000e+00
0.000000000000000000e+00
0.000000000000000000e+00
1.422619279714792961e+00
1.405830553902068791e+00
8.318858347284523447e+00
1.636892302801704346e+01
1.471860296544078928e+01
2.746211279270425010e+01
2.417284803396426085e+01
1.599930081735658227e+01
1.300245738270519880e+01
5.625584932286953332e+00
7.412222570026602675e+00
8.843283708194789483e+00
6.272387691999407267e+00
2.400480037068767114e+00
2.091404576604271703e+00
2.953159411897365416e+00
1.941130254236885122e+00
1.157490838042941617e+00
1.480992137362837413e+00
1.313448284188435178e+00
6.199869676957638909e-01
8.343638451080698237e-01
3.949364506685575371e-01
2.668993955478932145e-01
2.538739715383782070e-01
1.400725136506752178e-01
6.347643638385237763e-02
2.014160093722242723e-02
0.000000000000000000e+00
0.000000000000000000e+00
0.000000000000000000e+00
0.000000000000000000e+00
0.000000000000000000e+00
0.000000000000000000e+00
0.000000000000000000e+00
0.000000000000000000e+00
0.000000000000000000e+00
0.000000000000000000e+00
0.000000000000000000e+00
0.000000000000000000e+00
0.000000000000000000e+00
0.000000000000000000e+00
0.000000000000000000e+00
0.000000000000000000e+00
0.000000000000000000e+00
0.000000000000000000e+00
2.845238559429585923e+00
7.029152769510344179e+00
1.109181112971269734e+01
1.773299994701846316e+01
1.471860296544078928e+01
9.154037597568084550e+00
1.017804127745863596e+01
1.107643902740071162e+01
4.728166320983708815e+00
4.500467945829562666e+00
8.471111508601831375e+00
2.947761236064930124e+00
5.376332307428063118e+00
4.800960074137534228e+00
2.091404576604271703e+00
5.906318823794730610e-01
9.705651271184425610e-01
1.543321117390588748e+00
8.885952824177023590e-01
1.313448284188435178e+00
7.749837096197048636e-01
6.257728838310523400e-01
3.291137088904646513e-01
4.194133358609750672e-01
2.538739715383782070e-01
6.591647701208246113e-02
6.591783778323132004e-02
1.617431590413316231e-02
0.000000000000000000e+00
0.000000000000000000e+00
0.000000000000000000e+00
0.000000000000000000e+00
0.000000000000000000e+00
0.000000000000000000e+00
0.000000000000000000e+00
0.000000000000000000e+00
0.000000000000000000e+00
0.000000000000000000e+00
0.000000000000000000e+00
0.000000000000000000e+00
0.000000000000000000e+00
0.000000000000000000e+00
0.000000000000000000e+00
0.000000000000000000e+00
0.000000000000000000e+00
0.000000000000000000e+00
0.000000000000000000e+00
7.113096398573964585e+00
1.124664443121655033e+01
2.218362225942539467e+01
2.046115378502130255e+01
1.605665778048086167e+01
7.846317940772642885e+00
1.017804127745863596e+01
6.153577237444839199e+00
9.456332641967417629e+00
4.500467945829562666e+00
1.058888938575228922e+00
1.965174157376619934e+00
1.792110769142687854e+00
8.001600123562556677e-01
2.091404576604271703e+00
2.953159411897365416e+00
2.426412817796106403e+00
3.858302793476471870e-01
8.885952824177023590e-01
6.567241420942175889e-01
1.549967419239409727e-01
2.085909612770174559e-01
3.291137088904646513e-01
1.143854552348113895e-01
1.562301363313096658e-01
6.591647701208246113e-02
3.906242239006300215e-02
1.525878858880486827e-02
0.000000000000000000e+00
0.000000000000000000e+00
0.000000000000000000e+00
0.000000000000000000e+00
0.000000000000000000e+00
0.000000000000000000e+00
0.000000000000000000e+00
0.000000000000000000e+00
0.000000000000000000e+00
0.000000000000000000e+00
0.000000000000000000e+00
0.000000000000000000e+00
0.000000000000000000e+00
0.000000000000000000e+00
0.000000000000000000e+00
0.000000000000000000e+00
0.000000000000000000e+00
1.461243764860584493e+00
0.000000000000000000e+00
1.006068327345037083e+01
1.564881207686272191e+01
2.530494997023723869e+01
2.218362225942539467e+01
2.182523070402272225e+01
4.014164445120215419e+00
3.923158970386321442e+00
8.905786117776306909e+00
1.230715447488967884e+00
2.364083160491854407e+00
5.625584932286953332e+00
2.117777877150457844e+00
1.965174157376619934e+00
1.792110769142687854e+00
0.000000000000000000e+00
6.971348588680905678e-01
5.906318823794730610e-01
9.705651271184425610e-01
1.543321117390588748e+00
2.369587419780539772e+00
6.567241420942175889e-01
1.549967419239409727e-01
0.000000000000000000e+00
6.582274177809292748e-02
3.050278806261637055e-01
7.811506816565483291e-02
5.767691738557215175e-02
4.150382378944193762e-02
1.464843704525267340e-02
0.000000000000000000e+00
0.000000000000000000e+00
0.000000000000000000e+00
0.000000000000000000e+00
0.000000000000000000e+00
0.000000000000000000e+00
0.000000000000000000e+00
0.000000000000000000e+00
0.000000000000000000e+00
0.000000000000000000e+00
0.000000000000000000e+00
0.000000000000000000e+00
0.000000000000000000e+00
0.000000000000000000e+00
0.000000000000000000e+00
0.000000000000000000e+00
0.000000000000000000e+00
0.000000000000000000e+00
1.461243764860584493e+00
2.900048006555250080e+00
5.748961870543069175e+00
1.280357351743313643e+01
9.840813877314481317e+00
9.705334738498610392e+00
4.092230757004260866e+00
9.366383705280501459e+00
3.923158970386321442e+00
5.089020638729317980e+00
2.461430894977935768e+00
2.364083160491854407e+00
4.500467945829562666e+00
1.058888938575228922e+00
0.000000000000000000e+00
3.584221538285375708e+00
0.000000000000000000e+00
0.000000000000000000e+00
1.771895647138419072e+00
1.941130254236885122e+00
7.716605586952943741e-01
2.961984274725674715e-01
4.378160947294784111e-01
4.649902257718229182e-01
5.214774031925436537e-01
6.582274177809292748e-02
1.525139403130818527e-01
7.811506816565483291e-02
4.943735775906184238e-02
5.126942938695769336e-02
1.007080046861121361e-02
0.000000000000000000e+00
0.000000000000000000e+00
0.000000000000000000e+00
0.000000000000000000e+00
0.000000000000000000e+00
0.000000000000000000e+00
0.000000000000000000e+00
0.000000000000000000e+00
0.000000000000000000e+00
0.000000000000000000e+00
0.000000000000000000e+00
0.000000000000000000e+00
0.000000000000000000e+00
0.000000000000000000e+00
0.000000000000000000e+00
0.000000000000000000e+00
0.000000000000000000e+00
0.000000000000000000e+00
1.471127674303734700e+00
4.383731294581753701e+00
1.160019202622100032e+01
7.186202338178836690e+00
5.690477118859171846e+00
1.265247498511861934e+01
9.705334738498610392e+00
1.364076919001420141e+00
2.676109630080143464e+00
3.923158970386321442e+00
1.272255159682329495e+00
1.230715447488967884e+00
1.182041580245927204e+00
2.250233972914781333e+00
2.117777877150457844e+00
2.947761236064930124e+00
8.960553845713439269e-01
0.000000000000000000e+00
6.971348588680905678e-01
5.906318823794730610e-01
9.705651271184425610e-01
1.157490838042941617e+00
2.961984274725674715e-01
2.189080473647392056e-01
3.099934838478819454e-01
0.000000000000000000e+00
1.316454835561858550e-01
1.143854552348113895e-01
9.764383520706854114e-02
4.119779813255153994e-02
2.685541539316831441e-02
8.544921609730726439e-03
0.000000000000000000e+00
0.000000000000000000e+00
0.000000000000000000e+00
0.000000000000000000e+00
0.000000000000000000e+00
0.000000000000000000e+00
0.000000000000000000e+00
0.000000000000000000e+00
0.000000000000000000e+00
0.000000000000000000e+00
0.000000000000000000e+00
0.000000000000000000e+00
0.000000000000000000e+00
0.000000000000000000e+00
0.000000000000000000e+00
0.000000000000000000e+00
0.000000000000000000e+00
0.000000000000000000e+00
0.000000000000000000e+00
2.942255348607469401e+00
5.844975059442337972e+00
1.595026403605387522e+01
1.293516420872190587e+01
5.690477118859171846e+00
7.029152769510344179e+00
2.772952782428174334e+00
5.456307676005680563e+00
2.676109630080143464e+00
3.923158970386321442e+00
0.000000000000000000e+00
2.461430894977935768e+00
1.182041580245927204e+00
0.000000000000000000e+00
2.117777877150457844e+00
2.947761236064930124e+00
8.960553845713439269e-01
4.800960074137534228e+00
6.971348588680905678e-01
0.000000000000000000e+00
1.455847690677663842e+00
0.000000000000000000e+00
5.923968549451349430e-01
0.000000000000000000e+00
3.099934838478819454e-01
1.042954806385087280e-01
2.632909671123717099e-01
1.906424253913523159e-01
1.171726022484822494e-01
8.239559626510307641e-03
1.464840839627362667e-02
8.850097381506823874e-03
0.000000000000000000e+00
0.000000000000000000e+00
0.000000000000000000e+00
0.000000000000000000e+00
0.000000000000000000e+00
0.000000000000000000e+00
0.000000000000000000e+00
0.000000000000000000e+00
0.000000000000000000e+00
0.000000000000000000e+00
0.000000000000000000e+00
0.000000000000000000e+00
0.000000000000000000e+00
0.000000000000000000e+00
0.000000000000000000e+00
0.000000000000000000e+00
0.000000000000000000e+00
0.000000000000000000e+00
0.000000000000000000e+00
1.479865982045772466e+00
7.355638371518673502e+00
2.191865647290876851e+01
1.740028803933149959e+01
4.311721402907301659e+00
4.267857839144379106e+00
1.405830553902068791e+00
2.772952782428174334e+00
2.728153838002840281e+00
1.338054815040071732e+00
2.615439313590881110e+00
1.272255159682329495e+00
0.000000000000000000e+00
0.000000000000000000e+00
1.125116986457390666e+00
3.176666815725686988e+00
1.965174157376619934e+00
8.960553845713439269e-01
0.000000000000000000e+00
1.394269717736181136e+00
0.000000000000000000e+00
9.705651271184425610e-01
7.716605586952943741e-01
8.885952824177023590e-01
2.189080473647392056e-01
0.000000000000000000e+00
2.085909612770174559e-01
1.974682253342787686e-01
1.525139403130818527e-01
1.952876704141370823e-02
2.471867887953092119e-02
1.708980979565256214e-02
4.272460804865363219e-03
0.000000000000000000e+00
0.000000000000000000e+00
0.000000000000000000e+00
0.000000000000000000e+00
0.000000000000000000e+00
0.000000000000000000e+00
0.000000000000000000e+00
0.000000000000000000e+00
0.000000000000000000e+00
0.000000000000000000e+00
0.000000000000000000e+00
0.000000000000000000e+00
0.000000000000000000e+00
0.000000000000000000e+00
0.000000000000000000e+00
0.000000000000000000e+00
0.000000000000000000e+00
0.000000000000000000e+00
0.000000000000000000e+00
0.000000000000000000e+00
4.439597946137316953e+00
8.826766045822408202e+00
1.168995011888467594e+01
4.350072009832874897e+00
2.874480935271534587e+00
0.000000000000000000e+00
1.405830553902068791e+00
0.000000000000000000e+00
1.364076919001420141e+00
5.352219260160286929e+00
0.000000000000000000e+00
1.272255159682329495e+00
0.000000000000000000e+00
1.182041580245927204e+00
3.375350959372171999e+00
0.000000000000000000e+00
0.000000000000000000e+00
8.960553845713439269e-01
1.600320024712511335e+00
6.971348588680905678e-01
0.000000000000000000e+00
9.705651271184425610e-01
0.000000000000000000e+00
2.961984274725674715e-01
6.567241420942175889e-01
1.549967419239409727e-01
2.085909612770174559e-01
0.000000000000000000e+00
7.625697015654092636e-02
1.952876704141370823e-02
2.471867887953092119e-02
1.220700699689468774e-02
7.019042750850240132e-03
0.000000000000000000e+00
0.000000000000000000e+00
0.000000000000000000e+00
0.000000000000000000e+00
0.000000000000000000e+00
0.000000000000000000e+00
0.000000000000000000e+00
0.000000000000000000e+00
0.000000000000000000e+00
0.000000000000000000e+00
0.000000000000000000e+00
0.000000000000000000e+00
0.000000000000000000e+00
0.000000000000000000e+00
0.000000000000000000e+00
0.000000000000000000e+00
0.000000000000000000e+00
0.000000000000000000e+00
0.000000000000000000e+00
1.494517789827305210e+00
2.975236072815895749e+00
8.879195892274633906e+00
1.176902139442987760e+01
5.844975059442337972e+00
1.450024003277625040e+00
0.000000000000000000e+00
2.845238559429585923e+00
2.811661107804137583e+00
2.772952782428174334e+00
0.000000000000000000e+00
2.676109630080143464e+00
0.000000000000000000e+00
0.000000000000000000e+00
0.000000000000000000e+00
0.000000000000000000e+00
1.125116986457390666e+00
0.000000000000000000e+00
0.000000000000000000e+00
8.960553845713439269e-01
0.000000000000000000e+00
0.000000000000000000e+00
5.906318823794730610e-01
0.000000000000000000e+00
0.000000000000000000e+00
0.000000000000000000e+00
0.000000000000000000e+00
1.549967419239409727e-01
3.128864419155261700e-01
1.316454835561858550e-01
3.812848507827046318e-02
7.811506816565483291e-02
8.239559626510307641e-03
4.882802798757875269e-03
4.272460804865363219e-03
0.000000000000000000e+00
0.000000000000000000e+00
0.000000000000000000e+00
0.000000000000000000e+00
0.000000000000000000e+00
0.000000000000000000e+00
0.000000000000000000e+00
0.000000000000000000e+00
0.000000000000000000e+00
0.000000000000000000e+00
0.000000000000000000e+00
0.000000000000000000e+00
0.000000000000000000e+00
0.000000000000000000e+00
0.000000000000000000e+00
0.000000000000000000e+00
0.000000000000000000e+00
0.000000000000000000e+00
0.000000000000000000e+00
3.001356539728552875e+00
7.472588949136525827e+00
1.190094429126358300e+01
4.439597946137316953e+00
1.471127674303734700e+00
4.383731294581753701e+00
1.450024003277625040e+00
1.437240467635767294e+00
0.000000000000000000e+00
0.000000000000000000e+00
2.772952782428174334e+00
1.364076919001420141e+00
0.000000000000000000e+00
0.000000000000000000e+00
0.000000000000000000e+00
0.000000000000000000e+00
0.000000000000000000e+00
1.125116986457390666e+00
1.058888938575228922e+00
0.000000000000000000e+00
0.000000000000000000e+00
0.000000000000000000e+00
6.971348588680905678e-01
5.906318823794730610e-01
4.852825635592212805e-01
0.000000000000000000e+00
0.000000000000000000e+00
0.000000000000000000e+00
0.000000000000000000e+00
1.042954806385087280e-01
1.316454835561858550e-01
0.000000000000000000e+00
3.905753408282741646e-02
8.239559626510307641e-03
7.324204198136813337e-03
2.746581945984876479e-03
0.000000000000000000e+00
0.000000000000000000e+00
0.000000000000000000e+00
0.000000000000000000e+00
0.000000000000000000e+00
0.000000000000000000e+00
0.000000000000000000e+00
0.000000000000000000e+00
0.000000000000000000e+00
0.000000000000000000e+00
0.000000000000000000e+00
0.000000000000000000e+00
0.000000000000000000e+00
0.000000000000000000e+00
0.000000000000000000e+00
0.000000000000000000e+00
0.000000000000000000e+00
0.000000000000000000e+00
1.511150001924220776e+00
6.024780839914305020e+00
3.001356539728552875e+00
5.978071159309220839e+00
8.925708218447686804e+00
2.959731964091544931e+00
5.884510697214938801e+00
0.000000000000000000e+00
0.000000000000000000e+00
0.000000000000000000e+00
0.000000000000000000e+00
0.000000000000000000e+00
4.159429173642261723e+00
1.364076919001420141e+00
0.000000000000000000e+00
0.000000000000000000e+00
0.000000000000000000e+00
1.230715447488967884e+00
1.182041580245927204e+00
0.000000000000000000e+00
0.000000000000000000e+00
0.000000000000000000e+00
0.000000000000000000e+00
0.000000000000000000e+00
0.000000000000000000e+00
0.000000000000000000e+00
0.000000000000000000e+00
7.716605586952943741e-01
0.000000000000000000e+00
2.189080473647392056e-01
1.549967419239409727e-01
0.000000000000000000e+00
0.000000000000000000e+00
3.812848507827046318e-02
3.905753408282741646e-02
1.647911925302061528e-02
2.441401399378937635e-03
7.019042750850240132e-03
0.000000000000000000e+00
0.000000000000000000e+00
0.000000000000000000e+00
0.000000000000000000e+00
0.000000000000000000e+00
0.000000000000000000e+00
0.000000000000000000e+00
0.000000000000000000e+00
0.000000000000000000e+00
0.000000000000000000e+00
0.000000000000000000e+00
0.000000000000000000e+00
0.000000000000000000e+00
0.000000000000000000e+00
0.000000000000000000e+00
0.000000000000000000e+00
0.000000000000000000e+00
0.000000000000000000e+00
0.000000000000000000e+00
0.000000000000000000e+00
3.012390419957152510e+00
1.350610442877848882e+01
1.494517789827305210e+00
4.462854109223843402e+00
2.959731964091544931e+00
0.000000000000000000e+00
1.461243764860584493e+00
2.900048006555250080e+00
1.437240467635767294e+00
0.000000000000000000e+00
0.000000000000000000e+00
0.000000000000000000e+00
0.000000000000000000e+00
1.338054815040071732e+00
0.000000000000000000e+00
1.272255159682329495e+00
0.000000000000000000e+00
1.182041580245927204e+00
0.000000000000000000e+00
0.000000000000000000e+00
9.825870786883099672e-01
8.960553845713439269e-01
0.000000000000000000e+00
0.000000000000000000e+00
5.906318823794730610e-01
0.000000000000000000e+00
0.000000000000000000e+00
0.000000000000000000e+00
2.189080473647392056e-01
1.549967419239409727e-01
0.000000000000000000e+00
0.000000000000000000e+00
3.812848507827046318e-02
1.952876704141370823e-02
8.239559626510307641e-03
4.882802798757875269e-03
3.356933489537071349e-03
0.000000000000000000e+00
0.000000000000000000e+00
0.000000000000000000e+00
0.000000000000000000e+00
0.000000000000000000e+00
0.000000000000000000e+00
0.000000000000000000e+00
0.000000000000000000e+00
0.000000000000000000e+00
0.000000000000000000e+00
0.000000000000000000e+00
0.000000000000000000e+00
0.000000000000000000e+00
0.000000000000000000e+00
0.000000000000000000e+00
0.000000000000000000e+00
0.000000000000000000e+00
0.000000000000000000e+00
1.519640995800313421e+00
0.000000000000000000e+00
0.000000000000000000e+00
3.012390419957152510e+00
7.503391349321382187e+00
5.978071159309220839e+00
2.975236072815895749e+00
4.439597946137316953e+00
2.942255348607469401e+00
0.000000000000000000e+00
0.000000000000000000e+00
0.000000000000000000e+00
1.422619279714792961e+00
0.000000000000000000e+00
0.000000000000000000e+00
1.364076919001420141e+00
1.338054815040071732e+00
0.000000000000000000e+00
1.272255159682329495e+00
0.000000000000000000e+00
0.000000000000000000e+00
0.000000000000000000e+00
1.058888938575228922e+00
9.825870786883099672e-01
0.000000000000000000e+00
0.000000000000000000e+00
0.000000000000000000e+00
5.906318823794730610e-01
0.000000000000000000e+00
3.858302793476471870e-01
0.000000000000000000e+00
0.000000000000000000e+00
1.549967419239409727e-01
0.000000000000000000e+00
0.000000000000000000e+00
0.000000000000000000e+00
1.952876704141370823e-02
0.000000000000000000e+00
7.324204198136813337e-03
2.441406174208779045e-03
0.000000000000000000e+00
0.000000000000000000e+00
0.000000000000000000e+00
0.000000000000000000e+00
0.000000000000000000e+00
0.000000000000000000e+00
0.000000000000000000e+00
0.000000000000000000e+00
0.000000000000000000e+00
0.000000000000000000e+00
0.000000000000000000e+00
0.000000000000000000e+00
0.000000000000000000e+00
0.000000000000000000e+00
0.000000000000000000e+00
0.000000000000000000e+00
0.000000000000000000e+00
0.000000000000000000e+00
0.000000000000000000e+00
1.519640995800313421e+00
4.546836305209025042e+00
6.044600007696883104e+00
3.012390419957152510e+00
1.500678269864276437e+00
1.494517789827305210e+00
1.487618036407947875e+00
2.959731964091544931e+00
0.000000000000000000e+00
0.000000000000000000e+00
0.000000000000000000e+00
0.000000000000000000e+00
0.000000000000000000e+00
0.000000000000000000e+00
1.386476391214087167e+00
0.000000000000000000e+00
0.000000000000000000e+00
0.000000000000000000e+00
0.000000000000000000e+00
0.000000000000000000e+00
0.000000000000000000e+00
0.000000000000000000e+00
0.000000000000000000e+00
0.000000000000000000e+00
0.000000000000000000e+00
0.000000000000000000e+00
6.971348588680905678e-01
0.000000000000000000e+00
4.852825635592212805e-01
0.000000000000000000e+00
0.000000000000000000e+00
0.000000000000000000e+00
0.000000000000000000e+00
0.000000000000000000e+00
0.000000000000000000e+00
0.000000000000000000e+00
0.000000000000000000e+00
8.239559626510307641e-03
0.000000000000000000e+00
2.441406174208779045e-03
0.000000000000000000e+00
0.000000000000000000e+00
0.000000000000000000e+00
0.000000000000000000e+00
0.000000000000000000e+00
0.000000000000000000e+00
0.000000000000000000e+00
0.000000000000000000e+00
0.000000000000000000e+00
0.000000000000000000e+00
0.000000000000000000e+00
0.000000000000000000e+00
0.000000000000000000e+00
0.000000000000000000e+00
0.000000000000000000e+00
0.000000000000000000e+00
0.000000000000000000e+00
0.000000000000000000e+00
0.000000000000000000e+00
0.000000000000000000e+00
0.000000000000000000e+00
4.546836305209025042e+00
3.022300003848441552e+00
0.000000000000000000e+00
1.500678269864276437e+00
4.483553369481915851e+00
0.000000000000000000e+00
1.479865982045772466e+00
1.471127674303734700e+00
0.000000000000000000e+00
0.000000000000000000e+00
1.437240467635767294e+00
1.422619279714792961e+00
0.000000000000000000e+00
0.000000000000000000e+00
0.000000000000000000e+00
0.000000000000000000e+00
0.000000000000000000e+00
0.000000000000000000e+00
0.000000000000000000e+00
0.000000000000000000e+00
0.000000000000000000e+00
0.000000000000000000e+00
0.000000000000000000e+00
0.000000000000000000e+00
0.000000000000000000e+00
6.971348588680905678e-01
0.000000000000000000e+00
4.852825635592212805e-01
0.000000000000000000e+00
2.961984274725674715e-01
0.000000000000000000e+00
0.000000000000000000e+00
2.085909612770174559e-01
0.000000000000000000e+00
0.000000000000000000e+00
1.952876704141370823e-02
8.239559626510307641e-03
9.765605597515750538e-03
6.103515435521947611e-04
0.000000000000000000e+00
0.000000000000000000e+00
0.000000000000000000e+00
0.000000000000000000e+00
0.000000000000000000e+00
0.000000000000000000e+00
0.000000000000000000e+00
0.000000000000000000e+00
0.000000000000000000e+00
0.000000000000000000e+00
0.000000000000000000e+00
0.000000000000000000e+00
0.000000000000000000e+00
0.000000000000000000e+00
0.000000000000000000e+00
0.000000000000000000e+00
0.000000000000000000e+00
0.000000000000000000e+00
0.000000000000000000e+00
0.000000000000000000e+00
7.616439062137052574e+00
1.519640995800313421e+00
4.546836305209025042e+00
1.511150001924220776e+00
1.506195209978576255e+00
0.000000000000000000e+00
0.000000000000000000e+00
1.487618036407947875e+00
0.000000000000000000e+00
0.000000000000000000e+00
0.000000000000000000e+00
2.900048006555250080e+00
1.437240467635767294e+00
0.000000000000000000e+00
0.000000000000000000e+00
0.000000000000000000e+00
0.000000000000000000e+00
0.000000000000000000e+00
1.307719656795440555e+00
0.000000000000000000e+00
0.000000000000000000e+00
0.000000000000000000e+00
0.000000000000000000e+00
0.000000000000000000e+00
0.000000000000000000e+00
0.000000000000000000e+00
0.000000000000000000e+00
6.971348588680905678e-01
0.000000000000000000e+00
0.000000000000000000e+00
0.000000000000000000e+00
2.961984274725674715e-01
2.189080473647392056e-01
0.000000000000000000e+00
0.000000000000000000e+00
0.000000000000000000e+00
3.812848507827046318e-02
1.952876704141370823e-02
0.000000000000000000e+00
2.441401399378937635e-03
9.155273153282920875e-04
0.000000000000000000e+00
0.000000000000000000e+00
0.000000000000000000e+00
0.000000000000000000e+00
0.000000000000000000e+00
0.000000000000000000e+00
0.000000000000000000e+00
0.000000000000000000e+00
0.000000000000000000e+00
0.000000000000000000e+00
0.000000000000000000e+00
0.000000000000000000e+00
0.000000000000000000e+00
0.000000000000000000e+00
0.000000000000000000e+00
0.000000000000000000e+00
0.000000000000000000e+00
0.000000000000000000e+00
0.000000000000000000e+00
1.529605657132143248e+00
0.000000000000000000e+00
7.616439062137052574e+00
3.039281991600626842e+00
1.515612101736341533e+00
1.511150001924220776e+00
3.012390419957152510e+00
1.500678269864276437e+00
0.000000000000000000e+00
0.000000000000000000e+00
0.000000000000000000e+00
0.000000000000000000e+00
0.000000000000000000e+00
0.000000000000000000e+00
1.437240467635767294e+00
0.000000000000000000e+00
0.000000000000000000e+00
0.000000000000000000e+00
0.000000000000000000e+00
0.000000000000000000e+00
1.307719656795440555e+00
0.000000000000000000e+00
0.000000000000000000e+00
0.000000000000000000e+00
0.000000000000000000e+00
0.000000000000000000e+00
0.000000000000000000e+00
0.000000000000000000e+00
0.000000000000000000e+00
0.000000000000000000e+00
0.000000000000000000e+00
0.000000000000000000e+00
0.000000000000000000e+00
0.000000000000000000e+00
0.000000000000000000e+00
0.000000000000000000e+00
1.042954806385087280e-01
6.582274177809292748e-02
0.000000000000000000e+00
3.905753408282741646e-02
0.000000000000000000e+00
0.000000000000000000e+00
9.155273153282920875e-04
0.000000000000000000e+00
0.000000000000000000e+00
0.000000000000000000e+00
0.000000000000000000e+00
0.000000000000000000e+00
0.000000000000000000e+00
0.000000000000000000e+00
0.000000000000000000e+00
0.000000000000000000e+00
0.000000000000000000e+00
0.000000000000000000e+00
0.000000000000000000e+00
0.000000000000000000e+00
0.000000000000000000e+00
0.000000000000000000e+00
0.000000000000000000e+00
0.000000000000000000e+00
0.000000000000000000e+00
1.534852417784438039e+00
0.000000000000000000e+00
1.529605657132143248e+00
4.579789941790400221e+00
3.046575624854821029e+00
0.000000000000000000e+00
0.000000000000000000e+00
0.000000000000000000e+00
0.000000000000000000e+00
0.000000000000000000e+00
1.494517789827305210e+00
0.000000000000000000e+00
0.000000000000000000e+00
0.000000000000000000e+00
0.000000000000000000e+00
1.450024003277625040e+00
0.000000000000000000e+00
1.422619279714792961e+00
0.000000000000000000e+00
0.000000000000000000e+00
0.000000000000000000e+00
0.000000000000000000e+00
0.000000000000000000e+00
0.000000000000000000e+00
0.000000000000000000e+00
0.000000000000000000e+00
0.000000000000000000e+00
0.000000000000000000e+00
0.000000000000000000e+00
0.000000000000000000e+00
0.000000000000000000e+00
0.000000000000000000e+00
0.000000000000000000e+00
0.000000000000000000e+00
0.000000000000000000e+00
0.000000000000000000e+00
0.000000000000000000e+00
0.000000000000000000e+00
0.000000000000000000e+00
0.000000000000000000e+00
3.812848507827046318e-02
0.000000000000000000e+00
0.000000000000000000e+00
2.441401399378937635e-03
3.051757717760973806e-04
0.000000000000000000e+00
0.000000000000000000e+00
0.000000000000000000e+00
0.000000000000000000e+00
0.000000000000000000e+00
0.000000000000000000e+00
0.000000000000000000e+00
0.000000000000000000e+00
0.000000000000000000e+00
0.000000000000000000e+00
0.000000000000000000e+00
0.000000000000000000e+00
0.000000000000000000e+00
0.000000000000000000e+00
0.000000000000000000e+00
0.000000000000000000e+00
0.000000000000000000e+00
0.000000000000000000e+00
0.000000000000000000e+00
0.000000000000000000e+00
0.000000000000000000e+00
1.529605657132143248e+00
4.579789941790400221e+00
3.046575624854821029e+00
0.000000000000000000e+00
1.515612101736341533e+00
0.000000000000000000e+00
0.000000000000000000e+00
0.000000000000000000e+00
0.000000000000000000e+00
0.000000000000000000e+00
0.000000000000000000e+00
0.000000000000000000e+00
0.000000000000000000e+00
0.000000000000000000e+00
0.000000000000000000e+00
1.422619279714792961e+00
0.000000000000000000e+00
0.000000000000000000e+00
1.364076919001420141e+00
0.000000000000000000e+00
0.000000000000000000e+00
0.000000000000000000e+00
0.000000000000000000e+00
0.000000000000000000e+00
0.000000000000000000e+00
0.000000000000000000e+00
0.000000000000000000e+00
0.000000000000000000e+00
8.001600123562556677e-01
0.000000000000000000e+00
0.000000000000000000e+00
0.000000000000000000e+00
0.000000000000000000e+00
0.000000000000000000e+00
0.000000000000000000e+00
0.000000000000000000e+00
0.000000000000000000e+00
0.000000000000000000e+00
3.812848507827046318e-02
0.000000000000000000e+00
0.000000000000000000e+00
0.000000000000000000e+00
1.220703087104389522e-03
0.000000000000000000e+00
