# pd_vector
0.000000000000000000e+00
0.000000000000000000e+00
0.000000000000000000e+00
0.000000000000000000e+00
0.000000000000000000e+00
0.000000000000000000e+00
0.000000000000000000e+00
0.000000000000000000e+00
0.000000000000000000e+00
0.000000000000000000e+00
0.000000000000000000e+00
0.000000000000000000e+00
0.000000000000000000e+00
6.713866979074142698e-03
0.000000000000000000e+00
0.000000000000000000e+00
0.000000000000000000e+00
0.000000000000000000e+00
0.000000000000000000e+00
1.831054630656584262e-02
0.000000000000000000e+00
0.000000000000000000e+00
0.000000000000000000e+00
0.000000000000000000e+00
0.000000000000000000e+00
0.000000000000000000e+00
4.580688334359221958e-01
0.000000000000000000e+00
0.000000000000000000e+00
0.000000000000000000e+00
0.000000000000000000e+00
0.000000000000000000e+00
0.000000000000000000e+00
0.000000000000000000e+00
1.446533158218701542e+00
0.000000000000000000e+00
0.000000000000000000e+00
0.000000000000000000e+00
0.000000000000000000e+00
0.000000000000000000e+00
0.000000000000000000e+00
0.000000000000000000e+00
2.856439637273356924e-01
5.281677082128917178e+00
0.000000000000000000e+00
0.000000000000000000e+00
0.000000000000000000e+00
0.000000000000000000e+00
0.000000000000000000e+00
0.000000000000000000e+00
0.000000000000000000e+00
8.239559626510307641e-03
2.233882280431727985e+00
8.122558341592608144e+00
0.000000000000000000e+00
0.000000000000000000e+00
0.000000000000000000e+00
0.000000000000000000e+00
0.000000000000000000e+00
0.000000000000000000e+00
0.000000000000000000e+00
0.000000000000000000e+00
3.378219446869226150e-01
3.945304661396363155e+00
8.006591548317690155e+00
0.000000000000000000e+00
0.000000000000000000e+00
0.000000000000000000e+00
0.000000000000000000e+00
0.000000000000000000e+00
0.000000000000000000e+00
0.000000000000000000e+00
0.000000000000000000e+00
3.905753408282741646e-02
1.639672365675551191e+00
5.109853128900116559e+00
8.054198968714761264e+00
0.000000000000000000e+00
0.000000000000000000e+00
0.000000000000000000e+00
0.000000000000000000e+00
0.000000000000000000e+00
0.000000000000000000e+00
0.000000000000000000e+00
0.000000000000000000e+00
0.000000000000000000e+00
3.515178067454467481e-01
2.727294236374911751e+00
7.412094648514454320e+00
7.947082272821352156e+00
0.000000000000000000e+00
0.000000000000000000e+00
0.000000000000000000e+00
0.000000000000000000e+00
0.000000000000000000e+00
0.000000000000000000e+00
0.000000000000000000e+00
0.000000000000000000e+00
0.000000000000000000e+00
1.143854552348113895e-01
1.640416431478751491e+00
6.583408141581736039e+00
9.599590302357983163e+00
7.496337657908055618e+00
0.000000000000000000e+00
0.000000000000000000e+00
0.000000000000000000e+00
0.000000000000000000e+00
0.000000000000000000e+00
0.000000000000000000e+00
0.000000000000000000e+00
0.000000000000000000e+00
0.000000000000000000e+00
6.582274177809292748e-02
1.143854552348113840e+00
5.487583538637252012e+00
1.104924945915032275e+01
1.103757572659217701e+01
6.766662387591407146e+00
0.000000000000000000e+00
0.000000000000000000e+00
0.000000000000000000e+00
0.000000000000000000e+00
0.000000000000000000e+00
0.000000000000000000e+00
0.000000000000000000e+00
0.000000000000000000e+00
0.000000000000000000e+00
0.000000000000000000e+00
3.291137088904646513e-01
3.584077597357423706e+00
1.154150132147550067e+01
1.636376541824947140e+01
1.120359102174994526e+01
6.025085262175490897e+00
0.000000000000000000e+00
0.000000000000000000e+00
0.000000000000000000e+00
0.000000000000000000e+00
0.000000000000000000e+00
0.000000000000000000e+00
0.000000000000000000e+00
0.000000000000000000e+00
0.000000000000000000e+00
0.000000000000000000e+00
3.128864419155261700e-01
3.356959830682739288e+00
9.227093388941451479e+00
1.829845471780464550e+01
1.839069708637100575e+01
1.086911903003502999e+01
5.206298666500221550e+00
0.000000000000000000e+00
0.000000000000000000e+00
0.000000000000000000e+00
0.000000000000000000e+00
0.000000000000000000e+00
0.000000000000000000e+00
0.000000000000000000e+00
0.000000000000000000e+00
0.000000000000000000e+00
0.000000000000000000e+00
0.000000000000000000e+00
2.503091535324209360e+00
9.610120299601566884e+00
2.074189588257913286e+01
2.388368209164896427e+01
1.836597840749147537e+01
9.973124716462960393e+00
4.308471545934942526e+00
0.000000000000000000e+00
0.000000000000000000e+00
0.000000000000000000e+00
0.000000000000000000e+00
0.000000000000000000e+00
0.000000000000000000e+00
0.000000000000000000e+00
0.000000000000000000e+00
0.000000000000000000e+00
0.000000000000000000e+00
0.000000000000000000e+00
4.649902257718229182e-01
5.006183070648418720e+00
1.678479915341369733e+01
2.775753713698089697e+01
2.595373139803881912e+01
1.765737627961159006e+01
8.940411924525669463e+00
3.613586313600769095e+00
0.000000000000000000e+00
0.000000000000000000e+00
0.000000000000000000e+00
0.000000000000000000e+00
0.000000000000000000e+00
0.000000000000000000e+00
0.000000000000000000e+00
0.000000000000000000e+00
0.000000000000000000e+00
0.000000000000000000e+00
0.000000000000000000e+00
8.756321894589568222e-01
5.269889225413993294e+00
1.470566277002973088e+01
2.902782912413898231e+01
3.023588866706847611e+01
2.462577523922268696e+01
1.563868417111656406e+01
7.485336690495822509e+00
2.937621979116713522e+00
0.000000000000000000e+00
0.000000000000000000e+00
0.000000000000000000e+00
0.000000000000000000e+00
0.000000000000000000e+00
0.000000000000000000e+00
0.000000000000000000e+00
0.000000000000000000e+00
0.000000000000000000e+00
0.000000000000000000e+00
0.000000000000000000e+00
0.000000000000000000e+00
3.721436805200566411e+00
1.363971328930680471e+01
3.055857582708305742e+01
3.955946780863384760e+01
3.240921231652989576e+01
2.318064647815807078e+01
1.354583602598294512e+01
6.281725800602006693e+00
2.380065844081783677e+00
0.000000000000000000e+00
0.000000000000000000e+00
0.000000000000000000e+00
0.000000000000000000e+00
0.000000000000000000e+00
0.000000000000000000e+00
0.000000000000000000e+00
0.000000000000000000e+00
0.000000000000000000e+00
0.000000000000000000e+00
0.000000000000000000e+00
7.716605586952943741e-01
1.184793709890269886e+00
9.631954084048524933e+00
2.898439073977696268e+01
4.119671485221094542e+01
4.120503635308617163e+01
2.977834684612923155e+01
2.023180265490460172e+01
1.095037474363219943e+01
5.009755671525580212e+00
1.936950623462890153e+00
0.000000000000000000e+00
0.000000000000000000e+00
0.000000000000000000e+00
0.000000000000000000e+00
0.000000000000000000e+00
0.000000000000000000e+00
0.000000000000000000e+00
0.000000000000000000e+00
0.000000000000000000e+00
0.000000000000000000e+00
0.000000000000000000e+00
0.000000000000000000e+00
2.314981676085883233e+00
7.997357541759321897e+00
2.670678177849818269e+01
4.029915290022465513e+01
5.027042166776120524e+01
4.304807312287277199e+01
2.676619652494586532e+01
1.683379718969861472e+01
9.154150745052952232e+00
4.240714230721214228e+00
1.563110303037170690e+00
0.000000000000000000e+00
0.000000000000000000e+00
0.000000000000000000e+00
0.000000000000000000e+00
0.000000000000000000e+00
0.000000000000000000e+00
0.000000000000000000e+00
0.000000000000000000e+00
0.000000000000000000e+00
0.000000000000000000e+00
0.000000000000000000e+00
0.000000000000000000e+00
9.705651271184425610e-01
5.787454190214707417e+00
2.991604117472931534e+01
4.815977042024262289e+01
5.564383035069480599e+01
4.881028493882208608e+01
3.304301637260265068e+01
2.261019165141438592e+01
1.413882733798352476e+01
7.242572911702560567e+00
3.347161318548523390e+00
1.213378868581763248e+00
0.000000000000000000e+00
0.000000000000000000e+00
0.000000000000000000e+00
0.000000000000000000e+00
0.000000000000000000e+00
0.000000000000000000e+00
0.000000000000000000e+00
0.000000000000000000e+00
0.000000000000000000e+00
0.000000000000000000e+00
0.000000000000000000e+00
0.000000000000000000e+00
0.000000000000000000e+00
2.911695381355327683e+00
1.851985340868706587e+01
4.591075625824795736e+01
6.238879349895067605e+01
5.920875541494545047e+01
3.942369168135629565e+01
2.797466525568949436e+01
1.765348859123922409e+01
1.025260269674219771e+01
5.660577463412581167e+00
2.590326884741052993e+00
9.997558283384949673e-01
0.000000000000000000e+00
0.000000000000000000e+00
0.000000000000000000e+00
0.000000000000000000e+00
0.000000000000000000e+00
0.000000000000000000e+00
0.000000000000000000e+00
0.000000000000000000e+00
0.000000000000000000e+00
0.000000000000000000e+00
0.000000000000000000e+00
0.000000000000000000e+00
0.000000000000000000e+00
5.906318823794730832e+00
1.358791177965819585e+01
3.665387653802648060e+01
6.042447920440376663e+01
6.195097740422119870e+01
5.099392809297658147e+01
3.608623630092402124e+01
2.040504995120880594e+01
1.384064008341217900e+01
8.006794486979620373e+00
4.663590748604834246e+00
2.102046604865265511e+00
7.980346431944946861e-01
0.000000000000000000e+00
0.000000000000000000e+00
0.000000000000000000e+00
0.000000000000000000e+00
0.000000000000000000e+00
0.000000000000000000e+00
0.000000000000000000e+00
0.000000000000000000e+00
0.000000000000000000e+00
0.000000000000000000e+00
0.000000000000000000e+00
0.000000000000000000e+00
8.001600123562556677e-01
3.485674294340452839e+00
9.450110118071568976e+00
3.348449688558626747e+01
6.173284469562354815e+01
6.309026505165687126e+01
5.231902332017266843e+01
3.704422131982189370e+01
2.774259784984332100e+01
1.671897641163560522e+01
1.033281945621129516e+01
6.620252027039247089e+00
3.452375483507819087e+00
1.647945944580782918e+00
6.582641397210420298e-01
0.000000000000000000e+00
0.000000000000000000e+00
0.000000000000000000e+00
0.000000000000000000e+00
0.000000000000000000e+00
0.000000000000000000e+00
0.000000000000000000e+00
0.000000000000000000e+00
0.000000000000000000e+00
0.000000000000000000e+00
0.000000000000000000e+00
0.000000000000000000e+00
0.000000000000000000e+00
8.001600123562556677e-01
9.062753165285176493e+00
3.543791294276838499e+01
5.920447275422499445e+01
6.906362000322884853e+01
5.775869335715065489e+01
4.443833361504206181e+01
3.316930277172336616e+01
2.075480064706323802e+01
1.573163528496420938e+01
8.388266717219501345e+00
5.331353402305942346e+00
2.900324988531628456e+00
1.337887966859657718e+00
5.517577953711840788e-01
0.000000000000000000e+00
0.000000000000000000e+00
0.000000000000000000e+00
0.000000000000000000e+00
0.000000000000000000e+00
0.000000000000000000e+00
0.000000000000000000e+00
0.000000000000000000e+00
0.000000000000000000e+00
0.000000000000000000e+00
0.000000000000000000e+00
0.000000000000000000e+00
0.000000000000000000e+00
0.000000000000000000e+00
6.401280098850045341e+00
2.718825949585553303e+01
5.256623753177310476e+01
6.502786351693565337e+01
6.018952357823295785e+01
4.650315311319309330e+01
3.590091976781722849e+01
2.510947219167843869e+01
1.637439046024586986e+01
1.224302997072528498e+01
7.282540649949658551e+00
4.315857516152429518e+00
2.265878897290334759e+00
1.054685404531701121e+00
3.851318239814349176e-01
0.000000000000000000e+00
0.000000000000000000e+00
0.000000000000000000e+00
0.000000000000000000e+00
0.000000000000000000e+00
0.000000000000000000e+00
0.000000000000000000e+00
0.000000000000000000e+00
0.000000000000000000e+00
0.000000000000000000e+00
0.000000000000000000e+00
0.000000000000000000e+00
0.000000000000000000e+00
0.000000000000000000e+00
2.688166153714031559e+00
1.520304023476885824e+01
4.670803554416206538e+01
7.914467223884939528e+01
7.570407991523852331e+01
5.478789966736589889e+01
3.969058928132404418e+01
2.736350592059240228e+01
1.890960251472079889e+01
1.293263959917508288e+01
7.043033370255943559e+00
5.719272761740569422e+00
3.358947931123157815e+00
1.878619594844350038e+00
8.007796589962915546e-01
3.027343656018885998e-01
0.000000000000000000e+00
0.000000000000000000e+00
0.000000000000000000e+00
0.000000000000000000e+00
0.000000000000000000e+00
0.000000000000000000e+00
0.000000000000000000e+00
0.000000000000000000e+00
0.000000000000000000e+00
0.000000000000000000e+00
0.000000000000000000e+00
0.000000000000000000e+00
0.000000000000000000e+00
0.000000000000000000e+00
3.930348314753239869e+00
2.060927384514091187e+01
4.160832064252529250e+01
6.971348588680905323e+01
6.969456212077781743e+01
6.551314608049487731e+01
4.012634905215530523e+01
2.310347734286026267e+01
1.795045988390861424e+01
1.348471654738286496e+01
8.447933931719207479e+00
6.911387886699757566e+00
4.689803664627267388e+00
2.538739715383782070e+00
1.178257026590973977e+00
6.298815610397658915e-01
2.484130782257432668e-01
0.000000000000000000e+00
0.000000000000000000e+00
0.000000000000000000e+00
0.000000000000000000e+00
0.000000000000000000e+00
0.000000000000000000e+00
0.000000000000000000e+00
0.000000000000000000e+00
0.000000000000000000e+00
0.000000000000000000e+00
0.000000000000000000e+00
0.000000000000000000e+00
0.000000000000000000e+00
1.125116986457390666e+00
0.000000000000000000e+00
1.572139325901295948e+01
2.867377230628300566e+01
6.801360105028173564e+01
6.134786758039196997e+01
6.378824329698309015e+01
3.930788764829692639e+01
3.086642234781177407e+01
2.251108048791512672e+01
1.313448284188435267e+01
1.069477519275192634e+01
7.926456528526663270e+00
4.870882891578876439e+00
2.783379410713743951e+00
2.206750675679749030e+00
1.104100989952381262e+00
5.834949344515660830e-01
2.047729428617613423e-01
0.000000000000000000e+00
0.000000000000000000e+00
0.000000000000000000e+00
0.000000000000000000e+00
0.000000000000000000e+00
0.000000000000000000e+00
0.000000000000000000e+00
0.000000000000000000e+00
0.000000000000000000e+00
0.000000000000000000e+00
0.000000000000000000e+00
0.000000000000000000e+00
0.000000000000000000e+00
0.000000000000000000e+00
1.125116986457390666e+00
9.530000447177060963e+00
4.716417977703888198e+01
6.272387691999407622e+01
7.521504116148803121e+01
5.646792356831533510e+01
5.256623753177310476e+01
3.154336663134938235e+01
2.623645899564001027e+01
1.747570722088148187e+01
9.413046036683786255e+00
9.299804515436457919e+00
5.006183070648418720e+00
4.015187248463668368e+00
2.859636380870284711e+00
1.757589033727233740e+00
8.239559626510307710e-01
3.881828225012510791e-01
1.535034132033769871e-01
0.000000000000000000e+00
0.000000000000000000e+00
0.000000000000000000e+00
0.000000000000000000e+00
0.000000000000000000e+00
0.000000000000000000e+00
0.000000000000000000e+00
0.000000000000000000e+00
0.000000000000000000e+00
0.000000000000000000e+00
0.000000000000000000e+00
0.000000000000000000e+00
0.000000000000000000e+00
0.000000000000000000e+00
2.364083160491854407e+00
4.500467945829562666e+00
2.541333452580549590e+01
5.993781179998691044e+01
5.734754461256601132e+01
6.721344103792547742e+01
4.182809153208543762e+01
2.716906658945575970e+01
2.280828048728340107e+01
1.504738089455823946e+01
1.658711193846377796e+01
9.850862131413263612e+00
8.524820805816753833e+00
3.754637302986314040e+00
2.435441445789438220e+00
1.906424253913523215e+00
1.093610954319167661e+00
7.086021278798864120e-01
3.076165763217461602e-01
1.300048787766174829e-01
0.000000000000000000e+00
0.000000000000000000e+00
0.000000000000000000e+00
0.000000000000000000e+00
0.000000000000000000e+00
0.000000000000000000e+00
0.000000000000000000e+00
0.000000000000000000e+00
0.000000000000000000e+00
0.000000000000000000e+00
0.000000000000000000e+00
0.000000000000000000e+00
0.000000000000000000e+00
0.000000000000000000e+00
0.000000000000000000e+00
2.364083160491854407e+00
2.250233972914781333e+01
5.823889162163759181e+01
5.699005056392197588e+01
4.749093538228122924e+01
4.160832064252529250e+01
3.206820350793216789e+01
2.421590717755839606e+01
1.941130254236885122e+01
1.196073865977706241e+01
6.812563831869051789e+00
5.034885089389002033e+00
4.804898999642170487e+00
2.398796054685700785e+00
2.237973220455159673e+00
1.296368492661195804e+00
9.178520509464442867e-01
5.520504949761906310e-01
2.929681679254725335e-01
1.095581020676189565e-01
0.000000000000000000e+00
0.000000000000000000e+00
0.000000000000000000e+00
0.000000000000000000e+00
0.000000000000000000e+00
0.000000000000000000e+00
0.000000000000000000e+00
0.000000000000000000e+00
0.000000000000000000e+00
0.000000000000000000e+00
0.000000000000000000e+00
0.000000000000000000e+00
0.000000000000000000e+00
0.000000000000000000e+00
0.000000000000000000e+00
3.692146342466903874e+00
1.536654054319705409e+01
5.738096630932692221e+01
6.353333631451373265e+01
5.600746348523367146e+01
3.763432615199644715e+01
2.640528040775643603e+01
2.230831548377889817e+01
2.008148400090208341e+01
1.601432459745430137e+01
9.259926704343532933e+00
5.331571694506214598e+00
4.597068994659522900e+00
2.944938096554878371e+00
2.711682496601226955e+00
1.645568544452323145e+00
1.487010918052548147e+00
7.225643805323072044e-01
4.696548987110875095e-01
2.221675273434833287e-01
8.605956764085946620e-02
0.000000000000000000e+00
0.000000000000000000e+00
0.000000000000000000e+00
0.000000000000000000e+00
0.000000000000000000e+00
0.000000000000000000e+00
0.000000000000000000e+00
0.000000000000000000e+00
0.000000000000000000e+00
0.000000000000000000e+00
0.000000000000000000e+00
0.000000000000000000e+00
0.000000000000000000e+00
0.000000000000000000e+00
0.000000000000000000e+00
2.544510319364658990e+00
1.353786992237864695e+01
4.255349688885338111e+01
5.963120028224170710e+01
4.235555754300915510e+01
3.930348314753239691e+01
2.508955076799762907e+01
2.000400030890639158e+01
1.394269717736181136e+01
1.299390141234840712e+01
4.852825635592212805e+00
6.173284469562354992e+00
7.404960686814186843e+00
2.626896568376870356e+00
2.479947870783055563e+00
1.877318651493157020e+00
1.579745802674230148e+00
1.067597582191572858e+00
5.468054771595838304e-01
3.131032658073916730e-01
1.586910909596309371e-01
6.805419710606971928e-02
0.000000000000000000e+00
0.000000000000000000e+00
0.000000000000000000e+00
0.000000000000000000e+00
0.000000000000000000e+00
0.000000000000000000e+00
0.000000000000000000e+00
0.000000000000000000e+00
0.000000000000000000e+00
0.000000000000000000e+00
0.000000000000000000e+00
0.000000000000000000e+00
0.000000000000000000e+00
0.000000000000000000e+00
1.338054815040071732e+00
2.615439313590881110e+00
7.633530958093976970e+00
3.199860163471316454e+01
4.609962162959116228e+01
4.387956247183823422e+01
3.070777921868164029e+01
2.652985112458436845e+01
1.881716307599822358e+01
1.440288022241260180e+01
5.577078870944724542e+00
9.450110118071568976e+00
5.338108199151434086e+00
3.472472514128824628e+00
3.554381129670809436e+00
1.532356331553174522e+00
1.704964161163350589e+00
2.085909612770174615e+00
5.265819342247434198e-01
5.337987910957864290e-01
4.882191760353427057e-01
2.471867887953092258e-01
1.220700699689468843e-01
5.401611160436923381e-02
0.000000000000000000e+00
0.000000000000000000e+00
0.000000000000000000e+00
0.000000000000000000e+00
0.000000000000000000e+00
0.000000000000000000e+00
0.000000000000000000e+00
0.000000000000000000e+00
0.000000000000000000e+00
0.000000000000000000e+00
0.000000000000000000e+00
0.000000000000000000e+00
0.000000000000000000e+00
0.000000000000000000e+00
0.000000000000000000e+00
4.014164445120215419e+00
7.846317940772642885e+00
3.689539963078755846e+01
4.553647155709181504e+01
3.664328898762374109e+01
2.475257370206259466e+01
2.753111240295595152e+01
1.572139325901295948e+01
1.433688615314150283e+01
8.001600123562557343e+00
4.879944012076633975e+00
6.496950706174203560e+00
2.911695381355327683e+00
1.929151396738235880e+00
2.073388992307972245e+00
2.407988521012131233e+00
2.014957645011232756e+00
1.147250287023596105e+00
5.265819342247434198e-01
6.100557612523274109e-01
2.538739715383782070e-01
1.565516329036958365e-01
1.245114713683258129e-01
4.882812348417558262e-02
0.000000000000000000e+00
0.000000000000000000e+00
0.000000000000000000e+00
0.000000000000000000e+00
0.000000000000000000e+00
0.000000000000000000e+00
0.000000000000000000e+00
0.000000000000000000e+00
0.000000000000000000e+00
0.000000000000000000e+00
0.000000000000000000e+00
0.000000000000000000e+00
0.000000000000000000e+00
0.000000000000000000e+00
0.000000000000000000e+00
1.364076919001420141e+00
1.070443852032057386e+01
3.007755210629513343e+01
4.071216510983454384e+01
3.446003252969109809e+01
2.482287318516447172e+01
3.262839260726433110e+01
2.011888983292934796e+01
7.860696629506479738e+00
6.272387691999407267e+00
6.401280098850045341e+00
4.879944012076633975e+00
3.543791294276838144e+00
3.396977944914548964e+00
3.472472514128824628e+00
1.480992137362837413e+00
8.756321894589568222e-01
1.239973935391527782e+00
1.042954806385087307e+00
9.215183848933009569e-01
5.337987910957864290e-01
3.905753408282741646e-01
2.059889906627576928e-01
8.544904897826281764e-02
3.448486221069900493e-02
0.000000000000000000e+00
0.000000000000000000e+00
0.000000000000000000e+00
0.000000000000000000e+00
0.000000000000000000e+00
0.000000000000000000e+00
0.000000000000000000e+00
0.000000000000000000e+00
0.000000000000000000e+00
0.000000000000000000e+00
0.000000000000000000e+00
0.000000000000000000e+00
0.000000000000000000e+00
0.000000000000000000e+00
0.000000000000000000e+00
0.000000000000000000e+00
6.820384595007100259e+00
2.007082222560107709e+01
3.269299141988601320e+01
4.452893058888152922e+01
2.584502439726832534e+01
2.836899792590225289e+01
1.125116986457390666e+01
1.058888938575228877e+01
6.878109550818169993e+00
6.272387691999407267e+00
4.800960074137534228e+00
2.788539435472362271e+00
2.953159411897365416e+00
4.852825635592212805e-01
2.314981676085883233e+00
1.184793709890269886e+00
1.094540236823696056e+00
1.084977193467586698e+00
1.251545767662104680e+00
6.582274177809293025e-01
4.194133358609750672e-01
1.367013692898959576e-01
1.235933943976546129e-01
5.615223218571556429e-02
3.173828026471412628e-02
0.000000000000000000e+00
0.000000000000000000e+00
0.000000000000000000e+00
0.000000000000000000e+00
0.000000000000000000e+00
0.000000000000000000e+00
0.000000000000000000e+00
0.000000000000000000e+00
0.000000000000000000e+00
0.000000000000000000e+00
0.000000000000000000e+00
0.000000000000000000e+00
0.000000000000000000e+00
0.000000000000000000e+00
0.000000000000000000e+00
1.405830553902068791e+00
2.772952782428174334e+00
1.500484610901562199e+01
2.408498667072129251e+01
2.746211279270425010e+01
2.162833771459960275e+01
9.845723579911743073e+00
1.300245738270519880e+01
1.012605287811651600e+01
8.471111508601831375e+00
6.878109550818169993e+00
4.480276922856719857e+00
2.400480037068767114e+00
4.182809153208543407e+00
2.362527529517892244e+00
9.705651271184425610e-01
2.314981676085883233e+00
1.777190564835404718e+00
1.751264378917913644e+00
1.549967419239409727e-01
1.042954806385087280e-01
3.949364506685575371e-01
3.050278806261637055e-01
1.171726022484822494e-01
8.239559626510307988e-02
7.568344338074706190e-02
2.319335865498340157e-02
0.000000000000000000e+00
0.000000000000000000e+00
0.000000000000000000e+00
0.000000000000000000e+00
0.000000000000000000e+00
0.000000000000000000e+00
0.000000000000000000e+00
0.000000000000000000e+00
0.000000000000000000e+00
0.000000000000000000e+00
0.000000000000000000e+00
0.000000000000000000e+00
0.000000000000000000e+00
0.000000000000000000e+00
0.000000000000000000e+00
0.000000000000000000e+00
0.000000000000000000e+00
1.109181112971269734e+01
2.591746146102698134e+01
3.077526074592164917e+01
1.569263588154528577e+01
3.816765479046988485e+00
3.692146342466903874e+00
5.910207901229636462e+00
6.750701918744343999e+00
5.294444692876144387e+00
9.825870786883099672e-01
1.792110769142687854e+00
4.000800061781278671e+00
2.091404576604271703e+00
1.181263764758946122e+00
9.705651271184425610e-01
3.858302793476471870e-01
1.184793709890269886e+00
1.532356331553174522e+00
4.649902257718229182e-01
3.128864419155261700e-01
1.316454835561858550e-01
1.143854552348113895e-01
1.562301363313096658e-01
9.063515589161338926e-02
4.394522518882088002e-02
2.105712825255071780e-02
0.000000000000000000e+00
0.000000000000000000e+00
0.000000000000000000e+00
0.000000000000000000e+00
0.000000000000000000e+00
0.000000000000000000e+00
0.000000000000000000e+00
0.000000000000000000e+00
0.000000000000000000e+00
0.000000000000000000e+00
0.000000000000000000e+00
0.000000000000000000e+00
0.000000000000000000e+00
0.000000000000000000e+00
0.000000000000000000e+00
0.000000000000000000e+00
5.690477118859171846e+00
1.827579720072689540e+01
2.911600421549583118e+01
1.636892302801704346e+01
1.204249333536064626e+01
7.846317940772642885e+00
8.905786117776306909e+00
3.692146342466903874e+00
5.910207901229636462e+00
7.875818905201734665e+00
4.235555754300915687e+00
9.825870786883099672e-01
1.792110769142687854e+00
0.000000000000000000e+00
2.091404576604271703e+00
1.771895647138419072e+00
9.705651271184425610e-01
0.000000000000000000e+00
5.923968549451349430e-01
2.189080473647392056e-01
7.749837096197048636e-01
1.042954806385087280e-01
1.316454835561858550e-01
2.668993955478932145e-01
1.757589033727233740e-01
7.415603663859277050e-02
4.882802798757875096e-02
1.953124939367023236e-02
0.000000000000000000e+00
0.000000000000000000e+00
0.000000000000000000e+00
0.000000000000000000e+00
0.000000000000000000e+00
0.000000000000000000e+00
0.000000000000000000e+00
0.000000000000000000e+00
0.000000000000000000e+00
0.000000000000000000e+00
0.000000000000000000e+00
0.000000000000000000e+00
0.000000000000000000e+00
0.000000000000000000e+00
0.000000000000000000e+00
0.000000000000000000e+00
4.311721402907301659e+00
8.535715678288758212e+00
1.546413609292275737e+01
1.247828752092678428e+01
1.364076919001420052e+01
9.366383705280501459e+00
7.846317940772642885e+00
5.089020638729317980e+00
2.461430894977935768e+00
1.182041580245927204e+00
4.500467945829562666e+00
0.000000000000000000e+00
0.000000000000000000e+00
1.792110769142687854e+00
1.600320024712511335e+00
1.394269717736181136e+00
1.181263764758946122e+00
4.852825635592212805e-01
3.858302793476471870e-01
2.961984274725674715e-01
4.378160947294784111e-01
3.099934838478819454e-01
2.085909612770174559e-01
3.291137088904646513e-01
1.906424253913523159e-01
3.905753408282741646e-02
7.415603663859277050e-02
7.324204198136813337e-02
1.251220664281999309e-02
0.000000000000000000e+00
0.000000000000000000e+00
0.000000000000000000e+00
0.000000000000000000e+00
0.000000000000000000e+00
0.000000000000000000e+00
0.000000000000000000e+00
0.000000000000000000e+00
0.000000000000000000e+00
0.000000000000000000e+00
0.000000000000000000e+00
0.000000000000000000e+00
0.000000000000000000e+00
0.000000000000000000e+00
0.000000000000000000e+00
1.461243764860584493e+00
0.000000000000000000e+00
1.006068327345037083e+01
1.849405063629230739e+01
2.952244163194344395e+01
1.247828752092678428e+01
1.091261535201136113e+01
4.014164445120215419e+00
2.615439313590881110e+00
1.272255159682329495e+00
2.461430894977935768e+00
2.364083160491854407e+00
4.500467945829562666e+00
2.117777877150457844e+00
9.825870786883099672e-01
2.688166153714031559e+00
8.001600123562556677e-01
2.788539435472362271e+00
1.181263764758946122e+00
4.852825635592212805e-01
3.858302793476471870e-01
2.961984274725674715e-01
4.378160947294784111e-01
7.749837096197048636e-01
5.214774031925436537e-01
6.582274177809292748e-02
7.625697015654092636e-02
9.764383520706854114e-02
1.153538347711443035e-01
2.441401399378937548e-02
1.281738241459609053e-02
0.000000000000000000e+00
0.000000000000000000e+00
0.000000000000000000e+00
0.000000000000000000e+00
0.000000000000000000e+00
0.000000000000000000e+00
0.000000000000000000e+00
0.000000000000000000e+00
0.000000000000000000e+00
0.000000000000000000e+00
0.000000000000000000e+00
0.000000000000000000e+00
0.000000000000000000e+00
0.000000000000000000e+00
0.000000000000000000e+00
0.000000000000000000e+00
1.461243764860584493e+00
5.800096013110500159e+00
1.580964514399344090e+01
4.267857839144379106e+00
5.623322215608275165e+00
1.386476391214087167e+00
4.092230757004260866e+00
4.014164445120215419e+00
5.230878627181762219e+00
5.089020638729317980e+00
1.230715447488967884e+00
1.182041580245927204e+00
2.250233972914781333e+00
1.058888938575228922e+00
0.000000000000000000e+00
0.000000000000000000e+00
0.000000000000000000e+00
6.971348588680905678e-01
0.000000000000000000e+00
1.455847690677663842e+00
0.000000000000000000e+00
0.000000000000000000e+00
2.189080473647392056e-01
3.099934838478819454e-01
5.214774031925436537e-01
1.974682253342787686e-01
1.525139403130818527e-01
7.811506816565483291e-02
2.471867887953092119e-02
2.685541539316831441e-02
1.007080046861121361e-02
0.000000000000000000e+00
0.000000000000000000e+00
0.000000000000000000e+00
0.000000000000000000e+00
0.000000000000000000e+00
0.000000000000000000e+00
0.000000000000000000e+00
0.000000000000000000e+00
0.000000000000000000e+00
0.000000000000000000e+00
0.000000000000000000e+00
0.000000000000000000e+00
0.000000000000000000e+00
0.000000000000000000e+00
0.000000000000000000e+00
0.000000000000000000e+00
2.942255348607469401e+00
7.306218824302922243e+00
8.700144019665749795e+00
1.868412607926497415e+01
8.535715678288758212e+00
8.434983323412412304e+00
2.772952782428174334e+00
1.364076919001420141e+00
1.338054815040071732e+00
1.307719656795440555e+00
3.816765479046988485e+00
1.230715447488967884e+00
1.182041580245927204e+00
1.125116986457390666e+00
0.000000000000000000e+00
1.965174157376619934e+00
8.960553845713439269e-01
0.000000000000000000e+00
0.000000000000000000e+00
0.000000000000000000e+00
4.852825635592212805e-01
0.000000000000000000e+00
0.000000000000000000e+00
2.189080473647392056e-01
3.099934838478819454e-01
2.085909612770174559e-01
2.632909671123717099e-01
7.625697015654092636e-02
7.811506816565483291e-02
3.295823850604123056e-02
1.464840839627362667e-02
8.850097381506823874e-03
0.000000000000000000e+00
0.000000000000000000e+00
0.000000000000000000e+00
0.000000000000000000e+00
0.000000000000000000e+00
0.000000000000000000e+00
0.000000000000000000e+00
0.000000000000000000e+00
0.000000000000000000e+00
0.000000000000000000e+00
0.000000000000000000e+00
0.000000000000000000e+00
0.000000000000000000e+00
0.000000000000000000e+00
0.000000000000000000e+00
0.000000000000000000e+00
0.000000000000000000e+00
5.884510697214938801e+00
2.045741270804818157e+01
1.740028803933149959e+01
1.293516420872190587e+01
1.422619279714792961e+00
0.000000000000000000e+00
1.386476391214087167e+00
0.000000000000000000e+00
2.676109630080143464e+00
1.307719656795440555e+00
0.000000000000000000e+00
0.000000000000000000e+00
1.182041580245927204e+00
0.000000000000000000e+00
0.000000000000000000e+00
0.000000000000000000e+00
8.960553845713439269e-01
0.000000000000000000e+00
0.000000000000000000e+00
5.906318823794730610e-01
0.000000000000000000e+00
0.000000000000000000e+00
0.000000000000000000e+00
4.378160947294784111e-01
4.649902257718229182e-01
0.000000000000000000e+00
1.974682253342787686e-01
3.812848507827046318e-02
7.811506816565483291e-02
8.239559626510307641e-03
9.765605597515750538e-03
5.493163891969752959e-03
0.000000000000000000e+00
0.000000000000000000e+00
0.000000000000000000e+00
0.000000000000000000e+00
0.000000000000000000e+00
0.000000000000000000e+00
0.000000000000000000e+00
0.000000000000000000e+00
0.000000000000000000e+00
0.000000000000000000e+00
0.000000000000000000e+00
0.000000000000000000e+00
0.000000000000000000e+00
0.000000000000000000e+00
0.000000000000000000e+00
0.000000000000000000e+00
0.000000000000000000e+00
4.439597946137316953e+00
1.324014906873361141e+01
1.607368141346642787e+01
2.900048006555250080e+00
2.874480935271534587e+00
4.267857839144379106e+00
4.217491661706206152e+00
1.386476391214087167e+00
0.000000000000000000e+00
0.000000000000000000e+00
1.307719656795440555e+00
0.000000000000000000e+00
0.000000000000000000e+00
0.000000000000000000e+00
0.000000000000000000e+00
0.000000000000000000e+00
9.825870786883099672e-01
0.000000000000000000e+00
0.000000000000000000e+00
0.000000000000000000e+00
5.906318823794730610e-01
0.000000000000000000e+00
3.858302793476471870e-01
0.000000000000000000e+00
2.189080473647392056e-01
3.099934838478819454e-01
2.085909612770174559e-01
6.582274177809292748e-02
3.812848507827046318e-02
3.905753408282741646e-02
3.295823850604123056e-02
1.953121119503150108e-02
4.272460804865363219e-03
0.000000000000000000e+00
0.000000000000000000e+00
0.000000000000000000e+00
0.000000000000000000e+00
0.000000000000000000e+00
0.000000000000000000e+00
0.000000000000000000e+00
0.000000000000000000e+00
0.000000000000000000e+00
0.000000000000000000e+00
0.000000000000000000e+00
0.000000000000000000e+00
0.000000000000000000e+00
0.000000000000000000e+00
0.000000000000000000e+00
0.000000000000000000e+00
1.494517789827305210e+00
4.462854109223843402e+00
4.439597946137316953e+00
5.884510697214938801e+00
2.922487529721168986e+00
1.450024003277625040e+00
1.437240467635767294e+00
1.422619279714792961e+00
2.811661107804137583e+00
0.000000000000000000e+00
2.728153838002840281e+00
1.338054815040071732e+00
1.307719656795440555e+00
0.000000000000000000e+00
0.000000000000000000e+00
0.000000000000000000e+00
0.000000000000000000e+00
0.000000000000000000e+00
0.000000000000000000e+00
0.000000000000000000e+00
1.600320024712511335e+00
0.000000000000000000e+00
0.000000000000000000e+00
0.000000000000000000e+00
3.858302793476471870e-01
2.961984274725674715e-01
2.189080473647392056e-01
1.549967419239409727e-01
1.042954806385087280e-01
6.582274177809292748e-02
1.143854552348113895e-01
5.858630112424112468e-02
1.647911925302061528e-02
1.708980979565256214e-02
5.493163891969752959e-03
0.000000000000000000e+00
0.000000000000000000e+00
0.000000000000000000e+00
0.000000000000000000e+00
0.000000000000000000e+00
0.000000000000000000e+00
0.000000000000000000e+00
0.000000000000000000e+00
0.000000000000000000e+00
0.000000000000000000e+00
0.000000000000000000e+00
0.000000000000000000e+00
0.000000000000000000e+00
0.000000000000000000e+00
0.000000000000000000e+00
0.000000000000000000e+00
0.000000000000000000e+00
1.494517789827305210e+00
8.925708218447686804e+00
7.399329910228862772e+00
2.942255348607469401e+00
2.922487529721168986e+00
1.450024003277625040e+00
1.437240467635767294e+00
0.000000000000000000e+00
0.000000000000000000e+00
2.772952782428174334e+00
0.000000000000000000e+00
4.014164445120215419e+00
0.000000000000000000e+00
0.000000000000000000e+00
1.230715447488967884e+00
0.000000000000000000e+00
0.000000000000000000e+00
0.000000000000000000e+00
1.965174157376619934e+00
0.000000000000000000e+00
0.000000000000000000e+00
0.000000000000000000e+00
5.906318823794730610e-01
4.852825635592212805e-01
3.858302793476471870e-01
2.961984274725674715e-01
0.000000000000000000e+00
1.549967419239409727e-01
2.085909612770174559e-01
0.000000000000000000e+00
7.625697015654092636e-02
3.905753408282741646e-02
1.647911925302061528e-02
9.765605597515750538e-03
5.493163891969752959e-03
0.000000000000000000e+00
0.000000000000000000e+00
0.000000000000000000e+00
0.000000000000000000e+00
0.000000000000000000e+00
0.000000000000000000e+00
0.000000000000000000e+00
0.000000000000000000e+00
0.000000000000000000e+00
0.000000000000000000e+00
0.000000000000000000e+00
0.000000000000000000e+00
0.000000000000000000e+00
0.000000000000000000e+00
0.000000000000000000e+00
0.000000000000000000e+00
1.506195209978576255e+00
7.503391349321382187e+00
5.978071159309220839e+00
7.438090182039739595e+00
4.439597946137316953e+00
2.942255348607469401e+00
5.844975059442337972e+00
0.000000000000000000e+00
1.437240467635767294e+00
1.422619279714792961e+00
0.000000000000000000e+00
1.386476391214087167e+00
0.000000000000000000e+00
1.338054815040071732e+00
1.307719656795440555e+00
0.000000000000000000e+00
0.000000000000000000e+00
1.182041580245927204e+00
1.125116986457390666e+00
1.058888938575228922e+00
0.000000000000000000e+00
0.000000000000000000e+00
8.001600123562556677e-01
6.971348588680905678e-01
5.906318823794730610e-01
4.852825635592212805e-01
0.000000000000000000e+00
0.000000000000000000e+00
0.000000000000000000e+00
0.000000000000000000e+00
1.042954806385087280e-01
1.316454835561858550e-01
7.625697015654092636e-02
1.171726022484822494e-01
2.471867887953092119e-02
4.882802798757875269e-03
4.577636576641460654e-03
0.000000000000000000e+00
0.000000000000000000e+00
0.000000000000000000e+00
0.000000000000000000e+00
0.000000000000000000e+00
0.000000000000000000e+00
0.000000000000000000e+00
0.000000000000000000e+00
0.000000000000000000e+00
0.000000000000000000e+00
0.000000000000000000e+00
0.000000000000000000e+00
0.000000000000000000e+00
0.000000000000000000e+00
0.000000000000000000e+00
0.000000000000000000e+00
0.000000000000000000e+00
1.506195209978576255e+00
1.350610442877848882e+01
5.978071159309220839e+00
7.438090182039739595e+00
4.439597946137316953e+00
0.000000000000000000e+00
0.000000000000000000e+00
0.000000000000000000e+00
0.000000000000000000e+00
0.000000000000000000e+00
0.000000000000000000e+00
1.386476391214087167e+00
0.000000000000000000e+00
0.000000000000000000e+00
1.307719656795440555e+00
0.000000000000000000e+00
0.000000000000000000e+00
0.000000000000000000e+00
0.000000000000000000e+00
0.000000000000000000e+00
0.000000000000000000e+00
0.000000000000000000e+00
0.000000000000000000e+00
0.000000000000000000e+00
0.000000000000000000e+00
0.000000000000000000e+00
0.000000000000000000e+00
0.000000000000000000e+00
2.189080473647392056e-01
1.549967419239409727e-01
0.000000000000000000e+00
0.000000000000000000e+00
3.812848507827046318e-02
1.952876704141370823e-02
1.647911925302061528e-02
4.882802798757875269e-03
1.220703087104389522e-03
0.000000000000000000e+00
0.000000000000000000e+00
0.000000000000000000e+00
0.000000000000000000e+00
0.000000000000000000e+00
0.000000000000000000e+00
0.000000000000000000e+00
0.000000000000000000e+00
0.000000000000000000e+00
0.000000000000000000e+00
0.000000000000000000e+00
0.000000000000000000e+00
0.000000000000000000e+00
0.000000000000000000e+00
0.000000000000000000e+00
0.000000000000000000e+00
0.000000000000000000e+00
6.044600007696883104e+00
9.037171259871456641e+00
6.002713079457105749e+00
5.978071159309220839e+00
0.000000000000000000e+00
1.479865982045772466e+00
1.471127674303734700e+00
1.461243764860584493e+00
0.000000000000000000e+00
1.437240467635767294e+00
1.422619279714792961e+00
1.405830553902068791e+00
0.000000000000000000e+00
0.000000000000000000e+00
0.000000000000000000e+00
0.000000000000000000e+00
0.000000000000000000e+00
0.000000000000000000e+00
0.000000000000000000e+00
0.000000000000000000e+00
0.000000000000000000e+00
0.000000000000000000e+00
8.960553845713439269e-01
0.000000000000000000e+00
0.000000000000000000e+00
5.906318823794730610e-01
0.000000000000000000e+00
0.000000000000000000e+00
0.000000000000000000e+00
0.000000000000000000e+00
0.000000000000000000e+00
0.000000000000000000e+00
6.582274177809292748e-02
0.000000000000000000e+00
0.000000000000000000e+00
1.647911925302061528e-02
7.324204198136813337e-03
1.831054630656584175e-03
0.000000000000000000e+00
0.000000000000000000e+00
0.000000000000000000e+00
0.000000000000000000e+00
0.000000000000000000e+00
0.000000000000000000e+00
0.000000000000000000e+00
0.000000000000000000e+00
0.000000000000000000e+00
0.000000000000000000e+00
0.000000000000000000e+00
0.000000000000000000e+00
0.000000000000000000e+00
0.000000000000000000e+00
0.000000000000000000e+00
0.000000000000000000e+00
0.000000000000000000e+00
6.062448406945366131e+00
1.208920001539376621e+01
1.506195209978576255e+00
4.502034809592829312e+00
1.494517789827305210e+00
2.975236072815895749e+00
2.959731964091544931e+00
0.000000000000000000e+00
0.000000000000000000e+00
0.000000000000000000e+00
0.000000000000000000e+00
0.000000000000000000e+00
0.000000000000000000e+00
0.000000000000000000e+00
0.000000000000000000e+00
0.000000000000000000e+00
1.307719656795440555e+00
1.272255159682329495e+00
1.230715447488967884e+00
0.000000000000000000e+00
0.000000000000000000e+00
0.000000000000000000e+00
0.000000000000000000e+00
8.960553845713439269e-01
0.000000000000000000e+00
0.000000000000000000e+00
0.000000000000000000e+00
0.000000000000000000e+00
0.000000000000000000e+00
0.000000000000000000e+00
0.000000000000000000e+00
3.099934838478819454e-01
2.085909612770174559e-01
0.000000000000000000e+00
3.812848507827046318e-02
0.000000000000000000e+00
8.239559626510307641e-03
0.000000000000000000e+00
3.662109261313168350e-03
0.000000000000000000e+00
0.000000000000000000e+00
0.000000000000000000e+00
0.000000000000000000e+00
0.000000000000000000e+00
0.000000000000000000e+00
0.000000000000000000e+00
0.000000000000000000e+00
0.000000000000000000e+00
0.000000000000000000e+00
0.000000000000000000e+00
0.000000000000000000e+00
0.000000000000000000e+00
0.000000000000000000e+00
0.000000000000000000e+00
0.000000000000000000e+00
0.000000000000000000e+00
0.000000000000000000e+00
4.546836305209025042e+00
1.511150001924220776e+00
4.518585629935728321e+00
0.000000000000000000e+00
1.494517789827305210e+00
1.487618036407947875e+00
0.000000000000000000e+00
0.000000000000000000e+00
0.000000000000000000e+00
0.000000000000000000e+00
0.000000000000000000e+00
0.000000000000000000e+00
0.000000000000000000e+00
0.000000000000000000e+00
0.000000000000000000e+00
0.000000000000000000e+00
0.000000000000000000e+00
0.000000000000000000e+00
0.000000000000000000e+00
0.000000000000000000e+00
0.000000000000000000e+00
0.000000000000000000e+00
0.000000000000000000e+00
0.000000000000000000e+00
0.000000000000000000e+00
1.394269717736181136e+00
0.000000000000000000e+00
0.000000000000000000e+00
0.000000000000000000e+00
2.961984274725674715e-01
2.189080473647392056e-01
0.000000000000000000e+00
1.042954806385087280e-01
0.000000000000000000e+00
3.812848507827046318e-02
0.000000000000000000e+00
0.000000000000000000e+00
7.324204198136813337e-03
1.220703087104389522e-03
0.000000000000000000e+00
0.000000000000000000e+00
0.000000000000000000e+00
0.000000000000000000e+00
0.000000000000000000e+00
0.000000000000000000e+00
0.000000000000000000e+00
0.000000000000000000e+00
0.000000000000000000e+00
0.000000000000000000e+00
0.000000000000000000e+00
0.000000000000000000e+00
0.000000000000000000e+00
0.000000000000000000e+00
0.000000000000000000e+00
0.000000000000000000e+00
0.000000000000000000e+00
1.523287812427410515e+00
4.558922987400940485e+00
4.546836305209025042e+00
3.022300003848441552e+00
1.506195209978576255e+00
1.500678269864276437e+00
0.000000000000000000e+00
0.000000000000000000e+00
0.000000000000000000e+00
1.471127674303734700e+00
1.461243764860584493e+00
0.000000000000000000e+00
0.000000000000000000e+00
0.000000000000000000e+00
0.000000000000000000e+00
0.000000000000000000e+00
0.000000000000000000e+00
0.000000000000000000e+00
0.000000000000000000e+00
0.000000000000000000e+00
0.000000000000000000e+00
0.000000000000000000e+00
0.000000000000000000e+00
0.000000000000000000e+00
0.000000000000000000e+00
0.000000000000000000e+00
0.000000000000000000e+00
0.000000000000000000e+00
5.906318823794730610e-01
0.000000000000000000e+00
0.000000000000000000e+00
2.961984274725674715e-01
0.000000000000000000e+00
1.549967419239409727e-01
0.000000000000000000e+00
0.000000000000000000e+00
0.000000000000000000e+00
3.905753408282741646e-02
0.000000000000000000e+00
2.441401399378937635e-03
1.831054630656584175e-03
0.000000000000000000e+00
0.000000000000000000e+00
0.000000000000000000e+00
0.000000000000000000e+00
0.000000000000000000e+00
0.000000000000000000e+00
0.000000000000000000e+00
0.000000000000000000e+00
0.000000000000000000e+00
0.000000000000000000e+00
0.000000000000000000e+00
0.000000000000000000e+00
0.000000000000000000e+00
0.000000000000000000e+00
0.000000000000000000e+00
0.000000000000000000e+00
0.000000000000000000e+00
1.526596647263466888e+00
1.523287812427410515e+00
1.519640995800313421e+00
4.546836305209025042e+00
0.000000000000000000e+00
0.000000000000000000e+00
0.000000000000000000e+00
0.000000000000000000e+00
0.000000000000000000e+00
0.000000000000000000e+00
0.000000000000000000e+00
0.000000000000000000e+00
0.000000000000000000e+00
0.000000000000000000e+00
0.000000000000000000e+00
0.000000000000000000e+00
0.000000000000000000e+00
0.000000000000000000e+00
0.000000000000000000e+00
0.000000000000000000e+00
0.000000000000000000e+00
1.230715447488967884e+00
0.000000000000000000e+00
0.000000000000000000e+00
0.000000000000000000e+00
0.000000000000000000e+00
0.000000000000000000e+00
0.000000000000000000e+00
0.000000000000000000e+00
0.000000000000000000e+00
0.000000000000000000e+00
0.000000000000000000e+00
0.000000000000000000e+00
2.189080473647392056e-01
0.000000000000000000e+00
0.000000000000000000e+00
0.000000000000000000e+00
3.812848507827046318e-02
0.000000000000000000e+00
0.000000000000000000e+00
2.441401399378937635e-03
1.831054630656584175e-03
0.000000000000000000e+00
0.000000000000000000e+00
0.000000000000000000e+00
0.000000000000000000e+00
0.000000000000000000e+00
0.000000000000000000e+00
0.000000000000000000e+00
0.000000000000000000e+00
0.000000000000000000e+00
0.000000000000000000e+00
0.000000000000000000e+00
0.000000000000000000e+00
0.000000000000000000e+00
0.000000000000000000e+00
0.000000000000000000e+00
0.000000000000000000e+00
0.000000000000000000e+00
0.000000000000000000e+00
7.632983236317334885e+00
4.569863437282231544e+00
4.558922987400940485e+00
0.000000000000000000e+00
0.000000000000000000e+00
0.000000000000000000e+00
0.000000000000000000e+00
0.000000000000000000e+00
0.000000000000000000e+00
0.000000000000000000e+00
0.000000000000000000e+00
0.000000000000000000e+00
0.000000000000000000e+00
0.000000000000000000e+00
0.000000000000000000e+00
0.000000000000000000e+00
0.000000000000000000e+00
0.000000000000000000e+00
0.000000000000000000e+00
0.000000000000000000e+00
0.000000000000000000e+00
0.000000000000000000e+00
0.000000000000000000e+00
0.000000000000000000e+00
1.058888938575228922e+00
0.000000000000000000e+00
0.000000000000000000e+00
0.000000000000000000e+00
6.971348588680905678e-01
0.000000000000000000e+00
0.000000000000000000e+00
0.000000000000000000e+00
0.000000000000000000e+00
0.000000000000000000e+00
0.000000000000000000e+00
0.000000000000000000e+00
0.000000000000000000e+00
0.000000000000000000e+00
0.000000000000000000e+00
8.239559626510307641e-03
0.000000000000000000e+00
6.103515435521947611e-04
0.000000000000000000e+00
0.000000000000000000e+00
0.000000000000000000e+00
0.000000000000000000e+00
0.000000000000000000e+00
0.000000000000000000e+00
0.000000000000000000e+00
0.000000000000000000e+00
0.000000000000000000e+00
0.000000000000000000e+00
0.000000000000000000e+00
0.000000000000000000e+00
0.000000000000000000e+00
0.000000000000000000e+00
0.000000000000000000e+00
0.000000000000000000e+00
1.534852417784438039e+00
1.532347965967065351e+00
3.059211314264286496e+00
0.000000000000000000e+00
1.523287812427410515e+00
1.519640995800313421e+00
0.000000000000000000e+00
0.000000000000000000e+00
0.000000000000000000e+00
0.000000000000000000e+00
0.000000000000000000e+00
0.000000000000000000e+00
0.000000000000000000e+00
0.000000000000000000e+00
0.000000000000000000e+00
0.000000000000000000e+00
0.000000000000000000e+00
0.000000000000000000e+00
0.000000000000000000e+00
0.000000000000000000e+00
0.000000000000000000e+00
0.000000000000000000e+00
0.000000000000000000e+00
0.000000000000000000e+00
0.000000000000000000e+00
0.000000000000000000e+00
0.000000000000000000e+00
0.000000000000000000e+00
0.000000000000000000e+00
0.000000000000000000e+00
0.000000000000000000e+00
0.000000000000000000e+00
0.000000000000000000e+00
0.000000000000000000e+00
0.000000000000000000e+00
0.000000000000000000e+00
0.000000000000000000e+00
0.000000000000000000e+00
1.042954806385087280e-01
0.000000000000000000e+00
0.000000000000000000e+00
0.000000000000000000e+00
8.239559626510307641e-03
0.000000000000000000e+00
3.051757717760973806e-04
0.000000000000000000e+00
0.000000000000000000e+00
0.000000000000000000e+00
0.000000000000000000e+00
0.000000000000000000e+00
0.000000000000000000e+00
0.000000000000000000e+00
0.000000000000000000e+00
0.000000000000000000e+00
0.000000000000000000e+00
0.000000000000000000e+00
0.000000000000000000e+00
0.000000000000000000e+00
0.000000000000000000e+00
0.000000000000000000e+00
0.000000000000000000e+00
0.000000000000000000e+00
0.000000000000000000e+00
4.597043897901196274e+00
4.588816971396429523e+00
1.526596647263466888e+00
0.000000000000000000e+00
3.039281991600626842e+00
0.000000000000000000e+00
3.022300003848441552e+00
0.000000000000000000e+00
0.000000000000000000e+00
0.000000000000000000e+00
0.000000000000000000e+00
0.000000000000000000e+00
0.000000000000000000e+00
0.000000000000000000e+00
0.000000000000000000e+00
0.000000000000000000e+00
0.000000000000000000e+00
0.000000000000000000e+00
0.000000000000000000e+00
0.000000000000000000e+00
0.000000000000000000e+00
0.000000000000000000e+00
0.000000000000000000e+00
0.000000000000000000e+00
0.000000000000000000e+00
0.000000000000000000e+00
0.000000000000000000e+00
9.825870786883099672e-01
0.000000000000000000e+00
8.001600123562556677e-01
0.000000000000000000e+00
0.000000000000000000e+00
0.000000000000000000e+00
0.000000000000000000e+00
0.000000000000000000e+00
2.189080473647392056e-01
0.000000000000000000e+00
0.000000000000000000e+00
1.316454835561858550e-01
0.000000000000000000e+00
1.952876704141370823e-02
0.000000000000000000e+00
0.000000000000000000e+00
1.220703087104389522e-03
0.000000000000000000e+00
0.000000000000000000e+00
0.000000000000000000e+00
0.000000000000000000e+00
0.000000000000000000e+00
0.000000000000000000e+00
0.000000000000000000e+00
0.000000000000000000e+00
0.000000000000000000e+00
0.000000000000000000e+00
0.000000000000000000e+00
0.000000000000000000e+00
0.000000000000000000e+00
0.000000000000000000e+00
0.000000000000000000e+00
0.000000000000000000e+00
0.000000000000000000e+00
0.000000000000000000e+00
4.604557253353314117e+00
1.532347965967065351e+00
1.529605657132143248e+00
0.000000000000000000e+00
0.000000000000000000e+00
0.000000000000000000e+00
1.515612101736341533e+00
0.000000000000000000e+00
0.000000000000000000e+00
0.000000000000000000e+00
0.000000000000000000e+00
0.000000000000000000e+00
0.000000000000000000e+00
0.000000000000000000e+00
0.000000000000000000e+00
0.000000000000000000e+00
0.000000000000000000e+00
0.000000000000000000e+00
0.000000000000000000e+00
0.000000000000000000e+00
0.000000000000000000e+00
0.000000000000000000e+00
0.000000000000000000e+00
0.000000000000000000e+00
0.000000000000000000e+00
0.000000000000000000e+00
0.000000000000000000e+00
0.000000000000000000e+00
0.000000000000000000e+00
0.000000000000000000e+00
0.000000000000000000e+00
0.000000000000000000e+00
0.000000000000000000e+00
0.000000000000000000e+00
0.000000000000000000e+00
0.000000000000000000e+00
0.000000000000000000e+00
0.000000000000000000e+00
0.000000000000000000e+00
0.000000000000000000e+00
0.000000000000000000e+00
0.000000000000000000e+00
0.000000000000000000e+00
0.000000000000000000e+00
0.000000000000000000e+00
0.000000000000000000e+00
0.000000000000000000e+00
0.000000000000000000e+00
0.000000000000000000e+00
0.000000000000000000e+00
0.000000000000000000e+00
0.000000000000000000e+00
0.000000000000000000e+00
0.000000000000000000e+00
0.000000000000000000e+00
0.000000000000000000e+00
0.000000000000000000e+00
0.000000000000000000e+00
0.000000000000000000e+00
0.000000000000000000e+00
0.000000000000000000e+00
0.000000000000000000e+00
0.000000000000000000e+00
3.074288409476952033e+00
1.534852417784438039e+00
1.532347965967065351e+00
0.000000000000000000e+00
0.000000000000000000e+00
0.000000000000000000e+00
0.000000000000000000e+00
0.000000000000000000e+00
1.511150001924220776e+00
0.000000000000000000e+00
0.000000000000000000e+00
0.000000000000000000e+00
0.000000000000000000e+00
0.000000000000000000e+00
0.000000000000000000e+00
0.000000000000000000e+00
0.000000000000000000e+00
0.000000000000000000e+00
1.422619279714792961e+00
0.000000000000000000e+00
0.000000000000000000e+00
0.000000000000000000e+00
0.000000000000000000e+00
0.000000000000000000e+00
0.000000000000000000e+00
0.000000000000000000e+00
0.000000000000000000e+00
0.000000000000000000e+00
0.000000000000000000e+00
0.000000000000000000e+00
0.000000000000000000e+00
0.000000000000000000e+00
0.000000000000000000e+00
0.000000000000000000e+00
0.000000000000000000e+00
0.000000000000000000e+00
0.000000000000000000e+00
0.000000000000000000e+00
0.000000000000000000e+00
1.042954806385087280e-01
0.000000000000000000e+00
0.000000000000000000e+00
1.952876704141370823e-02
0.000000000000000000e+00
0.000000000000000000e+00
9.155273153282920875e-04
0.000000000000000000e+00
