# pd_vector
0.000000000000000000e+00
0.000000000000000000e+00
0.000000000000000000e+00
0.000000000000000000e+00
0.000000000000000000e+00
0.000000000000000000e+00
0.000000000000000000e+00
0.000000000000000000e+00
0.000000000000000000e+00
0.000000000000000000e+00
0.000000000000000000e+00
0.000000000000000000e+00
0.000000000000000000e+00
1.831054630656584175e-03
0.000000000000000000e+00
0.000000000000000000e+00
0.000000000000000000e+00
0.000000000000000000e+00
0.000000000000000000e+00
1.159667932749170079e-02
0.000000000000000000e+00
0.000000000000000000e+00
0.000000000000000000e+00
0.000000000000000000e+00
0.000000000000000000e+00
0.000000000000000000e+00
1.461791946807506348e-01
0.000000000000000000e+00
0.000000000000000000e+00
0.000000000000000000e+00
0.000000000000000000e+00
0.000000000000000000e+00
0.000000000000000000e+00
0.000000000000000000e+00
1.164855920869363626e+00
0.000000000000000000e+00
0.000000000000000000e+00
0.000000000000000000e+00
0.000000000000000000e+00
0.000000000000000000e+00
0.000000000000000000e+00
0.000000000000000000e+00
1.708980979565256214e-02
5.068664393429201276e+00
0.000000000000000000e+00
0.000000000000000000e+00
0.000000000000000000e+00
0.000000000000000000e+00
0.000000000000000000e+00
0.000000000000000000e+00
0.000000000000000000e+00
0.000000000000000000e+00
2.602533891737947691e+00
9.441528027208899942e+00
0.000000000000000000e+00
0.000000000000000000e+00
0.000000000000000000e+00
0.000000000000000000e+00
0.000000000000000000e+00
0.000000000000000000e+00
0.000000000000000000e+00
0.000000000000000000e+00
4.614153390845772140e-01
6.347643638385237708e+00
6.404723922264955682e+00
0.000000000000000000e+00
0.000000000000000000e+00
0.000000000000000000e+00
0.000000000000000000e+00
0.000000000000000000e+00
0.000000000000000000e+00
0.000000000000000000e+00
0.000000000000000000e+00
1.952876704141370823e-02
1.062903191819829729e+00
2.922357475056588161e+00
5.563964671021807362e+00
0.000000000000000000e+00
0.000000000000000000e+00
0.000000000000000000e+00
0.000000000000000000e+00
0.000000000000000000e+00
0.000000000000000000e+00
0.000000000000000000e+00
0.000000000000000000e+00
0.000000000000000000e+00
3.515178067454467481e-01
1.516078971277896592e+00
4.389639716083330256e+00
5.617065255310848215e+00
0.000000000000000000e+00
0.000000000000000000e+00
0.000000000000000000e+00
0.000000000000000000e+00
0.000000000000000000e+00
0.000000000000000000e+00
0.000000000000000000e+00
0.000000000000000000e+00
0.000000000000000000e+00
2.287709104696227791e-01
8.983232839050305785e-01
3.600687556785004517e+00
6.445299694360395293e+00
5.402221511980475732e+00
0.000000000000000000e+00
0.000000000000000000e+00
0.000000000000000000e+00
0.000000000000000000e+00
0.000000000000000000e+00
0.000000000000000000e+00
0.000000000000000000e+00
0.000000000000000000e+00
0.000000000000000000e+00
0.000000000000000000e+00
3.812848507827046318e-01
2.402038346093886112e+00
6.690522416726369492e+00
7.290024578545507339e+00
4.920654144117794004e+00
0.000000000000000000e+00
0.000000000000000000e+00
0.000000000000000000e+00
0.000000000000000000e+00
0.000000000000000000e+00
0.000000000000000000e+00
0.000000000000000000e+00
0.000000000000000000e+00
0.000000000000000000e+00
0.000000000000000000e+00
6.582274177809292748e-02
1.677653343443900269e+00
5.624284907927147970e+00
8.931682635137173421e+00
7.797836069616327137e+00
4.337158068481896223e+00
0.000000000000000000e+00
0.000000000000000000e+00
0.000000000000000000e+00
0.000000000000000000e+00
0.000000000000000000e+00
0.000000000000000000e+00
0.000000000000000000e+00
0.000000000000000000e+00
0.000000000000000000e+00
0.000000000000000000e+00
1.042954806385087280e-01
1.118986610227579837e+00
4.842317604940348907e+00
9.432394481002820186e+00
1.034064733127043567e+01
7.211899733765381626e+00
3.678893928760853971e+00
0.000000000000000000e+00
0.000000000000000000e+00
0.000000000000000000e+00
0.000000000000000000e+00
0.000000000000000000e+00
0.000000000000000000e+00
0.000000000000000000e+00
0.000000000000000000e+00
0.000000000000000000e+00
0.000000000000000000e+00
0.000000000000000000e+00
3.128864419155261700e-01
2.896200638236088754e+00
9.036450963550100468e+00
1.247888213946335867e+01
1.052191764305366206e+01
6.699205439895805192e+00
3.204650779420798568e+00
0.000000000000000000e+00
0.000000000000000000e+00
0.000000000000000000e+00
0.000000000000000000e+00
0.000000000000000000e+00
0.000000000000000000e+00
0.000000000000000000e+00
0.000000000000000000e+00
0.000000000000000000e+00
0.000000000000000000e+00
0.000000000000000000e+00
1.549967419239409727e-01
2.398796054685700785e+00
6.911387886699757566e+00
1.368812614309909570e+01
1.396306843461080049e+01
1.098333298213823994e+01
6.069323878856039300e+00
2.647399820157644967e+00
0.000000000000000000e+00
0.000000000000000000e+00
0.000000000000000000e+00
0.000000000000000000e+00
0.000000000000000000e+00
0.000000000000000000e+00
0.000000000000000000e+00
0.000000000000000000e+00
0.000000000000000000e+00
0.000000000000000000e+00
0.000000000000000000e+00
0.000000000000000000e+00
9.299804515436458363e-01
8.239342970442189440e+00
1.402024399873379323e+01
1.746284616584787130e+01
1.540819719567541668e+01
1.039008468902949822e+01
5.285634029655399857e+00
2.241210867923659311e+00
0.000000000000000000e+00
0.000000000000000000e+00
0.000000000000000000e+00
0.000000000000000000e+00
0.000000000000000000e+00
0.000000000000000000e+00
0.000000000000000000e+00
0.000000000000000000e+00
0.000000000000000000e+00
0.000000000000000000e+00
0.000000000000000000e+00
0.000000000000000000e+00
2.189080473647392111e+00
5.734879451185816102e+00
1.168109383151297820e+01
1.790378576364127738e+01
1.837792980772636398e+01
1.441223007656331667e+01
9.145911185426442103e+00
4.521475391649792286e+00
1.859435977431761255e+00
0.000000000000000000e+00
0.000000000000000000e+00
0.000000000000000000e+00
0.000000000000000000e+00
0.000000000000000000e+00
0.000000000000000000e+00
0.000000000000000000e+00
0.000000000000000000e+00
0.000000000000000000e+00
0.000000000000000000e+00
0.000000000000000000e+00
0.000000000000000000e+00
8.885952824177023590e-01
1.970172426282652767e+00
1.053977845082798659e+01
1.950325487940113334e+01
2.297213688055443015e+01
2.173323649461416451e+01
1.327956158816132159e+01
7.951175039582446757e+00
3.864738415216858236e+00
1.518859816129636719e+00
0.000000000000000000e+00
0.000000000000000000e+00
0.000000000000000000e+00
0.000000000000000000e+00
0.000000000000000000e+00
0.000000000000000000e+00
0.000000000000000000e+00
0.000000000000000000e+00
0.000000000000000000e+00
0.000000000000000000e+00
0.000000000000000000e+00
0.000000000000000000e+00
3.858302793476471870e-01
3.554381129670809436e+00
1.422902307870804783e+01
2.216453409512356032e+01
2.576098371771165674e+01
2.738226057968665828e+01
1.742471768076960004e+01
1.251793967354618786e+01
6.682282857099859363e+00
3.176263220591998060e+00
1.237487754552074826e+00
0.000000000000000000e+00
0.000000000000000000e+00
0.000000000000000000e+00
0.000000000000000000e+00
0.000000000000000000e+00
0.000000000000000000e+00
0.000000000000000000e+00
0.000000000000000000e+00
0.000000000000000000e+00
0.000000000000000000e+00
0.000000000000000000e+00
0.000000000000000000e+00
4.852825635592212805e-01
1.543321117390588748e+00
8.885952824177024922e+00
1.795045988390861424e+01
2.743442332053755095e+01
2.972421198197498882e+01
2.126074559432401401e+01
1.544203645669953673e+01
9.920613657038163780e+00
5.504025830508885164e+00
2.597651088939189723e+00
9.896850278698837711e-01
0.000000000000000000e+00
0.000000000000000000e+00
0.000000000000000000e+00
0.000000000000000000e+00
0.000000000000000000e+00
0.000000000000000000e+00
0.000000000000000000e+00
0.000000000000000000e+00
0.000000000000000000e+00
0.000000000000000000e+00
0.000000000000000000e+00
0.000000000000000000e+00
0.000000000000000000e+00
9.705651271184425610e-01
6.173284469562354992e+00
1.984529464066202209e+01
2.845804615741609567e+01
3.409928322326701533e+01
2.586527919835016576e+01
2.106327736898973768e+01
1.330684129231639190e+01
8.612186265263446217e+00
4.795423702628998974e+00
1.972652330698181578e+00
8.157348379575083408e-01
0.000000000000000000e+00
0.000000000000000000e+00
0.000000000000000000e+00
0.000000000000000000e+00
0.000000000000000000e+00
0.000000000000000000e+00
0.000000000000000000e+00
0.000000000000000000e+00
0.000000000000000000e+00
0.000000000000000000e+00
0.000000000000000000e+00
0.000000000000000000e+00
0.000000000000000000e+00
5.906318823794730610e-01
3.396977944914548964e+00
1.543321117390588704e+01
2.873124746483904346e+01
3.502528757835827378e+01
3.301430602979942819e+01
2.607387015962718024e+01
1.770631753830699751e+01
1.216298673996827695e+01
6.385906822542282590e+00
3.773718308941720778e+00
1.760250408952213963e+00
6.353759568378347655e-01
0.000000000000000000e+00
0.000000000000000000e+00
0.000000000000000000e+00
0.000000000000000000e+00
0.000000000000000000e+00
0.000000000000000000e+00
0.000000000000000000e+00
0.000000000000000000e+00
0.000000000000000000e+00
0.000000000000000000e+00
0.000000000000000000e+00
0.000000000000000000e+00
0.000000000000000000e+00
6.971348588680905678e-01
1.771895647138419072e+00
1.601432459745430137e+01
2.816561039237824460e+01
4.235637512857714881e+01
4.115471290457097098e+01
2.712442983668967145e+01
2.211064189536385172e+01
1.481011690007090920e+01
1.018030551589821364e+01
5.760986277217043927e+00
3.032157942555793184e+00
1.408688607441646923e+00
5.401611160436923242e-01
0.000000000000000000e+00
0.000000000000000000e+00
0.000000000000000000e+00
0.000000000000000000e+00
0.000000000000000000e+00
0.000000000000000000e+00
0.000000000000000000e+00
0.000000000000000000e+00
0.000000000000000000e+00
0.000000000000000000e+00
0.000000000000000000e+00
0.000000000000000000e+00
0.000000000000000000e+00
0.000000000000000000e+00
3.485674294340452839e+00
1.299390141234840712e+01
2.669054099575717132e+01
3.858302793476472203e+01
4.857654210550106200e+01
3.436856343626405419e+01
2.557446241745025972e+01
1.689586786343841496e+01
1.039999320093868285e+01
8.502652172454313373e+00
4.550202720649394017e+00
2.438909649447051020e+00
1.118161840915553373e+00
4.504394391415197374e-01
0.000000000000000000e+00
0.000000000000000000e+00
0.000000000000000000e+00
0.000000000000000000e+00
0.000000000000000000e+00
0.000000000000000000e+00
0.000000000000000000e+00
0.000000000000000000e+00
0.000000000000000000e+00
0.000000000000000000e+00
0.000000000000000000e+00
0.000000000000000000e+00
0.000000000000000000e+00
0.000000000000000000e+00
3.200640049425022671e+00
5.577078870944724542e+00
2.775969847183523243e+01
4.367543072032991347e+01
4.398465184563178099e+01
4.176397827363201287e+01
3.546310367308775113e+01
2.262952432089538135e+01
1.480995825066823990e+01
9.873411266713938872e+00
6.405585493149438037e+00
2.987901357336297359e+00
1.779744879326226492e+00
9.667949541540592495e-01
3.576660045215861450e-01
0.000000000000000000e+00
0.000000000000000000e+00
0.000000000000000000e+00
0.000000000000000000e+00
0.000000000000000000e+00
0.000000000000000000e+00
0.000000000000000000e+00
0.000000000000000000e+00
0.000000000000000000e+00
0.000000000000000000e+00
0.000000000000000000e+00
0.000000000000000000e+00
0.000000000000000000e+00
0.000000000000000000e+00
8.960553845713439269e-01
5.601120086493789785e+00
2.788539435472362271e+01
3.661917670752733045e+01
5.046938661015901317e+01
3.858302793476472203e+01
3.613620815165322853e+01
2.648787373113344401e+01
1.797962206317715328e+01
1.230686671534403054e+01
7.043033370255943559e+00
4.461032754157644220e+00
2.792613686922160277e+00
1.573755888663468827e+00
6.860337932254815252e-01
2.917480378179491129e-01
0.000000000000000000e+00
0.000000000000000000e+00
0.000000000000000000e+00
0.000000000000000000e+00
0.000000000000000000e+00
0.000000000000000000e+00
0.000000000000000000e+00
0.000000000000000000e+00
0.000000000000000000e+00
0.000000000000000000e+00
0.000000000000000000e+00
0.000000000000000000e+00
0.000000000000000000e+00
0.000000000000000000e+00
0.000000000000000000e+00
6.272387691999407267e+00
2.400480037068766848e+01
5.089084469737061056e+01
4.725055059035784666e+01
4.270486559321147269e+01
3.240974346520236082e+01
2.547306476264080288e+01
2.101517254701496284e+01
1.441469699892651057e+01
8.552229412357716498e+00
5.068351116913155430e+00
4.232261843688021052e+00
2.577797249466609486e+00
1.244173503603056563e+00
6.933579974236182553e-01
2.389526293006842550e-01
0.000000000000000000e+00
0.000000000000000000e+00
0.000000000000000000e+00
0.000000000000000000e+00
0.000000000000000000e+00
0.000000000000000000e+00
0.000000000000000000e+00
0.000000000000000000e+00
0.000000000000000000e+00
0.000000000000000000e+00
0.000000000000000000e+00
0.000000000000000000e+00
0.000000000000000000e+00
0.000000000000000000e+00
0.000000000000000000e+00
1.965174157376619934e+00
1.075266461485612624e+01
3.680736056838775738e+01
4.252522639095352730e+01
5.611002882604994113e+01
4.173430046609303190e+01
3.318140402389765597e+01
2.339967577033283064e+01
1.466683917343752697e+01
1.084977193467586787e+01
7.822161047888154251e+00
5.134173858691248427e+00
3.317178201809530158e+00
1.640416431478751491e+00
9.640284763017059610e-01
5.151356952689558621e-01
2.011108336004481800e-01
0.000000000000000000e+00
0.000000000000000000e+00
0.000000000000000000e+00
0.000000000000000000e+00
0.000000000000000000e+00
0.000000000000000000e+00
0.000000000000000000e+00
0.000000000000000000e+00
0.000000000000000000e+00
0.000000000000000000e+00
0.000000000000000000e+00
0.000000000000000000e+00
0.000000000000000000e+00
0.000000000000000000e+00
0.000000000000000000e+00
1.058888938575228922e+00
1.473880618032464973e+01
2.867377230628300566e+01
5.681136087729414896e+01
5.367938413284297638e+01
3.661917670752733045e+01
2.863167124999405644e+01
2.700811955433530187e+01
1.451372294615580572e+01
1.182103455769591704e+01
8.834814289664635112e+00
4.484705667455875400e+00
3.620250797795110831e+00
2.325837589774498060e+00
1.503715062188855534e+00
8.074768433980101801e-01
4.345694490894508877e-01
1.666259713897491612e-01
0.000000000000000000e+00
0.000000000000000000e+00
0.000000000000000000e+00
0.000000000000000000e+00
0.000000000000000000e+00
0.000000000000000000e+00
0.000000000000000000e+00
0.000000000000000000e+00
0.000000000000000000e+00
0.000000000000000000e+00
0.000000000000000000e+00
0.000000000000000000e+00
0.000000000000000000e+00
0.000000000000000000e+00
0.000000000000000000e+00
1.125116986457390666e+00
3.176666815725686988e+00
2.456467696720774896e+01
5.734754461256601132e+01
5.361072082786913029e+01
3.694814752000880276e+01
2.539717094231734151e+01
2.329356305084262146e+01
1.697653229129647556e+01
1.688331036593634593e+01
7.223965563036394144e+00
7.129850128501284523e+00
3.337455380432279295e+00
2.106327736898973679e+00
2.363966074852768884e+00
7.420931475737209126e-01
6.838834490003555810e-01
3.491204001111880562e-01
1.284789999177370079e-01
0.000000000000000000e+00
0.000000000000000000e+00
0.000000000000000000e+00
0.000000000000000000e+00
0.000000000000000000e+00
0.000000000000000000e+00
0.000000000000000000e+00
0.000000000000000000e+00
0.000000000000000000e+00
0.000000000000000000e+00
0.000000000000000000e+00
0.000000000000000000e+00
0.000000000000000000e+00
0.000000000000000000e+00
0.000000000000000000e+00
1.182041580245927204e+00
6.750701918744343999e+00
1.588333407862843316e+01
4.126865730490901996e+01
5.734754461256601132e+01
3.120624048189397115e+01
2.718825949585553303e+01
1.771895647138419250e+01
1.844073741525041044e+01
1.273239921847235756e+01
6.516365404396484706e+00
5.253793136753740711e+00
3.564925064250642261e+00
3.546046341709296890e+00
1.843036769786601914e+00
1.830167283756982233e+00
1.035024653194926536e+00
6.262065316147833460e-01
2.148433231453465153e-01
1.004028289143360370e-01
0.000000000000000000e+00
0.000000000000000000e+00
0.000000000000000000e+00
0.000000000000000000e+00
0.000000000000000000e+00
0.000000000000000000e+00
0.000000000000000000e+00
0.000000000000000000e+00
0.000000000000000000e+00
0.000000000000000000e+00
0.000000000000000000e+00
0.000000000000000000e+00
0.000000000000000000e+00
0.000000000000000000e+00
0.000000000000000000e+00
0.000000000000000000e+00
8.274291061721489982e+00
2.362745671560520577e+01
2.964889028010641070e+01
3.930348314753239691e+01
4.032249230571047605e+01
2.960592045718145826e+01
2.091404576604271881e+01
1.535642894186629981e+01
1.213206408898053112e+01
7.330775307605296831e+00
6.220166976923916735e+00
4.159252899930044656e+00
4.184912031946406152e+00
2.711682496601226955e+00
1.579745802674230148e+00
1.258240007582925202e+00
4.882191760353427057e-01
5.026131372171287470e-01
2.001949147490728886e-01
8.880614958684433791e-02
0.000000000000000000e+00
0.000000000000000000e+00
0.000000000000000000e+00
0.000000000000000000e+00
0.000000000000000000e+00
0.000000000000000000e+00
0.000000000000000000e+00
0.000000000000000000e+00
0.000000000000000000e+00
0.000000000000000000e+00
0.000000000000000000e+00
0.000000000000000000e+00
0.000000000000000000e+00
0.000000000000000000e+00
0.000000000000000000e+00
2.544510319364658990e+00
3.692146342466903874e+00
1.418449896295112644e+01
3.150327562080693866e+01
4.023777966585869592e+01
3.537313483277915793e+01
3.136193845999703811e+01
2.560512039540018137e+01
1.115415774188944908e+01
1.240326952996893439e+01
7.279238453388319208e+00
6.559114748910002568e+00
7.108762259341618872e+00
2.626896568376870356e+00
2.789941354630937731e+00
2.711682496601226955e+00
8.556956431152080711e-01
1.067597582191572858e+00
7.225643805323072044e-01
2.636659080483298445e-01
1.904293091515571468e-01
7.720947025935263885e-02
0.000000000000000000e+00
0.000000000000000000e+00
0.000000000000000000e+00
0.000000000000000000e+00
0.000000000000000000e+00
0.000000000000000000e+00
0.000000000000000000e+00
0.000000000000000000e+00
0.000000000000000000e+00
0.000000000000000000e+00
0.000000000000000000e+00
0.000000000000000000e+00
0.000000000000000000e+00
0.000000000000000000e+00
0.000000000000000000e+00
0.000000000000000000e+00
5.089020638729317980e+00
1.599930081735658227e+01
4.255349688885338111e+01
3.937909452600867155e+01
3.070777921868164029e+01
3.340796067540254199e+01
1.881716307599822358e+01
1.680336025948136935e+01
1.115415774188944908e+01
1.004074200045104170e+01
1.164678152542131073e+01
5.015793631519413154e+00
2.665785847253107299e+00
2.845804615741609478e+00
2.014957645011232756e+00
1.981614132131665817e+00
1.053163868449486840e+00
5.719272761740569200e-01
5.858630112424112468e-01
3.213428254339020240e-01
1.660152951577677505e-01
5.462646314792143215e-02
0.000000000000000000e+00
0.000000000000000000e+00
0.000000000000000000e+00
0.000000000000000000e+00
0.000000000000000000e+00
0.000000000000000000e+00
0.000000000000000000e+00
0.000000000000000000e+00
0.000000000000000000e+00
0.000000000000000000e+00
0.000000000000000000e+00
0.000000000000000000e+00
0.000000000000000000e+00
0.000000000000000000e+00
0.000000000000000000e+00
1.338054815040071732e+00
1.307719656795440555e+00
7.633530958093976970e+00
4.307504066211387794e+01
2.718695634565632702e+01
2.812792466143476844e+01
2.541333452580549590e+01
2.161691573114281795e+01
1.164871999942747038e+01
1.440288022241260180e+01
9.062753165285176493e+00
7.678214470933149904e+00
6.308673326269876647e+00
3.086642234781177496e+00
4.442976412088512461e+00
2.407988521012131233e+00
1.704964161163350589e+00
1.981614132131665817e+00
8.556956431152080711e-01
7.625697015654092636e-01
4.101041078696878728e-01
1.647911925302061598e-01
1.147458657708100710e-01
5.035400234305606459e-02
0.000000000000000000e+00
0.000000000000000000e+00
0.000000000000000000e+00
0.000000000000000000e+00
0.000000000000000000e+00
0.000000000000000000e+00
0.000000000000000000e+00
0.000000000000000000e+00
0.000000000000000000e+00
0.000000000000000000e+00
0.000000000000000000e+00
0.000000000000000000e+00
0.000000000000000000e+00
0.000000000000000000e+00
0.000000000000000000e+00
1.364076919001420141e+00
1.338054815040071732e+00
7.846317940772642885e+00
2.035608255491727192e+01
4.553647155709181504e+01
3.900737214811559994e+01
2.700280767497737600e+01
2.647222346438072194e+01
9.825870786883099228e+00
1.523294153771284698e+01
5.601120086493789785e+00
7.668483447548996246e+00
4.134423176656311760e+00
4.367543072032991525e+00
3.858302793476471759e+00
1.480992137362837413e+00
4.378160947294784111e-01
1.084977193467586698e+00
7.300683644695611374e-01
8.556956431152080711e-01
6.100557612523274109e-01
2.929315056212056234e-01
1.647911925302061598e-01
9.033185177702068858e-02
4.547118999463851258e-02
0.000000000000000000e+00
0.000000000000000000e+00
0.000000000000000000e+00
0.000000000000000000e+00
0.000000000000000000e+00
0.000000000000000000e+00
0.000000000000000000e+00
0.000000000000000000e+00
0.000000000000000000e+00
0.000000000000000000e+00
0.000000000000000000e+00
0.000000000000000000e+00
0.000000000000000000e+00
0.000000000000000000e+00
0.000000000000000000e+00
0.000000000000000000e+00
0.000000000000000000e+00
1.605665778048086167e+01
1.961579485193160721e+01
2.544510319364658812e+01
2.584502439726832534e+01
2.482287318516447172e+01
1.462652082394607866e+01
1.694222301720366275e+01
1.080845786557140897e+01
8.064498461142095564e+00
6.401280098850045341e+00
6.971348588680905678e+00
2.953159411897365416e+00
2.911695381355327683e+00
1.543321117390588748e+00
3.850579557143376963e+00
1.970172426282652767e+00
1.859960903087291673e+00
1.355841248300613477e+00
4.607591924466504785e-01
4.575418209392455582e-01
2.734027385797919152e-01
1.977494310362473695e-01
7.568344338074706190e-02
2.899169831872925110e-02
0.000000000000000000e+00
0.000000000000000000e+00
0.000000000000000000e+00
0.000000000000000000e+00
0.000000000000000000e+00
0.000000000000000000e+00
0.000000000000000000e+00
0.000000000000000000e+00
0.000000000000000000e+00
0.000000000000000000e+00
0.000000000000000000e+00
0.000000000000000000e+00
0.000000000000000000e+00
0.000000000000000000e+00
0.000000000000000000e+00
1.405830553902068791e+00
1.386476391214087167e+00
6.820384595007100259e+00
2.007082222560107709e+01
2.615439313590881198e+01
3.943990995015221301e+01
1.846073171233451760e+01
1.300245738270519880e+01
2.137722274269042089e+01
1.058888938575228877e+01
2.947761236064930124e+00
8.064498461142095564e+00
4.800960074137534228e+00
2.091404576604271703e+00
1.771895647138419072e+00
2.426412817796106403e+00
1.929151396738235880e+00
1.184793709890269886e+00
1.532356331553174522e+00
6.199869676957638909e-01
6.257728838310523400e-01
4.607591924466504785e-01
4.575418209392455582e-01
1.367013692898959576e-01
1.318329540241649223e-01
8.544904897826281764e-02
2.777099523162486136e-02
0.000000000000000000e+00
0.000000000000000000e+00
0.000000000000000000e+00
0.000000000000000000e+00
0.000000000000000000e+00
0.000000000000000000e+00
0.000000000000000000e+00
0.000000000000000000e+00
0.000000000000000000e+00
0.000000000000000000e+00
0.000000000000000000e+00
0.000000000000000000e+00
0.000000000000000000e+00
0.000000000000000000e+00
0.000000000000000000e+00
0.000000000000000000e+00
0.000000000000000000e+00
6.932381956070435614e+00
2.455338454202556164e+01
2.542304148576136313e+01
1.307719656795440599e+01
8.905786117776306909e+00
1.353786992237864695e+01
5.910207901229636462e+00
9.000935891659125332e+00
3.176666815725686988e+00
1.965174157376619934e+00
4.480276922856719857e+00
2.400480037068767114e+00
6.971348588680905678e-01
2.953159411897365416e+00
9.705651271184425610e-01
1.543321117390588748e+00
2.073388992307972245e+00
6.567241420942175889e-01
1.549967419239409727e+00
3.128864419155261700e-01
6.582274177809293025e-01
3.431563657044341964e-01
1.562301363313096658e-01
1.400725136506752178e-01
5.371083078633662883e-02
2.166747979610291266e-02
0.000000000000000000e+00
0.000000000000000000e+00
0.000000000000000000e+00
0.000000000000000000e+00
0.000000000000000000e+00
0.000000000000000000e+00
0.000000000000000000e+00
0.000000000000000000e+00
0.000000000000000000e+00
0.000000000000000000e+00
0.000000000000000000e+00
0.000000000000000000e+00
0.000000000000000000e+00
0.000000000000000000e+00
0.000000000000000000e+00
0.000000000000000000e+00
1.422619279714792961e+00
8.434983323412412304e+00
1.802419308578313206e+01
1.636892302801704346e+01
1.338054815040071688e+01
1.830807519513616910e+01
1.399480675650562489e+01
1.230715447488967840e+01
7.092249481475563222e+00
3.375350959372171999e+00
1.058888938575228922e+00
3.930348314753239869e+00
2.688166153714031559e+00
4.000800061781278671e+00
2.091404576604271703e+00
1.181263764758946122e+00
1.455847690677663842e+00
7.716605586952943741e-01
1.184793709890269886e+00
4.378160947294784111e-01
4.649902257718229182e-01
3.128864419155261700e-01
3.291137088904646513e-01
3.431563657044341964e-01
7.811506816565483291e-02
6.591647701208246113e-02
4.394522518882088002e-02
2.319335865498340157e-02
0.000000000000000000e+00
0.000000000000000000e+00
0.000000000000000000e+00
0.000000000000000000e+00
0.000000000000000000e+00
0.000000000000000000e+00
0.000000000000000000e+00
0.000000000000000000e+00
0.000000000000000000e+00
0.000000000000000000e+00
0.000000000000000000e+00
0.000000000000000000e+00
0.000000000000000000e+00
0.000000000000000000e+00
0.000000000000000000e+00
0.000000000000000000e+00
0.000000000000000000e+00
0.000000000000000000e+00
1.686996664682482461e+01
2.079714586821130595e+01
2.728153838002840104e+01
1.605665778048086167e+01
1.438491622474984588e+01
5.089020638729317980e+00
3.692146342466903874e+00
3.546124740737781611e+00
1.125116986457390666e+00
2.117777877150457844e+00
1.965174157376619934e+00
1.792110769142687854e+00
3.200640049425022671e+00
6.971348588680905678e-01
1.181263764758946122e+00
1.941130254236885122e+00
0.000000000000000000e+00
2.961984274725674715e-01
4.378160947294784111e-01
3.099934838478819454e-01
4.171819225540349119e-01
2.632909671123717099e-01
1.906424253913523159e-01
1.171726022484822494e-01
7.415603663859277050e-02
2.197261259441044001e-02
1.708984321946145288e-02
0.000000000000000000e+00
0.000000000000000000e+00
0.000000000000000000e+00
0.000000000000000000e+00
0.000000000000000000e+00
0.000000000000000000e+00
0.000000000000000000e+00
0.000000000000000000e+00
0.000000000000000000e+00
0.000000000000000000e+00
0.000000000000000000e+00
0.000000000000000000e+00
0.000000000000000000e+00
0.000000000000000000e+00
0.000000000000000000e+00
0.000000000000000000e+00
0.000000000000000000e+00
2.874480935271534587e+00
2.276190847543668738e+01
2.530494997023723869e+01
1.525124030335495817e+01
1.091261535201136113e+01
1.070443852032057386e+01
5.230878627181762219e+00
8.905786117776306909e+00
2.461430894977935768e+00
4.728166320983708815e+00
1.125116986457390666e+00
3.176666815725686988e+00
3.930348314753239869e+00
8.960553845713439269e-01
0.000000000000000000e+00
1.394269717736181136e+00
2.362527529517892244e+00
4.852825635592212805e-01
3.858302793476471870e-01
8.885952824177023590e-01
6.567241420942175889e-01
3.099934838478819454e-01
2.085909612770174559e-01
3.291137088904646513e-01
1.525139403130818527e-01
5.858630112424112468e-02
8.239559626510307988e-02
2.441401399378937548e-02
1.098632778393950592e-02
0.000000000000000000e+00
0.000000000000000000e+00
0.000000000000000000e+00
0.000000000000000000e+00
0.000000000000000000e+00
0.000000000000000000e+00
0.000000000000000000e+00
0.000000000000000000e+00
0.000000000000000000e+00
0.000000000000000000e+00
0.000000000000000000e+00
0.000000000000000000e+00
0.000000000000000000e+00
0.000000000000000000e+00
0.000000000000000000e+00
0.000000000000000000e+00
0.000000000000000000e+00
5.800096013110500159e+00
1.006068327345037083e+01
1.564881207686272191e+01
1.405830553902068836e+01
1.247828752092678428e+01
5.456307676005680563e+00
2.676109630080143464e+00
6.538598283977202996e+00
5.089020638729317980e+00
3.692146342466903874e+00
2.364083160491854407e+00
1.125116986457390666e+00
2.117777877150457844e+00
9.825870786883099672e-01
8.960553845713439269e-01
1.600320024712511335e+00
2.788539435472362271e+00
5.906318823794730610e-01
0.000000000000000000e+00
3.858302793476471870e-01
5.923968549451349430e-01
0.000000000000000000e+00
1.549967419239409727e-01
3.128864419155261700e-01
3.949364506685575371e-01
0.000000000000000000e+00
5.858630112424112468e-02
3.295823850604123056e-02
1.708980979565256214e-02
1.068115201216340848e-02
0.000000000000000000e+00
0.000000000000000000e+00
0.000000000000000000e+00
0.000000000000000000e+00
0.000000000000000000e+00
0.000000000000000000e+00
0.000000000000000000e+00
0.000000000000000000e+00
0.000000000000000000e+00
0.000000000000000000e+00
0.000000000000000000e+00
0.000000000000000000e+00
0.000000000000000000e+00
0.000000000000000000e+00
0.000000000000000000e+00
0.000000000000000000e+00
0.000000000000000000e+00
5.844975059442337972e+00
1.015016802294337595e+01
1.293516420872190587e+01
9.958334958003550952e+00
1.124664443121655033e+01
9.705334738498610392e+00
6.820384595007100259e+00
2.676109630080143464e+00
2.615439313590881110e+00
3.816765479046988485e+00
0.000000000000000000e+00
2.364083160491854407e+00
0.000000000000000000e+00
0.000000000000000000e+00
0.000000000000000000e+00
0.000000000000000000e+00
0.000000000000000000e+00
6.971348588680905678e-01
1.181263764758946122e+00
0.000000000000000000e+00
1.157490838042941617e+00
2.961984274725674715e-01
4.378160947294784111e-01
1.549967419239409727e-01
1.042954806385087280e-01
6.582274177809292748e-02
3.812848507827046318e-02
3.905753408282741646e-02
6.591647701208246113e-02
1.464840839627362667e-02
7.019042750850240132e-03
0.000000000000000000e+00
0.000000000000000000e+00
0.000000000000000000e+00
0.000000000000000000e+00
0.000000000000000000e+00
0.000000000000000000e+00
0.000000000000000000e+00
0.000000000000000000e+00
0.000000000000000000e+00
0.000000000000000000e+00
0.000000000000000000e+00
0.000000000000000000e+00
0.000000000000000000e+00
0.000000000000000000e+00
0.000000000000000000e+00
0.000000000000000000e+00
0.000000000000000000e+00
1.471127674303734700e+00
5.844975059442337972e+00
1.305021602949862469e+01
1.293516420872190587e+01
9.958334958003550952e+00
4.217491661706206152e+00
5.545905564856348668e+00
0.000000000000000000e+00
2.676109630080143464e+00
1.307719656795440555e+00
0.000000000000000000e+00
0.000000000000000000e+00
2.364083160491854407e+00
0.000000000000000000e+00
1.058888938575228922e+00
0.000000000000000000e+00
0.000000000000000000e+00
2.400480037068767114e+00
6.971348588680905678e-01
0.000000000000000000e+00
4.852825635592212805e-01
3.858302793476471870e-01
5.923968549451349430e-01
0.000000000000000000e+00
3.099934838478819454e-01
1.042954806385087280e-01
6.582274177809292748e-02
7.625697015654092636e-02
1.952876704141370823e-02
1.647911925302061528e-02
1.953121119503150108e-02
7.019042750850240132e-03
0.000000000000000000e+00
0.000000000000000000e+00
0.000000000000000000e+00
0.000000000000000000e+00
0.000000000000000000e+00
0.000000000000000000e+00
0.000000000000000000e+00
0.000000000000000000e+00
0.000000000000000000e+00
0.000000000000000000e+00
0.000000000000000000e+00
0.000000000000000000e+00
0.000000000000000000e+00
0.000000000000000000e+00
0.000000000000000000e+00
0.000000000000000000e+00
1.487618036407947875e+00
2.959731964091544931e+00
1.471127674303734700e+01
1.461243764860584449e+01
1.595026403605387522e+01
5.748961870543069175e+00
4.267857839144379106e+00
0.000000000000000000e+00
0.000000000000000000e+00
0.000000000000000000e+00
1.338054815040071732e+00
1.307719656795440555e+00
0.000000000000000000e+00
0.000000000000000000e+00
0.000000000000000000e+00
0.000000000000000000e+00
1.058888938575228922e+00
9.825870786883099672e-01
8.960553845713439269e-01
1.600320024712511335e+00
0.000000000000000000e+00
0.000000000000000000e+00
4.852825635592212805e-01
0.000000000000000000e+00
0.000000000000000000e+00
2.189080473647392056e-01
1.549967419239409727e-01
1.042954806385087280e-01
1.316454835561858550e-01
3.812848507827046318e-02
5.858630112424112468e-02
5.767691738557215175e-02
4.882802798757875269e-03
5.493163891969752959e-03
0.000000000000000000e+00
0.000000000000000000e+00
0.000000000000000000e+00
0.000000000000000000e+00
0.000000000000000000e+00
0.000000000000000000e+00
0.000000000000000000e+00
0.000000000000000000e+00
0.000000000000000000e+00
0.000000000000000000e+00
0.000000000000000000e+00
0.000000000000000000e+00
0.000000000000000000e+00
0.000000000000000000e+00
0.000000000000000000e+00
0.000000000000000000e+00
0.000000000000000000e+00
0.000000000000000000e+00
4.439597946137316953e+00
8.826766045822408202e+00
4.383731294581753701e+00
5.800096013110500159e+00
7.186202338178836690e+00
4.267857839144379106e+00
4.217491661706206152e+00
1.386476391214087167e+00
0.000000000000000000e+00
1.338054815040071732e+00
2.615439313590881110e+00
0.000000000000000000e+00
2.461430894977935768e+00
2.364083160491854407e+00
1.125116986457390666e+00
1.058888938575228922e+00
9.825870786883099672e-01
0.000000000000000000e+00
8.001600123562556677e-01
0.000000000000000000e+00
0.000000000000000000e+00
0.000000000000000000e+00
0.000000000000000000e+00
0.000000000000000000e+00
2.189080473647392056e-01
0.000000000000000000e+00
1.042954806385087280e-01
6.582274177809292748e-02
7.625697015654092636e-02
5.858630112424112468e-02
8.239559626510307641e-03
4.882802798757875269e-03
3.967285033089265785e-03
0.000000000000000000e+00
0.000000000000000000e+00
0.000000000000000000e+00
0.000000000000000000e+00
0.000000000000000000e+00
0.000000000000000000e+00
0.000000000000000000e+00
0.000000000000000000e+00
0.000000000000000000e+00
0.000000000000000000e+00
0.000000000000000000e+00
0.000000000000000000e+00
0.000000000000000000e+00
0.000000000000000000e+00
0.000000000000000000e+00
0.000000000000000000e+00
0.000000000000000000e+00
1.494517789827305210e+00
7.438090182039739595e+00
8.879195892274633906e+00
5.884510697214938801e+00
8.767462589163507403e+00
1.450024003277625040e+00
5.748961870543069175e+00
1.422619279714792961e+00
0.000000000000000000e+00
0.000000000000000000e+00
0.000000000000000000e+00
0.000000000000000000e+00
1.307719656795440555e+00
1.272255159682329495e+00
2.461430894977935768e+00
0.000000000000000000e+00
0.000000000000000000e+00
1.058888938575228922e+00
0.000000000000000000e+00
8.960553845713439269e-01
0.000000000000000000e+00
0.000000000000000000e+00
5.906318823794730610e-01
0.000000000000000000e+00
7.716605586952943741e-01
5.923968549451349430e-01
0.000000000000000000e+00
0.000000000000000000e+00
1.042954806385087280e-01
6.582274177809292748e-02
7.625697015654092636e-02
3.905753408282741646e-02
1.647911925302061528e-02
1.708980979565256214e-02
3.967285033089265785e-03
0.000000000000000000e+00
0.000000000000000000e+00
0.000000000000000000e+00
0.000000000000000000e+00
0.000000000000000000e+00
0.000000000000000000e+00
0.000000000000000000e+00
0.000000000000000000e+00
0.000000000000000000e+00
0.000000000000000000e+00
0.000000000000000000e+00
0.000000000000000000e+00
0.000000000000000000e+00
0.000000000000000000e+00
0.000000000000000000e+00
0.000000000000000000e+00
0.000000000000000000e+00
0.000000000000000000e+00
2.989035579654610419e+00
1.487618036407947919e+01
8.879195892274633906e+00
8.826766045822408202e+00
1.461243764860584493e+00
1.450024003277625040e+00
1.437240467635767294e+00
0.000000000000000000e+00
0.000000000000000000e+00
0.000000000000000000e+00
0.000000000000000000e+00
0.000000000000000000e+00
1.307719656795440555e+00
0.000000000000000000e+00
0.000000000000000000e+00
1.182041580245927204e+00
0.000000000000000000e+00
0.000000000000000000e+00
9.825870786883099672e-01
0.000000000000000000e+00
0.000000000000000000e+00
0.000000000000000000e+00
5.906318823794730610e-01
4.852825635592212805e-01
0.000000000000000000e+00
0.000000000000000000e+00
2.189080473647392056e-01
0.000000000000000000e+00
1.042954806385087280e-01
0.000000000000000000e+00
3.812848507827046318e-02
1.952876704141370823e-02
0.000000000000000000e+00
1.220700699689468774e-02
2.136230402432681610e-03
0.000000000000000000e+00
0.000000000000000000e+00
0.000000000000000000e+00
0.000000000000000000e+00
0.000000000000000000e+00
0.000000000000000000e+00
0.000000000000000000e+00
0.000000000000000000e+00
0.000000000000000000e+00
0.000000000000000000e+00
0.000000000000000000e+00
0.000000000000000000e+00
0.000000000000000000e+00
0.000000000000000000e+00
0.000000000000000000e+00
0.000000000000000000e+00
0.000000000000000000e+00
3.012390419957152510e+00
3.001356539728552875e+00
4.483553369481915851e+00
1.487618036407947875e+00
4.439597946137316953e+00
1.471127674303734700e+00
2.922487529721168986e+00
1.450024003277625040e+00
0.000000000000000000e+00
1.422619279714792961e+00
0.000000000000000000e+00
0.000000000000000000e+00
4.092230757004260866e+00
0.000000000000000000e+00
1.307719656795440555e+00
1.272255159682329495e+00
0.000000000000000000e+00
0.000000000000000000e+00
1.125116986457390666e+00
0.000000000000000000e+00
9.825870786883099672e-01
0.000000000000000000e+00
0.000000000000000000e+00
0.000000000000000000e+00
0.000000000000000000e+00
0.000000000000000000e+00
3.858302793476471870e-01
2.961984274725674715e-01
2.189080473647392056e-01
0.000000000000000000e+00
0.000000000000000000e+00
6.582274177809292748e-02
0.000000000000000000e+00
0.000000000000000000e+00
2.471867887953092119e-02
7.324204198136813337e-03
3.967285033089265785e-03
0.000000000000000000e+00
0.000000000000000000e+00
0.000000000000000000e+00
0.000000000000000000e+00
0.000000000000000000e+00
0.000000000000000000e+00
0.000000000000000000e+00
0.000000000000000000e+00
0.000000000000000000e+00
0.000000000000000000e+00
0.000000000000000000e+00
0.000000000000000000e+00
0.000000000000000000e+00
0.000000000000000000e+00
0.000000000000000000e+00
0.000000000000000000e+00
0.000000000000000000e+00
0.000000000000000000e+00
4.518585629935728321e+00
7.503391349321382187e+00
2.989035579654610419e+00
4.462854109223843402e+00
0.000000000000000000e+00
1.471127674303734700e+00
4.383731294581753701e+00
2.900048006555250080e+00
1.437240467635767294e+00
0.000000000000000000e+00
0.000000000000000000e+00
0.000000000000000000e+00
0.000000000000000000e+00
0.000000000000000000e+00
1.307719656795440555e+00
0.000000000000000000e+00
0.000000000000000000e+00
1.182041580245927204e+00
0.000000000000000000e+00
0.000000000000000000e+00
0.000000000000000000e+00
0.000000000000000000e+00
8.001600123562556677e-01
0.000000000000000000e+00
0.000000000000000000e+00
0.000000000000000000e+00
0.000000000000000000e+00
0.000000000000000000e+00
0.000000000000000000e+00
0.000000000000000000e+00
0.000000000000000000e+00
6.582274177809292748e-02
0.000000000000000000e+00
3.905753408282741646e-02
0.000000000000000000e+00
2.441401399378937635e-03
3.967285033089265785e-03
0.000000000000000000e+00
0.000000000000000000e+00
0.000000000000000000e+00
0.000000000000000000e+00
0.000000000000000000e+00
0.000000000000000000e+00
0.000000000000000000e+00
0.000000000000000000e+00
0.000000000000000000e+00
0.000000000000000000e+00
0.000000000000000000e+00
0.000000000000000000e+00
0.000000000000000000e+00
0.000000000000000000e+00
0.000000000000000000e+00
0.000000000000000000e+00
0.000000000000000000e+00
1.515612101736341533e+00
1.511150001924220776e+00
3.012390419957152510e+00
6.002713079457105749e+00
5.978071159309220839e+00
5.950472145631791498e+00
7.399329910228862772e+00
1.471127674303734700e+00
1.461243764860584493e+00
0.000000000000000000e+00
0.000000000000000000e+00
1.422619279714792961e+00
0.000000000000000000e+00
0.000000000000000000e+00
0.000000000000000000e+00
1.338054815040071732e+00
0.000000000000000000e+00
0.000000000000000000e+00
0.000000000000000000e+00
0.000000000000000000e+00
0.000000000000000000e+00
0.000000000000000000e+00
0.000000000000000000e+00
0.000000000000000000e+00
0.000000000000000000e+00
6.971348588680905678e-01
0.000000000000000000e+00
0.000000000000000000e+00
0.000000000000000000e+00
0.000000000000000000e+00
0.000000000000000000e+00
1.549967419239409727e-01
0.000000000000000000e+00
0.000000000000000000e+00
3.812848507827046318e-02
3.905753408282741646e-02
1.647911925302061528e-02
1.464840839627362667e-02
2.746581945984876479e-03
0.000000000000000000e+00
0.000000000000000000e+00
0.000000000000000000e+00
0.000000000000000000e+00
0.000000000000000000e+00
0.000000000000000000e+00
0.000000000000000000e+00
0.000000000000000000e+00
0.000000000000000000e+00
0.000000000000000000e+00
0.000000000000000000e+00
0.000000000000000000e+00
0.000000000000000000e+00
0.000000000000000000e+00
0.000000000000000000e+00
0.000000000000000000e+00
0.000000000000000000e+00
1.519640995800313421e+00
3.031224203472683065e+00
9.066900011545325100e+00
4.518585629935728321e+00
4.502034809592829312e+00
0.000000000000000000e+00
0.000000000000000000e+00
0.000000000000000000e+00
1.471127674303734700e+00
1.461243764860584493e+00
0.000000000000000000e+00
1.437240467635767294e+00
0.000000000000000000e+00
0.000000000000000000e+00
1.386476391214087167e+00
1.364076919001420141e+00
1.338054815040071732e+00
0.000000000000000000e+00
0.000000000000000000e+00
1.230715447488967884e+00
0.000000000000000000e+00
1.125116986457390666e+00
0.000000000000000000e+00
0.000000000000000000e+00
0.000000000000000000e+00
0.000000000000000000e+00
0.000000000000000000e+00
0.000000000000000000e+00
0.000000000000000000e+00
0.000000000000000000e+00
0.000000000000000000e+00
0.000000000000000000e+00
0.000000000000000000e+00
0.000000000000000000e+00
0.000000000000000000e+00
0.000000000000000000e+00
0.000000000000000000e+00
0.000000000000000000e+00
7.324204198136813337e-03
1.831054630656584175e-03
0.000000000000000000e+00
0.000000000000000000e+00
0.000000000000000000e+00
0.000000000000000000e+00
0.000000000000000000e+00
0.000000000000000000e+00
0.000000000000000000e+00
0.000000000000000000e+00
0.000000000000000000e+00
0.000000000000000000e+00
0.000000000000000000e+00
0.000000000000000000e+00
0.000000000000000000e+00
0.000000000000000000e+00
0.000000000000000000e+00
0.000000000000000000e+00
0.000000000000000000e+00
0.000000000000000000e+00
3.039281991600626842e+00
9.093672610418050084e+00
1.511150001924220776e+00
0.000000000000000000e+00
1.500678269864276437e+00
0.000000000000000000e+00
0.000000000000000000e+00
0.000000000000000000e+00
0.000000000000000000e+00
1.461243764860584493e+00
0.000000000000000000e+00
0.000000000000000000e+00
0.000000000000000000e+00
0.000000000000000000e+00
0.000000000000000000e+00
0.000000000000000000e+00
0.000000000000000000e+00
0.000000000000000000e+00
0.000000000000000000e+00
0.000000000000000000e+00
0.000000000000000000e+00
0.000000000000000000e+00
0.000000000000000000e+00
0.000000000000000000e+00
0.000000000000000000e+00
0.000000000000000000e+00
0.000000000000000000e+00
0.000000000000000000e+00
0.000000000000000000e+00
0.000000000000000000e+00
0.000000000000000000e+00
0.000000000000000000e+00
0.000000000000000000e+00
0.000000000000000000e+00
0.000000000000000000e+00
3.812848507827046318e-02
0.000000000000000000e+00
0.000000000000000000e+00
4.882802798757875269e-03
1.525878858880486957e-03
0.000000000000000000e+00
0.000000000000000000e+00
0.000000000000000000e+00
0.000000000000000000e+00
0.000000000000000000e+00
0.000000000000000000e+00
0.000000000000000000e+00
0.000000000000000000e+00
0.000000000000000000e+00
0.000000000000000000e+00
0.000000000000000000e+00
0.000000000000000000e+00
0.000000000000000000e+00
0.000000000000000000e+00
0.000000000000000000e+00
0.000000000000000000e+00
0.000000000000000000e+00
0.000000000000000000e+00
4.569863437282231544e+00
3.039281991600626842e+00
4.546836305209025042e+00
0.000000000000000000e+00
1.506195209978576255e+00
0.000000000000000000e+00
0.000000000000000000e+00
0.000000000000000000e+00
0.000000000000000000e+00
0.000000000000000000e+00
1.461243764860584493e+00
0.000000000000000000e+00
0.000000000000000000e+00
1.422619279714792961e+00
0.000000000000000000e+00
0.000000000000000000e+00
2.728153838002840281e+00
1.338054815040071732e+00
0.000000000000000000e+00
0.000000000000000000e+00
0.000000000000000000e+00
0.000000000000000000e+00
0.000000000000000000e+00
0.000000000000000000e+00
0.000000000000000000e+00
0.000000000000000000e+00
0.000000000000000000e+00
0.000000000000000000e+00
0.000000000000000000e+00
0.000000000000000000e+00
0.000000000000000000e+00
0.000000000000000000e+00
0.000000000000000000e+00
0.000000000000000000e+00
0.000000000000000000e+00
0.000000000000000000e+00
0.000000000000000000e+00
1.952876704141370823e-02
0.000000000000000000e+00
2.441401399378937635e-03
6.103515435521947611e-04
0.000000000000000000e+00
0.000000000000000000e+00
0.000000000000000000e+00
0.000000000000000000e+00
0.000000000000000000e+00
0.000000000000000000e+00
0.000000000000000000e+00
0.000000000000000000e+00
0.000000000000000000e+00
0.000000000000000000e+00
0.000000000000000000e+00
0.000000000000000000e+00
0.000000000000000000e+00
0.000000000000000000e+00
0.000000000000000000e+00
0.000000000000000000e+00
0.000000000000000000e+00
0.000000000000000000e+00
3.053193294526933776e+00
3.046575624854821029e+00
6.078563983201253684e+00
3.031224203472683065e+00
0.000000000000000000e+00
0.000000000000000000e+00
1.500678269864276437e+00
0.000000000000000000e+00
0.000000000000000000e+00
0.000000000000000000e+00
0.000000000000000000e+00
0.000000000000000000e+00
0.000000000000000000e+00
0.000000000000000000e+00
0.000000000000000000e+00
0.000000000000000000e+00
0.000000000000000000e+00
0.000000000000000000e+00
0.000000000000000000e+00
0.000000000000000000e+00
0.000000000000000000e+00
0.000000000000000000e+00
0.000000000000000000e+00
0.000000000000000000e+00
0.000000000000000000e+00
0.000000000000000000e+00
0.000000000000000000e+00
0.000000000000000000e+00
0.000000000000000000e+00
0.000000000000000000e+00
0.000000000000000000e+00
0.000000000000000000e+00
0.000000000000000000e+00
0.000000000000000000e+00
0.000000000000000000e+00
0.000000000000000000e+00
0.000000000000000000e+00
3.812848507827046318e-02
0.000000000000000000e+00
0.000000000000000000e+00
4.882802798757875269e-03
1.525878858880486957e-03
0.000000000000000000e+00
0.000000000000000000e+00
0.000000000000000000e+00
0.000000000000000000e+00
0.000000000000000000e+00
0.000000000000000000e+00
0.000000000000000000e+00
0.000000000000000000e+00
0.000000000000000000e+00
0.000000000000000000e+00
0.000000000000000000e+00
0.000000000000000000e+00
0.000000000000000000e+00
0.000000000000000000e+00
0.000000000000000000e+00
0.000000000000000000e+00
0.000000000000000000e+00
0.000000000000000000e+00
0.000000000000000000e+00
3.053193294526933776e+00
1.523287812427410515e+00
0.000000000000000000e+00
1.515612101736341533e+00
1.511150001924220776e+00
1.506195209978576255e+00
1.500678269864276437e+00
0.000000000000000000e+00
0.000000000000000000e+00
0.000000000000000000e+00
0.000000000000000000e+00
0.000000000000000000e+00
0.000000000000000000e+00
0.000000000000000000e+00
0.000000000000000000e+00
0.000000000000000000e+00
0.000000000000000000e+00
0.000000000000000000e+00
0.000000000000000000e+00
0.000000000000000000e+00
0.000000000000000000e+00
0.000000000000000000e+00
0.000000000000000000e+00
0.000000000000000000e+00
0.000000000000000000e+00
0.000000000000000000e+00
0.000000000000000000e+00
0.000000000000000000e+00
0.000000000000000000e+00
0.000000000000000000e+00
0.000000000000000000e+00
3.858302793476471870e-01
0.000000000000000000e+00
0.000000000000000000e+00
0.000000000000000000e+00
1.042954806385087280e-01
0.000000000000000000e+00
0.000000000000000000e+00
0.000000000000000000e+00
0.000000000000000000e+00
0.000000000000000000e+00
1.220703087104389522e-03
0.000000000000000000e+00
0.000000000000000000e+00
0.000000000000000000e+00
0.000000000000000000e+00
0.000000000000000000e+00
0.000000000000000000e+00
0.000000000000000000e+00
0.000000000000000000e+00
0.000000000000000000e+00
0.000000000000000000e+00
0.000000000000000000e+00
0.000000000000000000e+00
0.000000000000000000e+00
0.000000000000000000e+00
0.000000000000000000e+00
0.000000000000000000e+00
0.000000000000000000e+00
0.000000000000000000e+00
0.000000000000000000e+00
7.648028285660716463e+00
1.526596647263466888e+00
0.000000000000000000e+00
0.000000000000000000e+00
0.000000000000000000e+00
0.000000000000000000e+00
0.000000000000000000e+00
0.000000000000000000e+00
0.000000000000000000e+00
0.000000000000000000e+00
0.000000000000000000e+00
0.000000000000000000e+00
0.000000000000000000e+00
0.000000000000000000e+00
0.000000000000000000e+00
1.422619279714792961e+00
0.000000000000000000e+00
0.000000000000000000e+00
0.000000000000000000e+00
0.000000000000000000e+00
0.000000000000000000e+00
0.000000000000000000e+00
0.000000000000000000e+00
0.000000000000000000e+00
0.000000000000000000e+00
0.000000000000000000e+00
0.000000000000000000e+00
0.000000000000000000e+00
0.000000000000000000e+00
0.000000000000000000e+00
0.000000000000000000e+00
0.000000000000000000e+00
3.858302793476471870e-01
5.923968549451349430e-01
0.000000000000000000e+00
0.000000000000000000e+00
1.042954806385087280e-01
0.000000000000000000e+00
0.000000000000000000e+00
1.952876704141370823e-02
0.000000000000000000e+00
0.000000000000000000e+00
1.220703087104389522e-03
0.000000000000000000e+00
0.000000000000000000e+00
0.000000000000000000e+00
0.000000000000000000e+00
0.000000000000000000e+00
0.000000000000000000e+00
0.000000000000000000e+00
0.000000000000000000e+00
0.000000000000000000e+00
0.000000000000000000e+00
0.000000000000000000e+00
0.000000000000000000e+00
0.000000000000000000e+00
0.000000000000000000e+00
0.000000000000000000e+00
0.000000000000000000e+00
0.000000000000000000e+00
1.537144204738476017e+00
0.000000000000000000e+00
1.532347965967065351e+00
6.118422628528572993e+00
0.000000000000000000e+00
0.000000000000000000e+00
0.000000000000000000e+00
0.000000000000000000e+00
0.000000000000000000e+00
0.000000000000000000e+00
0.000000000000000000e+00
0.000000000000000000e+00
0.000000000000000000e+00
0.000000000000000000e+00
0.000000000000000000e+00
0.000000000000000000e+00
0.000000000000000000e+00
0.000000000000000000e+00
0.000000000000000000e+00
0.000000000000000000e+00
0.000000000000000000e+00
0.000000000000000000e+00
0.000000000000000000e+00
0.000000000000000000e+00
0.000000000000000000e+00
0.000000000000000000e+00
1.182041580245927204e+00
0.000000000000000000e+00
0.000000000000000000e+00
0.000000000000000000e+00
0.000000000000000000e+00
0.000000000000000000e+00
0.000000000000000000e+00
0.000000000000000000e+00
0.000000000000000000e+00
0.000000000000000000e+00
0.000000000000000000e+00
0.000000000000000000e+00
0.000000000000000000e+00
0.000000000000000000e+00
6.582274177809292748e-02
0.000000000000000000e+00
0.000000000000000000e+00
8.239559626510307641e-03
2.441401399378937635e-03
6.103515435521947611e-04
0.000000000000000000e+00
0.000000000000000000e+00
0.000000000000000000e+00
0.000000000000000000e+00
0.000000000000000000e+00
0.000000000000000000e+00
0.000000000000000000e+00
0.000000000000000000e+00
0.000000000000000000e+00
0.000000000000000000e+00
0.000000000000000000e+00
0.000000000000000000e+00
0.000000000000000000e+00
0.000000000000000000e+00
0.000000000000000000e+00
0.000000000000000000e+00
0.000000000000000000e+00
0.000000000000000000e+00
1.537144204738476017e+00
3.069704835568876078e+00
0.000000000000000000e+00
0.000000000000000000e+00
0.000000000000000000e+00
0.000000000000000000e+00
0.000000000000000000e+00
0.000000000000000000e+00
0.000000000000000000e+00
0.000000000000000000e+00
0.000000000000000000e+00
0.000000000000000000e+00
0.000000000000000000e+00
0.000000000000000000e+00
0.000000000000000000e+00
0.000000000000000000e+00
0.000000000000000000e+00
0.000000000000000000e+00
1.422619279714792961e+00
0.000000000000000000e+00
0.000000000000000000e+00
0.000000000000000000e+00
0.000000000000000000e+00
0.000000000000000000e+00
0.000000000000000000e+00
0.000000000000000000e+00
0.000000000000000000e+00
0.000000000000000000e+00
1.058888938575228922e+00
0.000000000000000000e+00
0.000000000000000000e+00
0.000000000000000000e+00
0.000000000000000000e+00
0.000000000000000000e+00
0.000000000000000000e+00
0.000000000000000000e+00
0.000000000000000000e+00
0.000000000000000000e+00
0.000000000000000000e+00
0.000000000000000000e+00
0.000000000000000000e+00
0.000000000000000000e+00
1.952876704141370823e-02
0.000000000000000000e+00
0.000000000000000000e+00
9.155273153282920875e-04
0.000000000000000000e+00
