# pd_vector
0.000000000000000000e+00
0.000000000000000000e+00
0.000000000000000000e+00
0.000000000000000000e+00
0.000000000000000000e+00
0.000000000000000000e+00
0.000000000000000000e+00
0.000000000000000000e+00
0.000000000000000000e+00
0.000000000000000000e+00
0.000000000000000000e+00
0.000000000000000000e+00
0.000000000000000000e+00
3.662109261313168350e-03
0.000000000000000000e+00
0.000000000000000000e+00
0.000000000000000000e+00
0.000000000000000000e+00
0.000000000000000000e+00
1.464843704525267340e-02
0.000000000000000000e+00
0.000000000000000000e+00
0.000000000000000000e+00
0.000000000000000000e+00
0.000000000000000000e+00
0.000000000000000000e+00
2.740478430549354583e-01
0.000000000000000000e+00
0.000000000000000000e+00
0.000000000000000000e+00
0.000000000000000000e+00
0.000000000000000000e+00
0.000000000000000000e+00
0.000000000000000000e+00
1.640319773296523342e+00
0.000000000000000000e+00
0.000000000000000000e+00
0.000000000000000000e+00
0.000000000000000000e+00
0.000000000000000000e+00
0.000000000000000000e+00
0.000000000000000000e+00
1.098630629720522001e-01
7.456969983348939124e+00
0.000000000000000000e+00
0.000000000000000000e+00
0.000000000000000000e+00
0.000000000000000000e+00
0.000000000000000000e+00
0.000000000000000000e+00
0.000000000000000000e+00
8.239559626510307641e-03
4.851064580565949136e+00
1.448028519500404521e+01
0.000000000000000000e+00
0.000000000000000000e+00
0.000000000000000000e+00
0.000000000000000000e+00
0.000000000000000000e+00
0.000000000000000000e+00
0.000000000000000000e+00
0.000000000000000000e+00
6.674043297473348790e-01
1.143552415469094363e+01
9.691466984293525044e+00
0.000000000000000000e+00
0.000000000000000000e+00
0.000000000000000000e+00
0.000000000000000000e+00
0.000000000000000000e+00
0.000000000000000000e+00
0.000000000000000000e+00
0.000000000000000000e+00
1.562301363313096658e-01
3.114553538820896250e+00
5.856921957110071020e+00
7.508544688779100085e+00
0.000000000000000000e+00
0.000000000000000000e+00
0.000000000000000000e+00
0.000000000000000000e+00
0.000000000000000000e+00
0.000000000000000000e+00
0.000000000000000000e+00
0.000000000000000000e+00
3.812848507827046318e-02
2.089578073431266780e+00
3.823155666700782884e+00
6.416002877567848373e+00
6.878051544289682795e+00
0.000000000000000000e+00
0.000000000000000000e+00
0.000000000000000000e+00
0.000000000000000000e+00
0.000000000000000000e+00
0.000000000000000000e+00
0.000000000000000000e+00
0.000000000000000000e+00
0.000000000000000000e+00
5.337987910957864290e-01
1.972405471182784531e+00
5.611140105653519505e+00
7.653793387052969521e+00
6.287536425902934489e+00
0.000000000000000000e+00
0.000000000000000000e+00
0.000000000000000000e+00
0.000000000000000000e+00
0.000000000000000000e+00
0.000000000000000000e+00
0.000000000000000000e+00
0.000000000000000000e+00
0.000000000000000000e+00
0.000000000000000000e+00
9.913406120350320982e-01
4.140098612779706144e+00
8.931682635137173421e+00
8.732892805578460482e+00
5.611266915647102671e+00
0.000000000000000000e+00
0.000000000000000000e+00
0.000000000000000000e+00
0.000000000000000000e+00
0.000000000000000000e+00
0.000000000000000000e+00
0.000000000000000000e+00
0.000000000000000000e+00
0.000000000000000000e+00
0.000000000000000000e+00
3.949364506685575371e-01
3.012150321183366675e+00
7.811506816565483291e+00
1.194736145843994635e+01
8.962384537120080097e+00
4.889526215396632125e+00
0.000000000000000000e+00
0.000000000000000000e+00
0.000000000000000000e+00
0.000000000000000000e+00
0.000000000000000000e+00
0.000000000000000000e+00
0.000000000000000000e+00
0.000000000000000000e+00
0.000000000000000000e+00
0.000000000000000000e+00
0.000000000000000000e+00
1.250632093783765608e+00
6.824998829010413104e+00
1.206877803159367168e+01
1.247469327453660526e+01
8.515608081033734678e+00
4.201049674269756729e+00
0.000000000000000000e+00
0.000000000000000000e+00
0.000000000000000000e+00
0.000000000000000000e+00
0.000000000000000000e+00
0.000000000000000000e+00
0.000000000000000000e+00
0.000000000000000000e+00
0.000000000000000000e+00
0.000000000000000000e+00
0.000000000000000000e+00
5.214774031925436537e-01
5.199996600469341423e+00
1.269678553106406405e+01
1.587688760466934568e+01
1.347167998934435218e+01
7.631820774458558887e+00
3.519897351665507212e+00
0.000000000000000000e+00
0.000000000000000000e+00
0.000000000000000000e+00
0.000000000000000000e+00
0.000000000000000000e+00
0.000000000000000000e+00
0.000000000000000000e+00
0.000000000000000000e+00
0.000000000000000000e+00
0.000000000000000000e+00
0.000000000000000000e+00
4.649902257718229182e-01
2.294500574047192210e+00
9.939234008492032757e+00
1.685279040459554523e+01
1.763447663839657764e+01
1.229342296275337887e+01
6.601549383920647607e+00
2.879638582479254971e+00
0.000000000000000000e+00
0.000000000000000000e+00
0.000000000000000000e+00
0.000000000000000000e+00
0.000000000000000000e+00
0.000000000000000000e+00
0.000000000000000000e+00
0.000000000000000000e+00
0.000000000000000000e+00
0.000000000000000000e+00
0.000000000000000000e+00
0.000000000000000000e+00
2.169954386935173396e+00
8.969411334911750799e+00
1.928606334098122943e+01
2.173323649461416451e+01
1.769306293952082143e+01
1.161777907337953408e+01
5.827625140317524099e+00
2.510070722858400938e+00
0.000000000000000000e+00
0.000000000000000000e+00
0.000000000000000000e+00
0.000000000000000000e+00
0.000000000000000000e+00
0.000000000000000000e+00
0.000000000000000000e+00
0.000000000000000000e+00
0.000000000000000000e+00
0.000000000000000000e+00
0.000000000000000000e+00
2.961984274725674715e-01
1.751264378917913644e+00
5.889876193109756741e+00
1.950325487940113334e+01
2.461770542500675418e+01
2.295334801711882022e+01
1.753683280318951176e+01
1.024177261575231235e+01
5.112294530299495321e+00
2.090148860894490923e+00
0.000000000000000000e+00
0.000000000000000000e+00
0.000000000000000000e+00
0.000000000000000000e+00
0.000000000000000000e+00
0.000000000000000000e+00
0.000000000000000000e+00
0.000000000000000000e+00
0.000000000000000000e+00
0.000000000000000000e+00
0.000000000000000000e+00
0.000000000000000000e+00
2.961984274725674715e-01
5.691609231483218956e+00
1.751463183740532870e+01
2.523950631451911164e+01
2.659238767834954231e+01
2.295334801711882022e+01
1.585735883762793108e+01
8.882245277378110870e+00
4.235831427922456704e+00
1.628112742425479542e+00
0.000000000000000000e+00
0.000000000000000000e+00
0.000000000000000000e+00
0.000000000000000000e+00
0.000000000000000000e+00
0.000000000000000000e+00
0.000000000000000000e+00
0.000000000000000000e+00
0.000000000000000000e+00
0.000000000000000000e+00
0.000000000000000000e+00
0.000000000000000000e+00
7.716605586952943741e-01
3.850579557143376963e+00
1.554247136289648346e+01
2.417949174013479308e+01
3.410462216879235342e+01
2.659238767834954231e+01
1.925488496452658538e+01
1.306474515070577169e+01
7.275531150208601971e+00
3.649895092071511637e+00
1.359252887490737693e+00
0.000000000000000000e+00
0.000000000000000000e+00
0.000000000000000000e+00
0.000000000000000000e+00
0.000000000000000000e+00
0.000000000000000000e+00
0.000000000000000000e+00
0.000000000000000000e+00
0.000000000000000000e+00
0.000000000000000000e+00
0.000000000000000000e+00
0.000000000000000000e+00
4.852825635592212805e-01
5.015793631519413154e+00
1.214413552637526550e+01
2.320425302066235673e+01
3.487426693288671942e+01
3.358314476559981188e+01
2.428859171611629009e+01
1.704343282998689801e+01
1.060412050348764268e+01
6.295023554653875308e+00
2.897943461062798765e+00
1.092834438730204694e+00
0.000000000000000000e+00
0.000000000000000000e+00
0.000000000000000000e+00
0.000000000000000000e+00
0.000000000000000000e+00
0.000000000000000000e+00
0.000000000000000000e+00
0.000000000000000000e+00
0.000000000000000000e+00
0.000000000000000000e+00
0.000000000000000000e+00
0.000000000000000000e+00
0.000000000000000000e+00
2.911695381355327683e+00
1.118907810108176903e+01
2.754645375494877513e+01
3.371183929416983460e+01
3.859418873906130187e+01
3.306166736240726323e+01
2.395947800722582599e+01
1.532765100146472648e+01
1.013543009449371368e+01
5.050850051050818301e+00
2.424311589583285187e+00
9.246825884815750296e-01
0.000000000000000000e+00
0.000000000000000000e+00
0.000000000000000000e+00
0.000000000000000000e+00
0.000000000000000000e+00
0.000000000000000000e+00
0.000000000000000000e+00
0.000000000000000000e+00
0.000000000000000000e+00
0.000000000000000000e+00
0.000000000000000000e+00
8.001600123562556677e-01
0.000000000000000000e+00
5.906318823794730610e-01
7.764521016947540488e+00
2.314981676085882967e+01
3.524761286923553172e+01
3.721436805200566766e+01
3.518426041673460247e+01
2.669964304345823436e+01
2.001011350054024973e+01
1.235362916535962974e+01
7.538104077985691376e+00
4.366966602050463386e+00
2.038570168481412814e+00
7.751464603112873109e-01
0.000000000000000000e+00
0.000000000000000000e+00
0.000000000000000000e+00
0.000000000000000000e+00
0.000000000000000000e+00
0.000000000000000000e+00
0.000000000000000000e+00
0.000000000000000000e+00
0.000000000000000000e+00
0.000000000000000000e+00
0.000000000000000000e+00
0.000000000000000000e+00
0.000000000000000000e+00
1.394269717736181136e+00
5.315686941415257216e+00
1.941130254236885122e+01
3.318140402389765597e+01
4.413356569341255664e+01
3.480637953099353155e+01
3.518426041673460247e+01
2.430084698877253402e+01
1.421771222406807311e+01
1.094287521746362302e+01
6.327320521418041466e+00
3.402938125748756981e+00
1.611324923590098823e+00
6.338500779789542072e-01
0.000000000000000000e+00
0.000000000000000000e+00
0.000000000000000000e+00
0.000000000000000000e+00
0.000000000000000000e+00
0.000000000000000000e+00
0.000000000000000000e+00
0.000000000000000000e+00
0.000000000000000000e+00
0.000000000000000000e+00
0.000000000000000000e+00
0.000000000000000000e+00
0.000000000000000000e+00
0.000000000000000000e+00
1.394269717736181136e+00
1.712832458900471977e+01
4.319014815677069663e+01
4.359882156628412986e+01
4.502216097583025345e+01
3.896563243092357709e+01
2.665943961091784686e+01
1.887748199557007922e+01
1.296708013028430706e+01
8.121367321671607797e+00
4.999364362601909306e+00
2.916804107784648714e+00
1.254880319280774037e+00
5.218505697371265128e-01
0.000000000000000000e+00
0.000000000000000000e+00
0.000000000000000000e+00
0.000000000000000000e+00
0.000000000000000000e+00
0.000000000000000000e+00
0.000000000000000000e+00
0.000000000000000000e+00
0.000000000000000000e+00
0.000000000000000000e+00
0.000000000000000000e+00
0.000000000000000000e+00
0.000000000000000000e+00
0.000000000000000000e+00
3.200640049425022671e+00
1.603410175396608395e+01
3.130348976611207235e+01
4.561656097456680214e+01
4.398465184563178099e+01
4.413356569341255664e+01
3.239839100998140253e+01
2.262952432089538135e+01
1.147250287023596016e+01
9.741765783157752878e+00
5.909915187131922210e+00
4.218213680945360977e+00
2.480107447579602553e+00
1.083982221324248263e+00
4.351806505527148761e-01
0.000000000000000000e+00
0.000000000000000000e+00
0.000000000000000000e+00
0.000000000000000000e+00
0.000000000000000000e+00
0.000000000000000000e+00
0.000000000000000000e+00
0.000000000000000000e+00
0.000000000000000000e+00
0.000000000000000000e+00
0.000000000000000000e+00
0.000000000000000000e+00
0.000000000000000000e+00
0.000000000000000000e+00
8.960553845713439269e-01
1.200240018534383424e+01
2.439972006038317076e+01
4.784118247273731583e+01
4.561656097456680214e+01
5.015793631519413509e+01
2.961984274725674737e+01
2.714459787322766005e+01
1.813461880510109481e+01
1.188968479278999446e+01
8.096197238705430621e+00
5.147345485566512835e+00
3.749523271951431980e+00
1.870380035217839909e+00
1.018064383541017026e+00
3.582763560651383017e-01
0.000000000000000000e+00
0.000000000000000000e+00
0.000000000000000000e+00
0.000000000000000000e+00
0.000000000000000000e+00
0.000000000000000000e+00
0.000000000000000000e+00
0.000000000000000000e+00
0.000000000000000000e+00
0.000000000000000000e+00
0.000000000000000000e+00
0.000000000000000000e+00
0.000000000000000000e+00
0.000000000000000000e+00
1.965174157376619934e+00
7.168443076570751415e+00
2.240448034597515914e+01
4.879944012076634152e+01
5.138497376701415931e+01
4.852825635592212450e+01
3.511055542063589741e+01
3.169323173956471962e+01
2.057735645228548549e+01
1.472469048277439185e+01
9.386593257465785101e+00
6.779742403143571572e+00
4.575418209392455360e+00
2.519210948342368361e+00
1.705588842687633777e+00
7.006822016217550964e-01
2.896118074155163979e-01
0.000000000000000000e+00
0.000000000000000000e+00
0.000000000000000000e+00
0.000000000000000000e+00
0.000000000000000000e+00
0.000000000000000000e+00
0.000000000000000000e+00
0.000000000000000000e+00
0.000000000000000000e+00
0.000000000000000000e+00
0.000000000000000000e+00
0.000000000000000000e+00
0.000000000000000000e+00
0.000000000000000000e+00
0.000000000000000000e+00
3.930348314753239869e+00
2.060927384514091187e+01
4.480896069195031828e+01
4.670803554416206538e+01
4.784118247273731583e+01
3.736675739406003771e+01
3.356723430324530710e+01
1.717950879340891390e+01
1.247775869979013486e+01
1.456969374085045210e+01
8.135047489803680421e+00
4.607591924466505340e+00
3.812848507827046429e+00
2.050520539348439364e+00
1.087621870699360560e+00
5.908191386497029240e-01
2.462768478233105796e-01
0.000000000000000000e+00
0.000000000000000000e+00
0.000000000000000000e+00
0.000000000000000000e+00
0.000000000000000000e+00
0.000000000000000000e+00
0.000000000000000000e+00
0.000000000000000000e+00
0.000000000000000000e+00
0.000000000000000000e+00
0.000000000000000000e+00
0.000000000000000000e+00
0.000000000000000000e+00
0.000000000000000000e+00
0.000000000000000000e+00
4.235555754300915687e+00
2.259950280983112947e+01
4.301065845942450494e+01
5.921184091436291652e+01
4.252522639095352730e+01
4.193486364894258855e+01
4.173430046609303190e+01
2.392147731955412482e+01
2.310347734286026267e+01
1.598028745762596259e+01
7.749837096197048858e+00
6.257728838310523400e+00
4.015187248463668368e+00
2.935893351026825471e+00
1.777117800768647449e+00
1.038184512940298676e+00
5.468739134608819885e-01
1.907348573600608499e-01
0.000000000000000000e+00
0.000000000000000000e+00
0.000000000000000000e+00
0.000000000000000000e+00
0.000000000000000000e+00
0.000000000000000000e+00
0.000000000000000000e+00
0.000000000000000000e+00
0.000000000000000000e+00
0.000000000000000000e+00
0.000000000000000000e+00
0.000000000000000000e+00
0.000000000000000000e+00
0.000000000000000000e+00
1.182041580245927204e+00
7.875818905201734665e+00
1.588333407862843316e+01
3.340796067540254199e+01
3.584221538285375885e+01
4.240848065488155072e+01
3.694814752000880276e+01
4.134423176656311227e+01
2.766110612287561210e+01
2.276398648151118564e+01
1.658711193846377796e+01
1.247775869979013486e+01
6.664859902729461716e+00
3.858932783624823060e+00
3.817719023129389821e+00
2.249580619617957300e+00
1.659945198520165199e+00
7.415603663859277050e-01
3.833000197024932221e-01
1.492309523985116126e-01
0.000000000000000000e+00
0.000000000000000000e+00
0.000000000000000000e+00
0.000000000000000000e+00
0.000000000000000000e+00
0.000000000000000000e+00
0.000000000000000000e+00
0.000000000000000000e+00
0.000000000000000000e+00
0.000000000000000000e+00
0.000000000000000000e+00
0.000000000000000000e+00
0.000000000000000000e+00
0.000000000000000000e+00
0.000000000000000000e+00
0.000000000000000000e+00
1.012605287811651600e+01
2.223666771007980714e+01
5.600746348523367146e+01
5.645148922799467073e+01
4.480896069195031828e+01
2.649112463698744335e+01
3.012222600135312689e+01
2.232299792372418068e+01
1.234656893912470998e+01
1.007074653406729325e+01
8.318505799860089311e+00
6.044872935033698269e+00
3.858932783624823060e+00
2.435441445789438220e+00
1.792038798678711853e+00
1.210783556567649910e+00
7.662790452654586471e-01
3.344719917149144295e-01
1.361083942121394386e-01
0.000000000000000000e+00
0.000000000000000000e+00
0.000000000000000000e+00
0.000000000000000000e+00
0.000000000000000000e+00
0.000000000000000000e+00
0.000000000000000000e+00
0.000000000000000000e+00
0.000000000000000000e+00
0.000000000000000000e+00
0.000000000000000000e+00
0.000000000000000000e+00
0.000000000000000000e+00
0.000000000000000000e+00
0.000000000000000000e+00
1.230715447488967884e+00
8.274291061721489982e+00
2.137722274269042089e+01
4.659111329731007345e+01
5.207711517048042538e+01
4.301065845942450494e+01
2.560512039540018137e+01
2.858252921359171239e+01
2.244401153041997787e+01
1.698488972457274571e+01
1.388989005651529851e+01
1.303273080879296941e+01
7.880689705130611067e+00
4.804898999642170487e+00
4.484705667455875400e+00
2.369618704011345223e+00
1.220111522504654822e+00
1.386542459940373284e+00
4.119779813255153855e-01
2.636713511329252801e-01
1.107788051547233532e-01
0.000000000000000000e+00
0.000000000000000000e+00
0.000000000000000000e+00
0.000000000000000000e+00
0.000000000000000000e+00
0.000000000000000000e+00
0.000000000000000000e+00
0.000000000000000000e+00
0.000000000000000000e+00
0.000000000000000000e+00
0.000000000000000000e+00
0.000000000000000000e+00
0.000000000000000000e+00
0.000000000000000000e+00
0.000000000000000000e+00
0.000000000000000000e+00
8.615008132422774523e+00
2.127674844442669055e+01
3.262839260726433110e+01
4.235555754300915510e+01
2.456467696720774896e+01
3.763432615199644715e+01
2.560512039540018137e+01
1.882264118943844622e+01
1.240326952996893439e+01
8.735086144065983049e+00
6.944945028257649255e+00
7.701159114286753926e+00
5.910517278847958522e+00
3.254931580402760538e+00
2.711682496601226955e+00
1.448100319118044377e+00
1.677653343443900269e+00
7.616219146151346209e-01
5.355713757231700400e-01
2.539057455354095105e-01
8.758544649973995511e-02
0.000000000000000000e+00
0.000000000000000000e+00
0.000000000000000000e+00
0.000000000000000000e+00
0.000000000000000000e+00
0.000000000000000000e+00
0.000000000000000000e+00
0.000000000000000000e+00
0.000000000000000000e+00
0.000000000000000000e+00
0.000000000000000000e+00
0.000000000000000000e+00
0.000000000000000000e+00
0.000000000000000000e+00
0.000000000000000000e+00
0.000000000000000000e+00
7.633530958093976970e+00
2.461430894977935679e+01
3.073308108639410818e+01
3.487862658017910888e+01
4.659111329731007345e+01
2.947761236064929946e+01
2.777771692171166151e+01
2.000400030890639158e+01
1.324556231849372168e+01
1.122200576520998894e+01
1.019093383474364600e+01
7.330775307605296831e+00
5.035373267033646627e+00
5.253793136753740711e+00
2.944938096554878371e+00
2.085909612770174615e+00
1.579745802674230148e+00
9.150836418784911164e-01
6.249205453252386633e-01
3.048637061808813775e-01
2.075191189472097020e-01
7.385253676981556881e-02
0.000000000000000000e+00
0.000000000000000000e+00
0.000000000000000000e+00
0.000000000000000000e+00
0.000000000000000000e+00
0.000000000000000000e+00
0.000000000000000000e+00
0.000000000000000000e+00
0.000000000000000000e+00
0.000000000000000000e+00
0.000000000000000000e+00
0.000000000000000000e+00
0.000000000000000000e+00
0.000000000000000000e+00
0.000000000000000000e+00
0.000000000000000000e+00
1.046175725436352444e+01
1.653931707587028299e+01
3.199860163471316454e+01
3.782533056786967052e+01
4.050421151246606399e+01
3.282555709583209591e+01
2.259950280983112947e+01
1.792110769142687943e+01
1.200240018534383424e+01
1.115415774188944908e+01
7.678214470933149904e+00
1.019093383474364600e+01
5.787454190214707417e+00
2.665785847253107299e+00
2.407988521012131233e+00
2.014957645011232756e+00
1.773023170854648445e+00
9.873411266713939538e-01
9.532121269567616073e-01
5.858630112424112468e-01
3.048637061808813775e-01
1.391598797645994534e-01
6.439208784475654312e-02
0.000000000000000000e+00
0.000000000000000000e+00
0.000000000000000000e+00
0.000000000000000000e+00
0.000000000000000000e+00
0.000000000000000000e+00
0.000000000000000000e+00
0.000000000000000000e+00
0.000000000000000000e+00
0.000000000000000000e+00
0.000000000000000000e+00
0.000000000000000000e+00
0.000000000000000000e+00
0.000000000000000000e+00
0.000000000000000000e+00
0.000000000000000000e+00
5.352219260160286929e+00
1.569263588154528577e+01
2.798961351301124978e+01
2.830645529224626245e+01
3.191512266664003405e+01
3.937909452600867155e+01
2.011888983292934796e+01
1.572139325901295948e+01
8.064498461142095564e+00
1.280256019770009068e+01
1.045702288302135941e+01
9.450110118071568976e+00
4.852825635592212805e+00
3.858302793476471759e+00
1.777190564835404718e+00
4.159252899930044656e+00
2.479947870783055563e+00
1.355841248300613477e+00
1.579745802674230148e+00
9.913406120350320982e-01
6.444493123666523715e-01
3.131032658073916730e-01
1.269528727677047553e-01
5.920409972456289194e-02
0.000000000000000000e+00
0.000000000000000000e+00
0.000000000000000000e+00
0.000000000000000000e+00
0.000000000000000000e+00
0.000000000000000000e+00
0.000000000000000000e+00
0.000000000000000000e+00
0.000000000000000000e+00
0.000000000000000000e+00
0.000000000000000000e+00
0.000000000000000000e+00
0.000000000000000000e+00
0.000000000000000000e+00
1.405830553902068791e+00
0.000000000000000000e+00
2.728153838002840281e+00
1.739471259552093230e+01
1.961579485193160721e+01
4.198442026951687467e+01
3.322931708220212954e+01
1.891266528393483526e+01
2.025210575623303200e+01
1.270666726290274795e+01
8.843283708194789483e+00
5.376332307428063118e+00
4.000800061781278671e+00
7.668483447548996246e+00
4.725055059035784488e+00
2.911695381355327683e+00
5.015793631519413154e+00
3.554381129670809436e+00
1.751264378917913644e+00
1.394970677315468865e+00
1.147250287023596105e+00
6.582274177809293025e-01
5.719272761740569200e-01
4.101041078696878728e-01
2.059889906627576928e-01
1.025388587739153867e-01
4.638671730996680315e-02
0.000000000000000000e+00
0.000000000000000000e+00
0.000000000000000000e+00
0.000000000000000000e+00
0.000000000000000000e+00
0.000000000000000000e+00
0.000000000000000000e+00
0.000000000000000000e+00
0.000000000000000000e+00
0.000000000000000000e+00
0.000000000000000000e+00
0.000000000000000000e+00
0.000000000000000000e+00
0.000000000000000000e+00
0.000000000000000000e+00
0.000000000000000000e+00
1.386476391214087167e+00
6.820384595007100259e+00
2.007082222560107709e+01
3.269299141988601320e+01
2.417284803396426085e+01
2.584502439726832534e+01
2.127674844442669055e+01
1.575163781040346933e+01
1.270666726290274795e+01
8.843283708194789483e+00
7.168443076570751415e+00
8.001600123562557343e+00
4.182809153208543407e+00
1.181263764758946122e+00
2.426412817796106403e+00
1.929151396738235880e+00
1.480992137362837413e+00
1.313448284188435178e+00
7.749837096197048636e-01
9.386593257465785101e-01
3.291137088904646513e-01
4.575418209392455582e-01
3.905753408282741646e-01
2.719054676748401400e-01
1.171872671701890134e-01
3.479003798247510409e-02
0.000000000000000000e+00
0.000000000000000000e+00
0.000000000000000000e+00
0.000000000000000000e+00
0.000000000000000000e+00
0.000000000000000000e+00
0.000000000000000000e+00
0.000000000000000000e+00
0.000000000000000000e+00
0.000000000000000000e+00
0.000000000000000000e+00
0.000000000000000000e+00
0.000000000000000000e+00
0.000000000000000000e+00
0.000000000000000000e+00
0.000000000000000000e+00
1.405830553902068791e+00
6.932381956070435614e+00
2.864561529902982429e+01
2.542304148576136313e+01
1.700035553834072743e+01
1.908382739523494109e+01
1.969144715982348615e+01
1.654858212344297996e+01
7.875818905201734665e+00
7.412222570026602675e+00
6.878109550818169993e+00
5.376332307428063118e+00
3.200640049425022671e+00
4.879944012076633975e+00
1.771895647138419072e+00
1.941130254236885122e+00
2.700811955433530365e+00
8.885952824177023590e-01
2.189080473647392056e-01
7.749837096197048636e-01
1.042954806385087307e+00
7.898729013371150742e-01
4.956703060175160491e-01
2.929315056212056234e-01
7.415603663859277050e-02
9.033185177702068858e-02
3.295898335181851602e-02
0.000000000000000000e+00
0.000000000000000000e+00
0.000000000000000000e+00
0.000000000000000000e+00
0.000000000000000000e+00
0.000000000000000000e+00
0.000000000000000000e+00
0.000000000000000000e+00
0.000000000000000000e+00
0.000000000000000000e+00
0.000000000000000000e+00
0.000000000000000000e+00
0.000000000000000000e+00
0.000000000000000000e+00
0.000000000000000000e+00
0.000000000000000000e+00
0.000000000000000000e+00
2.811661107804137583e+00
2.079714586821130595e+01
3.137376913703266368e+01
2.542304148576136313e+01
1.830807519513616910e+01
1.272255159682329406e+01
1.230715447488967840e+01
8.274291061721489982e+00
3.375350959372171999e+00
3.176666815725686988e+00
5.895522472129860247e+00
3.584221538285375708e+00
4.000800061781278671e+00
2.091404576604271703e+00
1.181263764758946122e+00
1.455847690677663842e+00
2.700811955433530365e+00
1.184793709890269886e+00
6.567241420942175889e-01
9.299804515436458363e-01
9.386593257465785101e-01
8.556956431152080711e-01
5.337987910957864290e-01
4.101041078696878728e-01
1.153538347711443035e-01
6.347643638385237763e-02
3.173828026471412628e-02
0.000000000000000000e+00
0.000000000000000000e+00
0.000000000000000000e+00
0.000000000000000000e+00
0.000000000000000000e+00
0.000000000000000000e+00
0.000000000000000000e+00
0.000000000000000000e+00
0.000000000000000000e+00
0.000000000000000000e+00
0.000000000000000000e+00
0.000000000000000000e+00
0.000000000000000000e+00
0.000000000000000000e+00
0.000000000000000000e+00
1.450024003277625040e+00
1.437240467635767294e+00
7.113096398573964585e+00
1.968162775462896263e+01
2.634305143306765729e+01
2.728153838002840104e+01
2.408498667072129251e+01
1.046175725436352444e+01
1.017804127745863596e+01
1.107643902740071162e+01
3.546124740737781611e+00
3.375350959372171999e+00
5.294444692876144387e+00
1.965174157376619934e+00
3.584221538285375708e+00
3.200640049425022671e+00
4.182809153208543407e+00
2.362527529517892244e+00
9.705651271184425610e-01
1.157490838042941617e+00
1.777190564835404718e+00
8.756321894589568222e-01
4.649902257718229182e-01
6.257728838310523400e-01
2.632909671123717099e-01
1.143854552348113895e-01
2.929315056212056234e-01
1.400725136506752178e-01
7.080064058198919097e-02
2.441406174208779131e-02
0.000000000000000000e+00
0.000000000000000000e+00
0.000000000000000000e+00
0.000000000000000000e+00
0.000000000000000000e+00
0.000000000000000000e+00
0.000000000000000000e+00
0.000000000000000000e+00
0.000000000000000000e+00
0.000000000000000000e+00
0.000000000000000000e+00
0.000000000000000000e+00
0.000000000000000000e+00
0.000000000000000000e+00
0.000000000000000000e+00
0.000000000000000000e+00
1.450024003277625040e+00
1.437240467635767294e+00
1.422619279714792917e+01
1.405830553902068836e+01
2.495657504185356856e+01
9.548538433009941429e+00
2.140887704064114772e+01
6.538598283977202996e+00
1.145029643714096501e+01
1.353786992237864695e+01
2.364083160491854407e+00
5.625584932286953332e+00
4.235555754300915687e+00
2.947761236064930124e+00
3.584221538285375708e+00
2.400480037068767114e+00
2.788539435472362271e+00
5.906318823794730610e-01
4.852825635592212805e-01
7.716605586952943741e-01
1.184793709890269886e+00
2.189080473647392056e-01
6.199869676957638909e-01
4.171819225540349119e-01
3.949364506685575371e-01
1.906424253913523159e-01
1.171726022484822494e-01
8.239559626510307988e-02
2.929681679254725335e-02
1.831054630656584262e-02
0.000000000000000000e+00
0.000000000000000000e+00
0.000000000000000000e+00
0.000000000000000000e+00
0.000000000000000000e+00
0.000000000000000000e+00
0.000000000000000000e+00
0.000000000000000000e+00
0.000000000000000000e+00
0.000000000000000000e+00
0.000000000000000000e+00
0.000000000000000000e+00
0.000000000000000000e+00
0.000000000000000000e+00
0.000000000000000000e+00
0.000000000000000000e+00
0.000000000000000000e+00
1.450024003277625040e+00
1.580964514399344090e+01
1.564881207686272191e+01
2.530494997023723869e+01
1.525124030335495817e+01
1.227669227101278082e+01
1.070443852032057386e+01
9.154037597568084550e+00
3.816765479046988485e+00
1.230715447488967884e+00
4.728166320983708815e+00
2.250233972914781333e+00
3.176666815725686988e+00
9.825870786883099672e-01
8.960553845713439269e-01
2.400480037068767114e+00
6.971348588680905678e-01
5.906318823794730610e-01
0.000000000000000000e+00
0.000000000000000000e+00
2.961984274725674715e-01
4.378160947294784111e-01
6.199869676957638909e-01
5.214774031925436537e-01
2.632909671123717099e-01
2.287709104696227791e-01
1.171726022484822494e-01
1.071142751446339941e-01
3.906242239006300215e-02
1.983642516544632806e-02
0.000000000000000000e+00
0.000000000000000000e+00
0.000000000000000000e+00
0.000000000000000000e+00
0.000000000000000000e+00
0.000000000000000000e+00
0.000000000000000000e+00
0.000000000000000000e+00
0.000000000000000000e+00
0.000000000000000000e+00
0.000000000000000000e+00
0.000000000000000000e+00
0.000000000000000000e+00
0.000000000000000000e+00
0.000000000000000000e+00
0.000000000000000000e+00
0.000000000000000000e+00
2.922487529721168986e+00
1.305021602949862469e+01
1.868412607926497415e+01
1.138095423771834369e+01
1.546413609292275737e+01
8.318858347284523447e+00
8.184461514008521732e+00
1.204249333536064626e+01
3.923158970386321442e+00
5.089020638729317980e+00
3.692146342466903874e+00
1.182041580245927204e+00
2.250233972914781333e+00
4.235555754300915687e+00
1.965174157376619934e+00
1.792110769142687854e+00
1.600320024712511335e+00
0.000000000000000000e+00
5.906318823794730610e-01
1.941130254236885122e+00
0.000000000000000000e+00
2.961984274725674715e-01
4.378160947294784111e-01
7.749837096197048636e-01
3.128864419155261700e-01
3.291137088904646513e-01
7.625697015654092636e-02
9.764383520706854114e-02
4.119779813255153994e-02
2.197261259441044001e-02
1.068115201216340848e-02
0.000000000000000000e+00
0.000000000000000000e+00
0.000000000000000000e+00
0.000000000000000000e+00
0.000000000000000000e+00
0.000000000000000000e+00
0.000000000000000000e+00
0.000000000000000000e+00
0.000000000000000000e+00
0.000000000000000000e+00
0.000000000000000000e+00
0.000000000000000000e+00
0.000000000000000000e+00
0.000000000000000000e+00
0.000000000000000000e+00
0.000000000000000000e+00
1.479865982045772466e+00
4.413383022911204101e+00
1.022870635402409079e+01
4.350072009832874897e+00
2.012136654690074167e+01
1.707143135657751642e+01
1.686996664682482461e+01
8.318858347284523447e+00
2.728153838002840281e+00
1.338054815040071732e+00
3.923158970386321442e+00
2.544510319364658990e+00
3.692146342466903874e+00
1.182041580245927204e+00
1.125116986457390666e+00
0.000000000000000000e+00
9.825870786883099672e-01
1.792110769142687854e+00
3.200640049425022671e+00
6.971348588680905678e-01
1.181263764758946122e+00
4.852825635592212805e-01
3.858302793476471870e-01
2.961984274725674715e-01
2.189080473647392056e-01
3.099934838478819454e-01
2.085909612770174559e-01
0.000000000000000000e+00
1.906424253913523159e-01
9.764383520706854114e-02
2.471867887953092119e-02
2.197261259441044001e-02
8.239745837954629004e-03
0.000000000000000000e+00
0.000000000000000000e+00
0.000000000000000000e+00
0.000000000000000000e+00
0.000000000000000000e+00
0.000000000000000000e+00
0.000000000000000000e+00
0.000000000000000000e+00
0.000000000000000000e+00
0.000000000000000000e+00
0.000000000000000000e+00
0.000000000000000000e+00
0.000000000000000000e+00
0.000000000000000000e+00
0.000000000000000000e+00
0.000000000000000000e+00
0.000000000000000000e+00
2.959731964091544931e+00
1.176902139442987760e+01
1.461243764860584449e+01
1.595026403605387522e+01
8.623442805814603318e+00
4.267857839144379106e+00
4.217491661706206152e+00
2.772952782428174334e+00
2.728153838002840281e+00
2.676109630080143464e+00
1.307719656795440555e+00
2.544510319364658990e+00
2.461430894977935768e+00
1.182041580245927204e+00
0.000000000000000000e+00
0.000000000000000000e+00
0.000000000000000000e+00
8.960553845713439269e-01
1.600320024712511335e+00
6.971348588680905678e-01
5.906318823794730610e-01
1.455847690677663842e+00
1.157490838042941617e+00
8.885952824177023590e-01
2.189080473647392056e-01
3.099934838478819454e-01
1.042954806385087280e-01
1.316454835561858550e-01
0.000000000000000000e+00
1.367013692898959576e-01
4.119779813255153994e-02
1.953121119503150108e-02
9.765624696835116178e-03
0.000000000000000000e+00
0.000000000000000000e+00
0.000000000000000000e+00
0.000000000000000000e+00
0.000000000000000000e+00
0.000000000000000000e+00
0.000000000000000000e+00
0.000000000000000000e+00
0.000000000000000000e+00
0.000000000000000000e+00
0.000000000000000000e+00
0.000000000000000000e+00
0.000000000000000000e+00
0.000000000000000000e+00
0.000000000000000000e+00
0.000000000000000000e+00
0.000000000000000000e+00
1.487618036407947875e+00
4.439597946137316953e+00
1.176902139442987760e+01
1.022870635402409079e+01
1.015016802294337595e+01
5.748961870543069175e+00
2.845238559429585923e+00
2.811661107804137583e+00
0.000000000000000000e+00
4.092230757004260866e+00
4.014164445120215419e+00
2.615439313590881110e+00
1.272255159682329495e+00
0.000000000000000000e+00
0.000000000000000000e+00
2.250233972914781333e+00
2.117777877150457844e+00
1.965174157376619934e+00
0.000000000000000000e+00
0.000000000000000000e+00
0.000000000000000000e+00
0.000000000000000000e+00
4.852825635592212805e-01
7.716605586952943741e-01
0.000000000000000000e+00
4.378160947294784111e-01
3.099934838478819454e-01
0.000000000000000000e+00
6.582274177809292748e-02
1.906424253913523159e-01
9.764383520706854114e-02
3.295823850604123056e-02
3.417961959130512428e-02
4.882812348417558089e-03
0.000000000000000000e+00
0.000000000000000000e+00
0.000000000000000000e+00
0.000000000000000000e+00
0.000000000000000000e+00
0.000000000000000000e+00
0.000000000000000000e+00
0.000000000000000000e+00
0.000000000000000000e+00
0.000000000000000000e+00
0.000000000000000000e+00
0.000000000000000000e+00
0.000000000000000000e+00
0.000000000000000000e+00
0.000000000000000000e+00
0.000000000000000000e+00
0.000000000000000000e+00
1.494517789827305210e+00
5.950472145631791498e+00
1.479865982045772554e+01
1.029789372012614379e+01
8.767462589163507403e+00
7.250120016388125421e+00
1.437240467635767294e+00
4.267857839144379106e+00
0.000000000000000000e+00
1.386476391214087167e+00
0.000000000000000000e+00
2.676109630080143464e+00
3.923158970386321442e+00
0.000000000000000000e+00
0.000000000000000000e+00
1.182041580245927204e+00
0.000000000000000000e+00
0.000000000000000000e+00
0.000000000000000000e+00
8.960553845713439269e-01
8.001600123562556677e-01
6.971348588680905678e-01
0.000000000000000000e+00
0.000000000000000000e+00
0.000000000000000000e+00
0.000000000000000000e+00
2.189080473647392056e-01
6.199869676957638909e-01
2.085909612770174559e-01
1.316454835561858550e-01
7.625697015654092636e-02
3.905753408282741646e-02
1.647911925302061528e-02
1.464840839627362667e-02
7.629394294402434135e-03
0.000000000000000000e+00
0.000000000000000000e+00
0.000000000000000000e+00
0.000000000000000000e+00
0.000000000000000000e+00
0.000000000000000000e+00
0.000000000000000000e+00
0.000000000000000000e+00
0.000000000000000000e+00
0.000000000000000000e+00
0.000000000000000000e+00
0.000000000000000000e+00
0.000000000000000000e+00
0.000000000000000000e+00
0.000000000000000000e+00
0.000000000000000000e+00
1.506195209978576255e+00
1.500678269864276437e+00
5.978071159309220839e+00
8.925708218447686804e+00
1.331879383841195263e+01
1.029789372012614379e+01
4.383731294581753701e+00
2.900048006555250080e+00
5.748961870543069175e+00
1.422619279714792961e+00
4.217491661706206152e+00
0.000000000000000000e+00
0.000000000000000000e+00
1.338054815040071732e+00
1.307719656795440555e+00
0.000000000000000000e+00
0.000000000000000000e+00
1.182041580245927204e+00
0.000000000000000000e+00
1.058888938575228922e+00
9.825870786883099672e-01
0.000000000000000000e+00
8.001600123562556677e-01
6.971348588680905678e-01
1.181263764758946122e+00
4.852825635592212805e-01
0.000000000000000000e+00
0.000000000000000000e+00
0.000000000000000000e+00
1.549967419239409727e-01
1.042954806385087280e-01
6.582274177809292748e-02
1.143854552348113895e-01
0.000000000000000000e+00
1.647911925302061528e-02
1.708980979565256214e-02
5.187988120193655524e-03
0.000000000000000000e+00
0.000000000000000000e+00
0.000000000000000000e+00
0.000000000000000000e+00
0.000000000000000000e+00
0.000000000000000000e+00
0.000000000000000000e+00
0.000000000000000000e+00
0.000000000000000000e+00
0.000000000000000000e+00
0.000000000000000000e+00
0.000000000000000000e+00
0.000000000000000000e+00
0.000000000000000000e+00
0.000000000000000000e+00
0.000000000000000000e+00
0.000000000000000000e+00
1.506195209978576255e+00
1.500678269864276437e+00
1.195614231861844168e+01
7.438090182039739595e+00
5.919463928183089863e+00
8.826766045822408202e+00
2.922487529721168986e+00
0.000000000000000000e+00
1.437240467635767294e+00
0.000000000000000000e+00
0.000000000000000000e+00
0.000000000000000000e+00
2.728153838002840281e+00
1.338054815040071732e+00
1.307719656795440555e+00
0.000000000000000000e+00
0.000000000000000000e+00
1.182041580245927204e+00
0.000000000000000000e+00
0.000000000000000000e+00
2.947761236064930124e+00
8.960553845713439269e-01
0.000000000000000000e+00
0.000000000000000000e+00
0.000000000000000000e+00
0.000000000000000000e+00
0.000000000000000000e+00
0.000000000000000000e+00
2.189080473647392056e-01
4.649902257718229182e-01
0.000000000000000000e+00
1.316454835561858550e-01
7.625697015654092636e-02
5.858630112424112468e-02
1.647911925302061528e-02
2.441401399378937635e-03
3.051757717760973914e-03
0.000000000000000000e+00
0.000000000000000000e+00
0.000000000000000000e+00
0.000000000000000000e+00
0.000000000000000000e+00
0.000000000000000000e+00
0.000000000000000000e+00
0.000000000000000000e+00
0.000000000000000000e+00
0.000000000000000000e+00
0.000000000000000000e+00
0.000000000000000000e+00
0.000000000000000000e+00
0.000000000000000000e+00
0.000000000000000000e+00
0.000000000000000000e+00
1.515612101736341533e+00
0.000000000000000000e+00
4.518585629935728321e+00
7.503391349321382187e+00
7.472588949136525827e+00
4.462854109223843402e+00
2.959731964091544931e+00
1.471127674303734700e+00
0.000000000000000000e+00
4.350072009832874897e+00
0.000000000000000000e+00
1.422619279714792961e+00
0.000000000000000000e+00
1.386476391214087167e+00
0.000000000000000000e+00
0.000000000000000000e+00
0.000000000000000000e+00
0.000000000000000000e+00
0.000000000000000000e+00
1.182041580245927204e+00
1.125116986457390666e+00
0.000000000000000000e+00
1.965174157376619934e+00
0.000000000000000000e+00
8.001600123562556677e-01
6.971348588680905678e-01
0.000000000000000000e+00
0.000000000000000000e+00
0.000000000000000000e+00
0.000000000000000000e+00
0.000000000000000000e+00
1.549967419239409727e-01
0.000000000000000000e+00
0.000000000000000000e+00
1.525139403130818527e-01
0.000000000000000000e+00
0.000000000000000000e+00
9.765605597515750538e-03
3.967285033089265785e-03
0.000000000000000000e+00
0.000000000000000000e+00
0.000000000000000000e+00
0.000000000000000000e+00
0.000000000000000000e+00
0.000000000000000000e+00
0.000000000000000000e+00
0.000000000000000000e+00
0.000000000000000000e+00
0.000000000000000000e+00
0.000000000000000000e+00
0.000000000000000000e+00
0.000000000000000000e+00
0.000000000000000000e+00
0.000000000000000000e+00
0.000000000000000000e+00
0.000000000000000000e+00
0.000000000000000000e+00
4.533450005772662550e+00
1.204956167982861004e+01
6.002713079457105749e+00
4.483553369481915851e+00
5.950472145631791498e+00
2.959731964091544931e+00
1.471127674303734700e+00
2.922487529721168986e+00
0.000000000000000000e+00
0.000000000000000000e+00
0.000000000000000000e+00
1.405830553902068791e+00
0.000000000000000000e+00
0.000000000000000000e+00
1.338054815040071732e+00
0.000000000000000000e+00
0.000000000000000000e+00
0.000000000000000000e+00
0.000000000000000000e+00
0.000000000000000000e+00
0.000000000000000000e+00
0.000000000000000000e+00
0.000000000000000000e+00
8.001600123562556677e-01
0.000000000000000000e+00
5.906318823794730610e-01
0.000000000000000000e+00
0.000000000000000000e+00
0.000000000000000000e+00
2.189080473647392056e-01
0.000000000000000000e+00
0.000000000000000000e+00
6.582274177809292748e-02
3.812848507827046318e-02
1.952876704141370823e-02
8.239559626510307641e-03
1.708980979565256214e-02
3.967285033089265785e-03
0.000000000000000000e+00
0.000000000000000000e+00
0.000000000000000000e+00
0.000000000000000000e+00
0.000000000000000000e+00
0.000000000000000000e+00
0.000000000000000000e+00
0.000000000000000000e+00
0.000000000000000000e+00
0.000000000000000000e+00
0.000000000000000000e+00
0.000000000000000000e+00
0.000000000000000000e+00
0.000000000000000000e+00
0.000000000000000000e+00
0.000000000000000000e+00
0.000000000000000000e+00
3.039281991600626842e+00
0.000000000000000000e+00
6.044600007696883104e+00
3.012390419957152510e+00
6.002713079457105749e+00
2.989035579654610419e+00
0.000000000000000000e+00
2.959731964091544931e+00
0.000000000000000000e+00
0.000000000000000000e+00
2.900048006555250080e+00
0.000000000000000000e+00
0.000000000000000000e+00
0.000000000000000000e+00
0.000000000000000000e+00
0.000000000000000000e+00
0.000000000000000000e+00
0.000000000000000000e+00
0.000000000000000000e+00
0.000000000000000000e+00
0.000000000000000000e+00
0.000000000000000000e+00
0.000000000000000000e+00
0.000000000000000000e+00
0.000000000000000000e+00
0.000000000000000000e+00
6.971348588680905678e-01
0.000000000000000000e+00
0.000000000000000000e+00
3.858302793476471870e-01
0.000000000000000000e+00
0.000000000000000000e+00
0.000000000000000000e+00
1.042954806385087280e-01
6.582274177809292748e-02
0.000000000000000000e+00
0.000000000000000000e+00
1.647911925302061528e-02
7.324204198136813337e-03
3.662109261313168350e-03
0.000000000000000000e+00
0.000000000000000000e+00
0.000000000000000000e+00
0.000000000000000000e+00
0.000000000000000000e+00
0.000000000000000000e+00
0.000000000000000000e+00
0.000000000000000000e+00
0.000000000000000000e+00
0.000000000000000000e+00
0.000000000000000000e+00
0.000000000000000000e+00
0.000000000000000000e+00
0.000000000000000000e+00
0.000000000000000000e+00
0.000000000000000000e+00
0.000000000000000000e+00
0.000000000000000000e+00
6.078563983201253684e+00
4.546836305209025042e+00
4.533450005772662550e+00
1.506195209978576255e+00
4.502034809592829312e+00
4.483553369481915851e+00
1.487618036407947875e+00
2.959731964091544931e+00
1.471127674303734700e+00
0.000000000000000000e+00
1.450024003277625040e+00
0.000000000000000000e+00
0.000000000000000000e+00
0.000000000000000000e+00
0.000000000000000000e+00
0.000000000000000000e+00
0.000000000000000000e+00
0.000000000000000000e+00
0.000000000000000000e+00
0.000000000000000000e+00
1.182041580245927204e+00
0.000000000000000000e+00
0.000000000000000000e+00
0.000000000000000000e+00
0.000000000000000000e+00
0.000000000000000000e+00
0.000000000000000000e+00
5.906318823794730610e-01
0.000000000000000000e+00
0.000000000000000000e+00
0.000000000000000000e+00
0.000000000000000000e+00
1.549967419239409727e-01
0.000000000000000000e+00
0.000000000000000000e+00
3.812848507827046318e-02
1.952876704141370823e-02
0.000000000000000000e+00
4.882802798757875269e-03
2.746581945984876479e-03
0.000000000000000000e+00
0.000000000000000000e+00
0.000000000000000000e+00
0.000000000000000000e+00
0.000000000000000000e+00
0.000000000000000000e+00
0.000000000000000000e+00
0.000000000000000000e+00
0.000000000000000000e+00
0.000000000000000000e+00
0.000000000000000000e+00
0.000000000000000000e+00
0.000000000000000000e+00
0.000000000000000000e+00
0.000000000000000000e+00
0.000000000000000000e+00
0.000000000000000000e+00
0.000000000000000000e+00
1.523287812427410515e+00
6.078563983201253684e+00
6.062448406945366131e+00
1.511150001924220776e+00
3.012390419957152510e+00
0.000000000000000000e+00
0.000000000000000000e+00
0.000000000000000000e+00
2.959731964091544931e+00
0.000000000000000000e+00
0.000000000000000000e+00
1.450024003277625040e+00
0.000000000000000000e+00
0.000000000000000000e+00
1.405830553902068791e+00
0.000000000000000000e+00
0.000000000000000000e+00
0.000000000000000000e+00
0.000000000000000000e+00
1.272255159682329495e+00
0.000000000000000000e+00
0.000000000000000000e+00
0.000000000000000000e+00
0.000000000000000000e+00
0.000000000000000000e+00
0.000000000000000000e+00
0.000000000000000000e+00
0.000000000000000000e+00
0.000000000000000000e+00
4.852825635592212805e-01
0.000000000000000000e+00
2.961984274725674715e-01
2.189080473647392056e-01
0.000000000000000000e+00
0.000000000000000000e+00
0.000000000000000000e+00
3.812848507827046318e-02
1.952876704141370823e-02
8.239559626510307641e-03
1.220700699689468774e-02
2.136230402432681610e-03
0.000000000000000000e+00
0.000000000000000000e+00
0.000000000000000000e+00
0.000000000000000000e+00
0.000000000000000000e+00
0.000000000000000000e+00
0.000000000000000000e+00
0.000000000000000000e+00
0.000000000000000000e+00
0.000000000000000000e+00
0.000000000000000000e+00
0.000000000000000000e+00
0.000000000000000000e+00
0.000000000000000000e+00
0.000000000000000000e+00
0.000000000000000000e+00
0.000000000000000000e+00
1.529605657132143248e+00
0.000000000000000000e+00
6.093151249709642059e+00
1.519640995800313421e+00
4.546836305209025042e+00
0.000000000000000000e+00
3.012390419957152510e+00
0.000000000000000000e+00
1.494517789827305210e+00
0.000000000000000000e+00
0.000000000000000000e+00
2.942255348607469401e+00
1.461243764860584493e+00
1.450024003277625040e+00
0.000000000000000000e+00
0.000000000000000000e+00
0.000000000000000000e+00
0.000000000000000000e+00
1.364076919001420141e+00
0.000000000000000000e+00
1.307719656795440555e+00
0.000000000000000000e+00
1.230715447488967884e+00
0.000000000000000000e+00
0.000000000000000000e+00
0.000000000000000000e+00
0.000000000000000000e+00
0.000000000000000000e+00
0.000000000000000000e+00
0.000000000000000000e+00
0.000000000000000000e+00
0.000000000000000000e+00
0.000000000000000000e+00
0.000000000000000000e+00
0.000000000000000000e+00
0.000000000000000000e+00
0.000000000000000000e+00
0.000000000000000000e+00
7.625697015654092636e-02
0.000000000000000000e+00
2.471867887953092119e-02
4.882802798757875269e-03
1.220703087104389522e-03
0.000000000000000000e+00
0.000000000000000000e+00
0.000000000000000000e+00
0.000000000000000000e+00
0.000000000000000000e+00
0.000000000000000000e+00
0.000000000000000000e+00
0.000000000000000000e+00
0.000000000000000000e+00
0.000000000000000000e+00
0.000000000000000000e+00
0.000000000000000000e+00
0.000000000000000000e+00
0.000000000000000000e+00
0.000000000000000000e+00
0.000000000000000000e+00
0.000000000000000000e+00
0.000000000000000000e+00
1.529605657132143248e+00
4.579789941790400221e+00
1.523287812427410515e+00
1.519640995800313421e+00
1.515612101736341533e+00
0.000000000000000000e+00
1.506195209978576255e+00
0.000000000000000000e+00
0.000000000000000000e+00
0.000000000000000000e+00
0.000000000000000000e+00
0.000000000000000000e+00
0.000000000000000000e+00
0.000000000000000000e+00
0.000000000000000000e+00
0.000000000000000000e+00
0.000000000000000000e+00
1.386476391214087167e+00
0.000000000000000000e+00
0.000000000000000000e+00
0.000000000000000000e+00
0.000000000000000000e+00
0.000000000000000000e+00
0.000000000000000000e+00
0.000000000000000000e+00
0.000000000000000000e+00
0.000000000000000000e+00
0.000000000000000000e+00
0.000000000000000000e+00
0.000000000000000000e+00
0.000000000000000000e+00
0.000000000000000000e+00
0.000000000000000000e+00
0.000000000000000000e+00
2.189080473647392056e-01
0.000000000000000000e+00
0.000000000000000000e+00
0.000000000000000000e+00
0.000000000000000000e+00
1.952876704141370823e-02
8.239559626510307641e-03
0.000000000000000000e+00
9.155273153282920875e-04
0.000000000000000000e+00
0.000000000000000000e+00
0.000000000000000000e+00
0.000000000000000000e+00
0.000000000000000000e+00
0.000000000000000000e+00
0.000000000000000000e+00
0.000000000000000000e+00
0.000000000000000000e+00
0.000000000000000000e+00
0.000000000000000000e+00
0.000000000000000000e+00
0.000000000000000000e+00
0.000000000000000000e+00
0.000000000000000000e+00
0.000000000000000000e+00
0.000000000000000000e+00
0.000000000000000000e+00
3.064695931934130702e+00
3.059211314264286496e+00
6.106386589053867553e+00
3.046575624854821029e+00
1.519640995800313421e+00
1.515612101736341533e+00
0.000000000000000000e+00
0.000000000000000000e+00
0.000000000000000000e+00
0.000000000000000000e+00
0.000000000000000000e+00
0.000000000000000000e+00
0.000000000000000000e+00
1.461243764860584493e+00
0.000000000000000000e+00
0.000000000000000000e+00
0.000000000000000000e+00
0.000000000000000000e+00
0.000000000000000000e+00
0.000000000000000000e+00
0.000000000000000000e+00
0.000000000000000000e+00
0.000000000000000000e+00
0.000000000000000000e+00
0.000000000000000000e+00
1.125116986457390666e+00
0.000000000000000000e+00
0.000000000000000000e+00
0.000000000000000000e+00
0.000000000000000000e+00
0.000000000000000000e+00
0.000000000000000000e+00
0.000000000000000000e+00
0.000000000000000000e+00
0.000000000000000000e+00
0.000000000000000000e+00
0.000000000000000000e+00
0.000000000000000000e+00
0.000000000000000000e+00
7.625697015654092636e-02
0.000000000000000000e+00
0.000000000000000000e+00
4.882802798757875269e-03
3.051757717760973806e-04
0.000000000000000000e+00
0.000000000000000000e+00
0.000000000000000000e+00
0.000000000000000000e+00
0.000000000000000000e+00
0.000000000000000000e+00
0.000000000000000000e+00
0.000000000000000000e+00
0.000000000000000000e+00
0.000000000000000000e+00
0.000000000000000000e+00
0.000000000000000000e+00
0.000000000000000000e+00
0.000000000000000000e+00
0.000000000000000000e+00
0.000000000000000000e+00
0.000000000000000000e+00
0.000000000000000000e+00
4.604557253353314117e+00
1.532347965967065351e+00
1.529605657132143248e+00
1.526596647263466888e+00
0.000000000000000000e+00
1.519640995800313421e+00
1.515612101736341533e+00
0.000000000000000000e+00
1.506195209978576255e+00
0.000000000000000000e+00
0.000000000000000000e+00
0.000000000000000000e+00
2.959731964091544931e+00
0.000000000000000000e+00
0.000000000000000000e+00
0.000000000000000000e+00
0.000000000000000000e+00
0.000000000000000000e+00
0.000000000000000000e+00
0.000000000000000000e+00
0.000000000000000000e+00
0.000000000000000000e+00
0.000000000000000000e+00
1.272255159682329495e+00
0.000000000000000000e+00
0.000000000000000000e+00
0.000000000000000000e+00
0.000000000000000000e+00
0.000000000000000000e+00
0.000000000000000000e+00
0.000000000000000000e+00
0.000000000000000000e+00
5.906318823794730610e-01
0.000000000000000000e+00
0.000000000000000000e+00
0.000000000000000000e+00
0.000000000000000000e+00
0.000000000000000000e+00
0.000000000000000000e+00
0.000000000000000000e+00
0.000000000000000000e+00
0.000000000000000000e+00
0.000000000000000000e+00
2.441401399378937635e-03
1.525878858880486957e-03
0.000000000000000000e+00
0.000000000000000000e+00
0.000000000000000000e+00
0.000000000000000000e+00
0.000000000000000000e+00
0.000000000000000000e+00
0.000000000000000000e+00
0.000000000000000000e+00
0.000000000000000000e+00
0.000000000000000000e+00
0.000000000000000000e+00
0.000000000000000000e+00
0.000000000000000000e+00
0.000000000000000000e+00
0.000000000000000000e+00
0.000000000000000000e+00
0.000000000000000000e+00
0.000000000000000000e+00
0.000000000000000000e+00
1.534852417784438039e+00
1.532347965967065351e+00
0.000000000000000000e+00
0.000000000000000000e+00
0.000000000000000000e+00
0.000000000000000000e+00
0.000000000000000000e+00
0.000000000000000000e+00
1.506195209978576255e+00
0.000000000000000000e+00
0.000000000000000000e+00
0.000000000000000000e+00
0.000000000000000000e+00
0.000000000000000000e+00
0.000000000000000000e+00
0.000000000000000000e+00
0.000000000000000000e+00
0.000000000000000000e+00
0.000000000000000000e+00
0.000000000000000000e+00
0.000000000000000000e+00
0.000000000000000000e+00
0.000000000000000000e+00
0.000000000000000000e+00
0.000000000000000000e+00
0.000000000000000000e+00
0.000000000000000000e+00
0.000000000000000000e+00
0.000000000000000000e+00
0.000000000000000000e+00
0.000000000000000000e+00
0.000000000000000000e+00
0.000000000000000000e+00
0.000000000000000000e+00
0.000000000000000000e+00
0.000000000000000000e+00
0.000000000000000000e+00
0.000000000000000000e+00
0.000000000000000000e+00
6.582274177809292748e-02
0.000000000000000000e+00
1.952876704141370823e-02
0.000000000000000000e+00
0.000000000000000000e+00
9.155273153282920875e-04
0.000000000000000000e+00
