# pd_vector
0.000000000000000000e+00
0.000000000000000000e+00
0.000000000000000000e+00
0.000000000000000000e+00
0.000000000000000000e+00
0.000000000000000000e+00
0.000000000000000000e+00
0.000000000000000000e+00
0.000000000000000000e+00
0.000000000000000000e+00
0.000000000000000000e+00
0.000000000000000000e+00
0.000000000000000000e+00
5.798339663745850393e-03
0.000000000000000000e+00
0.000000000000000000e+00
0.000000000000000000e+00
0.000000000000000000e+00
0.000000000000000000e+00
3.051757717760973654e-02
0.000000000000000000e+00
0.000000000000000000e+00
0.000000000000000000e+00
0.000000000000000000e+00
0.000000000000000000e+00
0.000000000000000000e+00
4.803466647755773034e-01
0.000000000000000000e+00
0.000000000000000000e+00
0.000000000000000000e+00
0.000000000000000000e+00
0.000000000000000000e+00
0.000000000000000000e+00
2.441401399378937635e-03
1.256103476630416882e+00
0.000000000000000000e+00
0.000000000000000000e+00
0.000000000000000000e+00
0.000000000000000000e+00
0.000000000000000000e+00
0.000000000000000000e+00
0.000000000000000000e+00
1.831051049534203334e-01
5.329284502525988287e+00
0.000000000000000000e+00
0.000000000000000000e+00
0.000000000000000000e+00
0.000000000000000000e+00
0.000000000000000000e+00
0.000000000000000000e+00
0.000000000000000000e+00
0.000000000000000000e+00
1.972652330698181578e+00
8.804626191512186395e+00
0.000000000000000000e+00
0.000000000000000000e+00
0.000000000000000000e+00
0.000000000000000000e+00
0.000000000000000000e+00
0.000000000000000000e+00
0.000000000000000000e+00
0.000000000000000000e+00
2.966241465543710820e-01
4.196769005532393848e+00
9.855651549509065745e+00
0.000000000000000000e+00
0.000000000000000000e+00
0.000000000000000000e+00
0.000000000000000000e+00
0.000000000000000000e+00
0.000000000000000000e+00
0.000000000000000000e+00
0.000000000000000000e+00
3.905753408282741646e-02
1.565516329036958476e+00
6.738267862285868048e+00
1.051818815003497321e+01
0.000000000000000000e+00
0.000000000000000000e+00
0.000000000000000000e+00
0.000000000000000000e+00
0.000000000000000000e+00
0.000000000000000000e+00
0.000000000000000000e+00
0.000000000000000000e+00
0.000000000000000000e+00
5.272767101181701221e-01
4.358727042423952369e+00
1.040769416555241200e+01
1.023651091268563462e+01
0.000000000000000000e+00
0.000000000000000000e+00
0.000000000000000000e+00
0.000000000000000000e+00
0.000000000000000000e+00
0.000000000000000000e+00
0.000000000000000000e+00
0.000000000000000000e+00
0.000000000000000000e+00
2.668993955478932145e-01
2.675441084673678027e+00
9.821555074800286889e+00
1.316159494405185271e+01
9.580688179138801885e+00
0.000000000000000000e+00
0.000000000000000000e+00
0.000000000000000000e+00
0.000000000000000000e+00
0.000000000000000000e+00
0.000000000000000000e+00
0.000000000000000000e+00
0.000000000000000000e+00
0.000000000000000000e+00
0.000000000000000000e+00
1.334496977739466184e+00
7.674805447275587333e+00
1.612481818908067055e+01
1.503903262017425568e+01
8.557738992145322854e+00
0.000000000000000000e+00
0.000000000000000000e+00
0.000000000000000000e+00
0.000000000000000000e+00
0.000000000000000000e+00
0.000000000000000000e+00
0.000000000000000000e+00
0.000000000000000000e+00
0.000000000000000000e+00
0.000000000000000000e+00
3.949364506685575371e-01
5.109217000488242455e+00
1.736107389981678750e+01
2.178539565249325349e+01
1.519284090833512835e+01
7.324218522626336991e+00
0.000000000000000000e+00
0.000000000000000000e+00
0.000000000000000000e+00
0.000000000000000000e+00
0.000000000000000000e+00
0.000000000000000000e+00
0.000000000000000000e+00
0.000000000000000000e+00
0.000000000000000000e+00
0.000000000000000000e+00
0.000000000000000000e+00
4.344300957354133352e+00
1.639524858365630067e+01
2.665676701152971262e+01
2.522129201674805188e+01
1.410885868701087986e+01
6.112670708675230102e+00
0.000000000000000000e+00
0.000000000000000000e+00
0.000000000000000000e+00
0.000000000000000000e+00
0.000000000000000000e+00
0.000000000000000000e+00
0.000000000000000000e+00
0.000000000000000000e+00
0.000000000000000000e+00
0.000000000000000000e+00
1.549967419239409727e-01
1.147250287023596105e+00
1.257214367961574908e+01
3.057904503277291042e+01
3.429251492472246809e+01
2.362281744920505133e+01
1.231442865846736190e+01
5.025024258065219129e+00
0.000000000000000000e+00
0.000000000000000000e+00
0.000000000000000000e+00
0.000000000000000000e+00
0.000000000000000000e+00
0.000000000000000000e+00
0.000000000000000000e+00
0.000000000000000000e+00
0.000000000000000000e+00
0.000000000000000000e+00
0.000000000000000000e+00
4.649902257718229182e-01
9.490888738104294120e+00
3.014681573436656237e+01
4.293267419813253838e+01
3.304267383407199077e+01
2.224681099157783137e+01
1.035642473616545267e+01
3.988647337113592872e+00
0.000000000000000000e+00
0.000000000000000000e+00
0.000000000000000000e+00
0.000000000000000000e+00
0.000000000000000000e+00
0.000000000000000000e+00
0.000000000000000000e+00
0.000000000000000000e+00
0.000000000000000000e+00
0.000000000000000000e+00
0.000000000000000000e+00
6.567241420942175889e-01
7.594840354273107330e+00
2.888984813686691666e+01
4.989363826779443656e+01
4.567792512376801284e+01
3.282785739661644442e+01
1.899218493910625938e+01
8.444807440451745251e+00
3.128051660704997960e+00
0.000000000000000000e+00
0.000000000000000000e+00
0.000000000000000000e+00
0.000000000000000000e+00
0.000000000000000000e+00
0.000000000000000000e+00
0.000000000000000000e+00
0.000000000000000000e+00
0.000000000000000000e+00
0.000000000000000000e+00
0.000000000000000000e+00
2.961984274725674715e-01
4.597068994659522900e+00
2.975937444939666676e+01
4.985323974520716916e+01
5.535692583537615263e+01
4.525851178790703955e+01
2.878540261904380770e+01
1.546565341895984780e+01
6.713853848292078652e+00
2.488403243062298209e+00
0.000000000000000000e+00
0.000000000000000000e+00
0.000000000000000000e+00
0.000000000000000000e+00
0.000000000000000000e+00
0.000000000000000000e+00
0.000000000000000000e+00
0.000000000000000000e+00
0.000000000000000000e+00
0.000000000000000000e+00
0.000000000000000000e+00
0.000000000000000000e+00
4.146777984615944490e+00
2.473660935221553103e+01
5.083893135105263639e+01
6.539326636034496687e+01
5.667338067093800902e+01
3.725152992147024378e+01
2.259478346691566131e+01
1.184024718329531289e+01
5.361317473036146808e+00
1.939086853865322757e+00
0.000000000000000000e+00
0.000000000000000000e+00
0.000000000000000000e+00
0.000000000000000000e+00
0.000000000000000000e+00
0.000000000000000000e+00
0.000000000000000000e+00
0.000000000000000000e+00
0.000000000000000000e+00
0.000000000000000000e+00
0.000000000000000000e+00
0.000000000000000000e+00
1.929151396738235880e+00
1.599471508351864379e+01
4.356270142558309999e+01
6.959353712384950086e+01
7.133810875673997032e+01
4.633921021177742006e+01
2.924454805503344446e+01
1.700955609307133898e+01
9.343660616462688751e+00
4.160147984541709754e+00
1.504516554856160093e+00
0.000000000000000000e+00
0.000000000000000000e+00
0.000000000000000000e+00
0.000000000000000000e+00
0.000000000000000000e+00
0.000000000000000000e+00
0.000000000000000000e+00
0.000000000000000000e+00
0.000000000000000000e+00
0.000000000000000000e+00
0.000000000000000000e+00
0.000000000000000000e+00
2.426412817796106403e+00
9.259926704343532933e+00
4.709554996813822925e+01
7.924471314603559335e+01
7.796336118774230783e+01
5.944842396394997763e+01
4.159997280375473139e+01
2.375404620376249909e+01
1.302568761662294250e+01
7.094260838425374693e+00
2.990716714239198382e+00
1.210021935092226109e+00
0.000000000000000000e+00
0.000000000000000000e+00
0.000000000000000000e+00
0.000000000000000000e+00
0.000000000000000000e+00
0.000000000000000000e+00
0.000000000000000000e+00
0.000000000000000000e+00
0.000000000000000000e+00
0.000000000000000000e+00
0.000000000000000000e+00
0.000000000000000000e+00
0.000000000000000000e+00
8.735086144065983049e+00
4.128383989019825151e+01
8.530514711209943357e+01
8.274724190387142642e+01
6.928354364000161070e+01
4.735014820988295980e+01
3.008099299258846671e+01
1.719594677029997953e+01
1.001825749224523321e+01
5.322755518725658774e+00
2.414545983985769251e+00
9.335326858630819125e-01
0.000000000000000000e+00
0.000000000000000000e+00
0.000000000000000000e+00
0.000000000000000000e+00
0.000000000000000000e+00
0.000000000000000000e+00
0.000000000000000000e+00
0.000000000000000000e+00
0.000000000000000000e+00
0.000000000000000000e+00
0.000000000000000000e+00
0.000000000000000000e+00
1.394269717736181136e+00
9.450110118071568976e+00
4.270486559321147269e+01
7.099277139996708286e+01
9.389490150880388342e+01
7.333419586718763128e+01
5.765878799570604230e+01
3.504328149453893104e+01
2.086580914365545780e+01
1.212485825489000746e+01
8.475484895973549371e+00
4.498799556074628114e+00
1.945796915305013197e+00
7.638549567555716902e-01
0.000000000000000000e+00
0.000000000000000000e+00
0.000000000000000000e+00
0.000000000000000000e+00
0.000000000000000000e+00
0.000000000000000000e+00
0.000000000000000000e+00
0.000000000000000000e+00
0.000000000000000000e+00
0.000000000000000000e+00
0.000000000000000000e+00
0.000000000000000000e+00
1.600320024712511335e+00
4.879944012076633975e+00
2.480653905993786879e+01
7.910105786015306251e+01
9.800089095430239183e+01
7.138382102088876024e+01
5.779172450429115315e+01
3.905917896483312290e+01
2.701252948537376142e+01
1.527087609251755929e+01
9.799020665115509843e+00
5.975802714672594718e+00
3.361740327616205448e+00
1.506344663416804508e+00
5.828857240923459582e-01
0.000000000000000000e+00
0.000000000000000000e+00
0.000000000000000000e+00
0.000000000000000000e+00
0.000000000000000000e+00
0.000000000000000000e+00
0.000000000000000000e+00
0.000000000000000000e+00
0.000000000000000000e+00
0.000000000000000000e+00
0.000000000000000000e+00
0.000000000000000000e+00
0.000000000000000000e+00
3.200640049425022671e+00
2.161118062491080849e+01
6.733203459125992651e+01
9.317425220337048586e+01
8.796930369126356197e+01
7.197621787583389619e+01
4.597068994659523611e+01
2.774441680438543401e+01
2.033761872450920194e+01
1.244049819605956309e+01
7.778210955967174378e+00
4.276799982069602102e+00
2.430670089820540891e+00
1.179196875900026864e+00
4.611205911536831459e-01
0.000000000000000000e+00
0.000000000000000000e+00
0.000000000000000000e+00
0.000000000000000000e+00
0.000000000000000000e+00
0.000000000000000000e+00
0.000000000000000000e+00
0.000000000000000000e+00
0.000000000000000000e+00
0.000000000000000000e+00
0.000000000000000000e+00
0.000000000000000000e+00
9.825870786883099672e-01
1.792110769142687854e+00
1.680336025948136935e+01
6.274213729812814933e+01
8.386972729788517711e+01
9.317425220337048586e+01
7.330775307605296121e+01
4.768794682308336519e+01
2.933367834687505393e+01
2.169954386935173574e+01
1.334982152172911718e+01
9.675943041379660770e+00
5.643015791584028662e+00
3.495649300413053773e+00
1.977494310362473806e+00
9.350567359621331232e-01
3.601074106957948828e-01
0.000000000000000000e+00
0.000000000000000000e+00
0.000000000000000000e+00
0.000000000000000000e+00
0.000000000000000000e+00
0.000000000000000000e+00
0.000000000000000000e+00
0.000000000000000000e+00
0.000000000000000000e+00
0.000000000000000000e+00
0.000000000000000000e+00
0.000000000000000000e+00
0.000000000000000000e+00
0.000000000000000000e+00
1.523294153771284698e+01
5.121024079080036273e+01
9.411320594719222754e+01
1.015886837692693661e+02
7.036597171608708834e+01
5.440206938801825487e+01
3.969058928132404418e+01
2.386097716275657277e+01
1.425970025700256905e+01
9.699479699381312159e+00
7.372147079146407656e+00
3.889105477983587189e+00
2.577797249466609486e+00
1.408964696133262695e+00
7.031236030211340804e-01
2.746581945984876150e-01
0.000000000000000000e+00
0.000000000000000000e+00
0.000000000000000000e+00
0.000000000000000000e+00
0.000000000000000000e+00
0.000000000000000000e+00
0.000000000000000000e+00
0.000000000000000000e+00
0.000000000000000000e+00
0.000000000000000000e+00
0.000000000000000000e+00
0.000000000000000000e+00
0.000000000000000000e+00
2.117777877150457844e+00
1.179104494425972049e+01
4.569882461313854094e+01
7.761552119855680587e+01
1.136329819954987670e+02
8.091656788598780281e+01
5.629277737286966499e+01
4.359882156628412986e+01
2.488066790769566694e+01
1.838827597863809160e+01
1.131476216044769068e+01
8.239342970442189440e+00
5.463287567581713411e+00
3.584077597357423706e+00
2.128635607514094197e+00
1.178257026590973977e+00
5.346669064639872904e-01
2.111816340690593763e-01
0.000000000000000000e+00
0.000000000000000000e+00
0.000000000000000000e+00
0.000000000000000000e+00
0.000000000000000000e+00
0.000000000000000000e+00
0.000000000000000000e+00
0.000000000000000000e+00
0.000000000000000000e+00
0.000000000000000000e+00
0.000000000000000000e+00
0.000000000000000000e+00
0.000000000000000000e+00
1.125116986457390666e+00
5.294444692876144387e+00
3.733830899015578098e+01
8.602131691884900988e+01
8.001600123562556632e+01
6.692494645133669451e+01
5.256623753177310476e+01
3.591090970338237298e+01
2.314981676085882967e+01
1.569851665604607582e+01
9.413046036683786255e+00
6.974853386577343883e+00
5.423364993202453910e+00
3.159491605348460297e+00
2.783379410713743951e+00
1.659945198520165199e+00
9.310702377956647791e-01
4.394522518882088002e-01
1.556396436058096744e-01
0.000000000000000000e+00
0.000000000000000000e+00
0.000000000000000000e+00
0.000000000000000000e+00
0.000000000000000000e+00
0.000000000000000000e+00
0.000000000000000000e+00
0.000000000000000000e+00
0.000000000000000000e+00
0.000000000000000000e+00
0.000000000000000000e+00
0.000000000000000000e+00
0.000000000000000000e+00
1.182041580245927204e+00
3.375350959372171999e+00
2.964889028010641070e+01
7.467661798031156195e+01
7.795681845770691609e+01
7.521504116148803121e+01
4.531376582642588602e+01
3.898170423704522136e+01
2.571997586863872698e+01
1.427572033586294609e+01
1.125554024395756336e+01
7.442873610401132822e+00
6.664859902729461716e+00
4.276114706178858249e+00
3.093668863570367744e+00
1.753910313600441251e+00
1.288898624733304743e+00
5.685296142292112220e-01
3.344719917149144295e-01
1.312255818637218796e-01
0.000000000000000000e+00
0.000000000000000000e+00
0.000000000000000000e+00
0.000000000000000000e+00
0.000000000000000000e+00
0.000000000000000000e+00
0.000000000000000000e+00
0.000000000000000000e+00
0.000000000000000000e+00
0.000000000000000000e+00
0.000000000000000000e+00
0.000000000000000000e+00
0.000000000000000000e+00
0.000000000000000000e+00
4.728166320983708815e+00
2.475257370206259466e+01
6.247444737593850306e+01
7.958955337375310535e+01
6.720415384285080052e+01
5.041008077844410451e+01
2.509685491925126044e+01
2.126274776566102886e+01
1.310262921609897546e+01
9.645756983691180508e+00
8.885952824177024922e+00
5.472701184118480278e+00
5.269889225413993294e+00
3.233159899793770720e+00
2.632909671123717210e+00
1.601396373287359509e+00
8.983232839050305785e-01
4.202175409520256810e-01
2.172847245447254438e-01
9.887695005545554805e-02
0.000000000000000000e+00
0.000000000000000000e+00
0.000000000000000000e+00
0.000000000000000000e+00
0.000000000000000000e+00
0.000000000000000000e+00
0.000000000000000000e+00
0.000000000000000000e+00
0.000000000000000000e+00
0.000000000000000000e+00
0.000000000000000000e+00
0.000000000000000000e+00
0.000000000000000000e+00
0.000000000000000000e+00
3.692146342466903874e+00
2.600491476541039759e+01
7.425772110618778754e+01
7.624000357741648770e+01
5.207711517048042538e+01
4.749093538228122924e+01
3.200640049425022937e+01
2.370258520151507753e+01
1.299390141234840712e+01
1.261734665253975329e+01
7.330775307605296831e+00
6.812563831869051789e+00
3.940344852565305533e+00
3.719921806174583345e+00
3.337455380432279295e+00
1.448100319118044377e+00
1.105726067269843460e+00
6.639780794080660797e-01
3.131032658073916730e-01
2.026363161484518172e-01
8.422851301020287118e-02
0.000000000000000000e+00
0.000000000000000000e+00
0.000000000000000000e+00
0.000000000000000000e+00
0.000000000000000000e+00
0.000000000000000000e+00
0.000000000000000000e+00
0.000000000000000000e+00
0.000000000000000000e+00
0.000000000000000000e+00
0.000000000000000000e+00
0.000000000000000000e+00
0.000000000000000000e+00
0.000000000000000000e+00
3.816765479046988485e+00
8.615008132422774523e+00
4.491758004934523285e+01
6.413166822807126266e+01
5.400333586733667346e+01
3.832089606884408539e+01
2.598560615256897322e+01
2.080416032126264625e+01
1.045702288302135941e+01
1.181263764758946166e+01
1.067621639830286817e+01
6.173284469562354992e+00
2.665785847253107299e+00
3.283620710471088167e+00
2.944938096554878371e+00
2.085909612770174615e+00
1.184809352005672611e+00
1.067597582191572858e+00
5.468054771595838304e-01
3.131032658073916730e-01
1.245114713683258129e-01
6.439208784475654312e-02
0.000000000000000000e+00
0.000000000000000000e+00
0.000000000000000000e+00
0.000000000000000000e+00
0.000000000000000000e+00
0.000000000000000000e+00
0.000000000000000000e+00
0.000000000000000000e+00
0.000000000000000000e+00
0.000000000000000000e+00
0.000000000000000000e+00
0.000000000000000000e+00
0.000000000000000000e+00
0.000000000000000000e+00
1.307719656795440555e+00
1.653931707587028299e+01
3.446003252969109809e+01
6.264820375303413869e+01
5.400561534995475199e+01
2.964889028010641070e+01
2.652985112458436845e+01
2.240138461428359662e+01
1.600320024712511469e+01
1.045702288302135941e+01
1.004074200045104170e+01
5.823390762710655366e+00
3.858302793476471759e+00
2.961984274725674826e+00
3.502528757835827289e+00
1.239973935391527782e+00
1.877318651493157020e+00
5.924046760028363057e-01
5.337987910957864290e-01
4.686904089939289975e-01
2.554263484218195490e-01
1.171872671701890134e-01
5.279540851726484407e-02
0.000000000000000000e+00
0.000000000000000000e+00
0.000000000000000000e+00
0.000000000000000000e+00
0.000000000000000000e+00
0.000000000000000000e+00
0.000000000000000000e+00
0.000000000000000000e+00
0.000000000000000000e+00
0.000000000000000000e+00
0.000000000000000000e+00
0.000000000000000000e+00
0.000000000000000000e+00
0.000000000000000000e+00
0.000000000000000000e+00
5.230878627181762219e+00
4.071216510983454384e+01
5.415147968951458779e+01
4.137145530860745168e+01
2.925304164789215733e+01
2.223666771007980714e+01
1.965174157376619846e+01
7.168443076570751415e+00
8.001600123562557343e+00
4.879944012076633975e+00
3.543791294276838144e+00
2.911695381355327683e+00
6.173284469562354992e+00
5.923968549451349430e-01
3.064712663106349044e+00
1.394970677315468865e+00
1.042954806385087307e+00
9.215183848933009569e-01
5.719272761740569200e-01
2.929315056212056234e-01
2.142285502892679883e-01
1.123044643714311286e-01
4.394531113575802367e-02
0.000000000000000000e+00
0.000000000000000000e+00
0.000000000000000000e+00
0.000000000000000000e+00
0.000000000000000000e+00
0.000000000000000000e+00
0.000000000000000000e+00
0.000000000000000000e+00
0.000000000000000000e+00
0.000000000000000000e+00
0.000000000000000000e+00
0.000000000000000000e+00
0.000000000000000000e+00
0.000000000000000000e+00
0.000000000000000000e+00
5.352219260160286929e+00
3.661615039027233820e+01
5.216246154697550708e+01
3.569074797718006664e+01
3.073308108639410818e+01
1.350140383748868800e+01
1.694222301720366275e+01
7.860696629506479738e+00
7.168443076570751415e+00
4.800960074137534228e+00
5.577078870944724542e+00
1.771895647138419072e+00
3.882260508473770244e+00
1.929151396738235880e+00
8.885952824177023590e-01
1.313448284188435178e+00
1.704964161163350589e+00
1.877318651493157020e+00
5.265819342247434198e-01
3.431563657044341964e-01
2.734027385797919152e-01
1.812703117832267785e-01
8.789045037764176005e-02
3.692626838490778440e-02
0.000000000000000000e+00
0.000000000000000000e+00
0.000000000000000000e+00
0.000000000000000000e+00
0.000000000000000000e+00
0.000000000000000000e+00
0.000000000000000000e+00
0.000000000000000000e+00
0.000000000000000000e+00
0.000000000000000000e+00
0.000000000000000000e+00
0.000000000000000000e+00
0.000000000000000000e+00
0.000000000000000000e+00
1.386476391214087167e+00
1.364076919001420141e+00
2.676109630080143376e+01
5.361650592861306563e+01
3.053412383237590788e+01
2.461430894977935679e+01
9.456332641967417629e+00
1.012605287811651600e+01
7.412222570026602675e+00
7.860696629506479738e+00
1.792110769142687854e+00
2.400480037068767114e+00
6.274213729812815110e+00
1.181263764758946122e+00
2.911695381355327683e+00
1.157490838042941617e+00
2.073388992307972245e+00
1.094540236823696056e+00
9.299804515436458363e-01
5.214774031925436537e-01
5.924046760028363057e-01
2.287709104696227791e-01
1.562301363313096658e-01
1.071142751446339941e-01
4.882802798757875096e-02
2.960204986228144597e-02
0.000000000000000000e+00
0.000000000000000000e+00
0.000000000000000000e+00
0.000000000000000000e+00
0.000000000000000000e+00
0.000000000000000000e+00
0.000000000000000000e+00
0.000000000000000000e+00
0.000000000000000000e+00
0.000000000000000000e+00
0.000000000000000000e+00
0.000000000000000000e+00
0.000000000000000000e+00
0.000000000000000000e+00
1.405830553902068791e+00
5.545905564856348668e+00
2.182523070402272225e+01
5.218413778656280044e+01
3.661615039027233820e+01
2.290059287428193002e+01
1.107643902740071162e+01
1.182041580245927292e+01
7.875818905201734665e+00
7.412222570026602675e+00
6.878109550818169993e+00
2.688166153714031559e+00
3.200640049425022671e+00
5.577078870944724542e+00
5.906318823794730610e-01
1.455847690677663842e+00
1.157490838042941617e+00
1.184793709890269886e+00
8.756321894589568222e-01
1.394970677315468865e+00
5.214774031925436537e-01
3.291137088904646513e-01
2.287709104696227791e-01
2.148164374555507905e-01
9.887471551812368475e-02
4.882802798757875096e-02
2.166747979610291266e-02
0.000000000000000000e+00
0.000000000000000000e+00
0.000000000000000000e+00
0.000000000000000000e+00
0.000000000000000000e+00
0.000000000000000000e+00
0.000000000000000000e+00
0.000000000000000000e+00
0.000000000000000000e+00
0.000000000000000000e+00
0.000000000000000000e+00
0.000000000000000000e+00
0.000000000000000000e+00
0.000000000000000000e+00
1.422619279714792961e+00
1.405830553902068791e+00
1.386476391214087123e+01
3.819415373203976571e+01
2.809915111584150793e+01
9.154037597568084550e+00
1.272255159682329406e+01
9.845723579911743073e+00
1.182041580245927204e+00
6.750701918744343999e+00
4.235555754300915687e+00
2.947761236064930124e+00
8.960553845713439269e-01
4.000800061781278671e+00
1.394269717736181136e+00
2.953159411897365416e+00
0.000000000000000000e+00
1.157490838042941617e+00
8.885952824177023590e-01
8.756321894589568222e-01
7.749837096197048636e-01
4.171819225540349119e-01
5.265819342247434198e-01
7.625697015654092636e-02
1.952876704141370823e-01
1.071142751446339941e-01
4.394522518882088002e-02
1.525878858880486827e-02
0.000000000000000000e+00
0.000000000000000000e+00
0.000000000000000000e+00
0.000000000000000000e+00
0.000000000000000000e+00
0.000000000000000000e+00
0.000000000000000000e+00
0.000000000000000000e+00
0.000000000000000000e+00
0.000000000000000000e+00
0.000000000000000000e+00
0.000000000000000000e+00
0.000000000000000000e+00
0.000000000000000000e+00
0.000000000000000000e+00
2.845238559429585923e+00
1.968162775462896263e+01
2.495657504185356856e+01
3.137376913703266368e+01
1.471860296544078928e+01
1.438491622474984588e+01
7.633530958093976970e+00
4.922861789955871537e+00
1.182041580245927204e+00
5.625584932286953332e+00
2.117777877150457844e+00
2.947761236064930124e+00
1.792110769142687854e+00
2.400480037068767114e+00
6.971348588680905678e-01
5.906318823794730610e-01
0.000000000000000000e+00
3.858302793476471870e-01
8.885952824177023590e-01
6.567241420942175889e-01
7.749837096197048636e-01
6.257728838310523400e-01
4.607591924466504785e-01
1.143854552348113895e-01
7.811506816565483291e-02
6.591647701208246113e-02
1.953121119503150108e-02
1.190185509926779822e-02
0.000000000000000000e+00
0.000000000000000000e+00
0.000000000000000000e+00
0.000000000000000000e+00
0.000000000000000000e+00
0.000000000000000000e+00
0.000000000000000000e+00
0.000000000000000000e+00
0.000000000000000000e+00
0.000000000000000000e+00
0.000000000000000000e+00
0.000000000000000000e+00
0.000000000000000000e+00
0.000000000000000000e+00
0.000000000000000000e+00
0.000000000000000000e+00
1.707143135657751642e+01
4.779823883267033580e+01
1.109181112971269734e+01
1.227669227101278082e+01
1.204249333536064626e+01
3.923158970386321442e+00
0.000000000000000000e+00
4.922861789955871537e+00
2.364083160491854407e+00
2.250233972914781333e+00
1.058888938575228922e+00
2.947761236064930124e+00
1.792110769142687854e+00
0.000000000000000000e+00
1.394269717736181136e+00
5.906318823794730610e-01
0.000000000000000000e+00
3.858302793476471870e-01
5.923968549451349430e-01
0.000000000000000000e+00
3.099934838478819454e-01
5.214774031925436537e-01
6.582274177809292748e-02
1.143854552348113895e-01
5.858630112424112468e-02
5.767691738557215175e-02
1.464840839627362667e-02
1.159667932749170079e-02
0.000000000000000000e+00
0.000000000000000000e+00
0.000000000000000000e+00
0.000000000000000000e+00
0.000000000000000000e+00
0.000000000000000000e+00
0.000000000000000000e+00
0.000000000000000000e+00
0.000000000000000000e+00
0.000000000000000000e+00
0.000000000000000000e+00
0.000000000000000000e+00
0.000000000000000000e+00
0.000000000000000000e+00
0.000000000000000000e+00
1.450024003277625040e+00
1.006068327345037083e+01
3.272024343344023833e+01
1.546413609292275737e+01
1.663771669456904689e+01
5.456307676005680563e+00
5.352219260160286929e+00
2.615439313590881110e+00
2.544510319364658990e+00
0.000000000000000000e+00
0.000000000000000000e+00
2.250233972914781333e+00
1.058888938575228922e+00
0.000000000000000000e+00
3.584221538285375708e+00
0.000000000000000000e+00
6.971348588680905678e-01
1.181263764758946122e+00
9.705651271184425610e-01
0.000000000000000000e+00
0.000000000000000000e+00
4.378160947294784111e-01
3.099934838478819454e-01
1.042954806385087280e-01
6.582274177809292748e-02
2.287709104696227791e-01
3.905753408282741646e-02
4.943735775906184238e-02
2.685541539316831441e-02
1.007080046861121361e-02
0.000000000000000000e+00
0.000000000000000000e+00
0.000000000000000000e+00
0.000000000000000000e+00
0.000000000000000000e+00
0.000000000000000000e+00
0.000000000000000000e+00
0.000000000000000000e+00
0.000000000000000000e+00
0.000000000000000000e+00
0.000000000000000000e+00
0.000000000000000000e+00
0.000000000000000000e+00
0.000000000000000000e+00
0.000000000000000000e+00
1.461243764860584493e+00
7.250120016388125421e+00
2.587032841744381173e+01
1.849405063629230739e+01
4.217491661706206152e+00
0.000000000000000000e+00
1.364076919001420141e+00
1.338054815040071732e+00
2.615439313590881110e+00
1.272255159682329495e+00
1.230715447488967884e+00
3.546124740737781611e+00
1.125116986457390666e+00
2.117777877150457844e+00
2.947761236064930124e+00
8.960553845713439269e-01
0.000000000000000000e+00
0.000000000000000000e+00
1.771895647138419072e+00
0.000000000000000000e+00
0.000000000000000000e+00
0.000000000000000000e+00
4.378160947294784111e-01
1.549967419239409727e-01
2.085909612770174559e-01
0.000000000000000000e+00
3.812848507827046318e-02
1.952876704141370823e-02
4.119779813255153994e-02
1.953121119503150108e-02
9.460448925059018743e-03
0.000000000000000000e+00
0.000000000000000000e+00
0.000000000000000000e+00
0.000000000000000000e+00
0.000000000000000000e+00
0.000000000000000000e+00
0.000000000000000000e+00
0.000000000000000000e+00
0.000000000000000000e+00
0.000000000000000000e+00
0.000000000000000000e+00
0.000000000000000000e+00
0.000000000000000000e+00
0.000000000000000000e+00
0.000000000000000000e+00
1.471127674303734700e+00
1.461243764860584449e+01
2.030033604588675189e+01
1.006068327345037083e+01
8.535715678288758212e+00
5.623322215608275165e+00
4.159429173642261723e+00
0.000000000000000000e+00
4.014164445120215419e+00
0.000000000000000000e+00
5.089020638729317980e+00
2.461430894977935768e+00
0.000000000000000000e+00
0.000000000000000000e+00
0.000000000000000000e+00
0.000000000000000000e+00
0.000000000000000000e+00
0.000000000000000000e+00
0.000000000000000000e+00
5.906318823794730610e-01
4.852825635592212805e-01
0.000000000000000000e+00
0.000000000000000000e+00
0.000000000000000000e+00
1.549967419239409727e-01
1.042954806385087280e-01
6.582274177809292748e-02
7.625697015654092636e-02
1.952876704141370823e-02
4.943735775906184238e-02
1.953121119503150108e-02
6.408691207298045263e-03
0.000000000000000000e+00
0.000000000000000000e+00
0.000000000000000000e+00
0.000000000000000000e+00
0.000000000000000000e+00
0.000000000000000000e+00
0.000000000000000000e+00
0.000000000000000000e+00
0.000000000000000000e+00
0.000000000000000000e+00
0.000000000000000000e+00
0.000000000000000000e+00
0.000000000000000000e+00
0.000000000000000000e+00
0.000000000000000000e+00
0.000000000000000000e+00
1.324014906873361141e+01
2.776363153235110559e+01
1.305021602949862469e+01
4.311721402907301659e+00
2.845238559429585923e+00
2.811661107804137583e+00
1.386476391214087167e+00
1.364076919001420141e+00
2.676109630080143464e+00
0.000000000000000000e+00
0.000000000000000000e+00
0.000000000000000000e+00
0.000000000000000000e+00
2.250233972914781333e+00
1.058888938575228922e+00
0.000000000000000000e+00
0.000000000000000000e+00
0.000000000000000000e+00
0.000000000000000000e+00
5.906318823794730610e-01
0.000000000000000000e+00
0.000000000000000000e+00
0.000000000000000000e+00
0.000000000000000000e+00
1.549967419239409727e-01
1.042954806385087280e-01
1.974682253342787686e-01
3.812848507827046318e-02
1.952876704141370823e-02
0.000000000000000000e+00
1.953121119503150108e-02
6.103515435521947828e-03
0.000000000000000000e+00
0.000000000000000000e+00
0.000000000000000000e+00
0.000000000000000000e+00
0.000000000000000000e+00
0.000000000000000000e+00
0.000000000000000000e+00
0.000000000000000000e+00
0.000000000000000000e+00
0.000000000000000000e+00
0.000000000000000000e+00
0.000000000000000000e+00
0.000000000000000000e+00
0.000000000000000000e+00
0.000000000000000000e+00
0.000000000000000000e+00
5.919463928183089863e+00
1.912465976594855022e+01
8.767462589163507403e+00
1.160019202622100032e+01
2.874480935271534587e+00
0.000000000000000000e+00
2.811661107804137583e+00
0.000000000000000000e+00
4.092230757004260866e+00
1.338054815040071732e+00
1.307719656795440555e+00
0.000000000000000000e+00
0.000000000000000000e+00
1.182041580245927204e+00
0.000000000000000000e+00
1.058888938575228922e+00
9.825870786883099672e-01
0.000000000000000000e+00
0.000000000000000000e+00
0.000000000000000000e+00
0.000000000000000000e+00
0.000000000000000000e+00
0.000000000000000000e+00
2.961984274725674715e-01
0.000000000000000000e+00
0.000000000000000000e+00
0.000000000000000000e+00
1.316454835561858550e-01
3.812848507827046318e-02
1.952876704141370823e-02
8.239559626510307641e-03
2.441401399378937635e-03
5.187988120193655524e-03
0.000000000000000000e+00
0.000000000000000000e+00
0.000000000000000000e+00
0.000000000000000000e+00
0.000000000000000000e+00
0.000000000000000000e+00
0.000000000000000000e+00
0.000000000000000000e+00
0.000000000000000000e+00
0.000000000000000000e+00
0.000000000000000000e+00
0.000000000000000000e+00
0.000000000000000000e+00
0.000000000000000000e+00
0.000000000000000000e+00
0.000000000000000000e+00
4.462854109223843402e+00
1.627852580250349845e+01
5.884510697214938801e+00
2.922487529721168986e+00
2.900048006555250080e+00
0.000000000000000000e+00
0.000000000000000000e+00
0.000000000000000000e+00
1.386476391214087167e+00
0.000000000000000000e+00
0.000000000000000000e+00
0.000000000000000000e+00
1.272255159682329495e+00
1.230715447488967884e+00
1.182041580245927204e+00
1.125116986457390666e+00
0.000000000000000000e+00
9.825870786883099672e-01
8.960553845713439269e-01
8.001600123562556677e-01
0.000000000000000000e+00
0.000000000000000000e+00
0.000000000000000000e+00
0.000000000000000000e+00
0.000000000000000000e+00
2.189080473647392056e-01
0.000000000000000000e+00
0.000000000000000000e+00
0.000000000000000000e+00
7.625697015654092636e-02
5.858630112424112468e-02
1.647911925302061528e-02
9.765605597515750538e-03
4.577636576641460654e-03
0.000000000000000000e+00
0.000000000000000000e+00
0.000000000000000000e+00
0.000000000000000000e+00
0.000000000000000000e+00
0.000000000000000000e+00
0.000000000000000000e+00
0.000000000000000000e+00
0.000000000000000000e+00
0.000000000000000000e+00
0.000000000000000000e+00
0.000000000000000000e+00
0.000000000000000000e+00
0.000000000000000000e+00
0.000000000000000000e+00
0.000000000000000000e+00
2.989035579654610419e+00
7.438090182039739595e+00
8.879195892274633906e+00
0.000000000000000000e+00
0.000000000000000000e+00
0.000000000000000000e+00
1.437240467635767294e+00
0.000000000000000000e+00
0.000000000000000000e+00
0.000000000000000000e+00
0.000000000000000000e+00
0.000000000000000000e+00
0.000000000000000000e+00
0.000000000000000000e+00
0.000000000000000000e+00
0.000000000000000000e+00
0.000000000000000000e+00
0.000000000000000000e+00
0.000000000000000000e+00
0.000000000000000000e+00
0.000000000000000000e+00
6.971348588680905678e-01
0.000000000000000000e+00
0.000000000000000000e+00
0.000000000000000000e+00
2.961984274725674715e-01
0.000000000000000000e+00
1.549967419239409727e-01
1.042954806385087280e-01
1.316454835561858550e-01
0.000000000000000000e+00
1.952876704141370823e-02
8.239559626510307641e-03
4.882802798757875269e-03
2.136230402432681610e-03
0.000000000000000000e+00
0.000000000000000000e+00
0.000000000000000000e+00
0.000000000000000000e+00
0.000000000000000000e+00
0.000000000000000000e+00
0.000000000000000000e+00
0.000000000000000000e+00
0.000000000000000000e+00
0.000000000000000000e+00
0.000000000000000000e+00
0.000000000000000000e+00
0.000000000000000000e+00
0.000000000000000000e+00
0.000000000000000000e+00
0.000000000000000000e+00
4.502034809592829312e+00
7.472588949136525827e+00
1.041332625485563490e+01
2.959731964091544931e+00
0.000000000000000000e+00
0.000000000000000000e+00
1.450024003277625040e+00
2.874480935271534587e+00
0.000000000000000000e+00
0.000000000000000000e+00
0.000000000000000000e+00
2.728153838002840281e+00
0.000000000000000000e+00
1.307719656795440555e+00
0.000000000000000000e+00
0.000000000000000000e+00
0.000000000000000000e+00
0.000000000000000000e+00
0.000000000000000000e+00
0.000000000000000000e+00
8.960553845713439269e-01
0.000000000000000000e+00
0.000000000000000000e+00
0.000000000000000000e+00
0.000000000000000000e+00
0.000000000000000000e+00
2.961984274725674715e-01
0.000000000000000000e+00
0.000000000000000000e+00
3.128864419155261700e-01
0.000000000000000000e+00
7.625697015654092636e-02
1.952876704141370823e-02
1.647911925302061528e-02
7.324204198136813337e-03
1.831054630656584175e-03
0.000000000000000000e+00
0.000000000000000000e+00
0.000000000000000000e+00
0.000000000000000000e+00
0.000000000000000000e+00
0.000000000000000000e+00
0.000000000000000000e+00
0.000000000000000000e+00
0.000000000000000000e+00
0.000000000000000000e+00
0.000000000000000000e+00
0.000000000000000000e+00
0.000000000000000000e+00
0.000000000000000000e+00
0.000000000000000000e+00
0.000000000000000000e+00
4.518585629935728321e+00
1.050474788904993417e+01
1.494517789827305210e+00
7.438090182039739595e+00
4.439597946137316953e+00
0.000000000000000000e+00
0.000000000000000000e+00
0.000000000000000000e+00
0.000000000000000000e+00
0.000000000000000000e+00
0.000000000000000000e+00
0.000000000000000000e+00
0.000000000000000000e+00
0.000000000000000000e+00
0.000000000000000000e+00
0.000000000000000000e+00
0.000000000000000000e+00
0.000000000000000000e+00
0.000000000000000000e+00
0.000000000000000000e+00
0.000000000000000000e+00
0.000000000000000000e+00
0.000000000000000000e+00
0.000000000000000000e+00
0.000000000000000000e+00
4.852825635592212805e-01
3.858302793476471870e-01
0.000000000000000000e+00
0.000000000000000000e+00
0.000000000000000000e+00
0.000000000000000000e+00
0.000000000000000000e+00
0.000000000000000000e+00
0.000000000000000000e+00
0.000000000000000000e+00
7.324204198136813337e-03
2.441406174208779045e-03
0.000000000000000000e+00
0.000000000000000000e+00
0.000000000000000000e+00
0.000000000000000000e+00
0.000000000000000000e+00
0.000000000000000000e+00
0.000000000000000000e+00
0.000000000000000000e+00
0.000000000000000000e+00
0.000000000000000000e+00
0.000000000000000000e+00
0.000000000000000000e+00
0.000000000000000000e+00
0.000000000000000000e+00
0.000000000000000000e+00
0.000000000000000000e+00
3.022300003848441552e+00
4.518585629935728321e+00
6.002713079457105749e+00
1.494517789827305210e+00
0.000000000000000000e+00
0.000000000000000000e+00
0.000000000000000000e+00
0.000000000000000000e+00
1.450024003277625040e+00
1.437240467635767294e+00
0.000000000000000000e+00
0.000000000000000000e+00
0.000000000000000000e+00
0.000000000000000000e+00
0.000000000000000000e+00
0.000000000000000000e+00
1.272255159682329495e+00
0.000000000000000000e+00
0.000000000000000000e+00
0.000000000000000000e+00
0.000000000000000000e+00
0.000000000000000000e+00
0.000000000000000000e+00
0.000000000000000000e+00
0.000000000000000000e+00
0.000000000000000000e+00
0.000000000000000000e+00
0.000000000000000000e+00
0.000000000000000000e+00
0.000000000000000000e+00
0.000000000000000000e+00
0.000000000000000000e+00
0.000000000000000000e+00
0.000000000000000000e+00
3.905753408282741646e-02
0.000000000000000000e+00
2.441401399378937635e-03
1.220703087104389522e-03
0.000000000000000000e+00
0.000000000000000000e+00
0.000000000000000000e+00
0.000000000000000000e+00
0.000000000000000000e+00
0.000000000000000000e+00
0.000000000000000000e+00
0.000000000000000000e+00
0.000000000000000000e+00
0.000000000000000000e+00
0.000000000000000000e+00
0.000000000000000000e+00
0.000000000000000000e+00
0.000000000000000000e+00
0.000000000000000000e+00
0.000000000000000000e+00
0.000000000000000000e+00
6.044600007696883104e+00
4.518585629935728321e+00
0.000000000000000000e+00
0.000000000000000000e+00
0.000000000000000000e+00
0.000000000000000000e+00
0.000000000000000000e+00
0.000000000000000000e+00
0.000000000000000000e+00
0.000000000000000000e+00
0.000000000000000000e+00
0.000000000000000000e+00
0.000000000000000000e+00
0.000000000000000000e+00
0.000000000000000000e+00
1.307719656795440555e+00
0.000000000000000000e+00
0.000000000000000000e+00
0.000000000000000000e+00
0.000000000000000000e+00
0.000000000000000000e+00
0.000000000000000000e+00
0.000000000000000000e+00
0.000000000000000000e+00
0.000000000000000000e+00
0.000000000000000000e+00
0.000000000000000000e+00
0.000000000000000000e+00
0.000000000000000000e+00
0.000000000000000000e+00
0.000000000000000000e+00
0.000000000000000000e+00
6.582274177809292748e-02
3.812848507827046318e-02
0.000000000000000000e+00
0.000000000000000000e+00
4.882802798757875269e-03
9.155273153282920875e-04
0.000000000000000000e+00
0.000000000000000000e+00
0.000000000000000000e+00
0.000000000000000000e+00
0.000000000000000000e+00
0.000000000000000000e+00
0.000000000000000000e+00
0.000000000000000000e+00
0.000000000000000000e+00
0.000000000000000000e+00
0.000000000000000000e+00
0.000000000000000000e+00
0.000000000000000000e+00
0.000000000000000000e+00
0.000000000000000000e+00
0.000000000000000000e+00
3.039281991600626842e+00
1.212489681389073226e+01
9.066900011545325100e+00
1.506195209978576255e+00
3.001356539728552875e+00
0.000000000000000000e+00
0.000000000000000000e+00
0.000000000000000000e+00
0.000000000000000000e+00
0.000000000000000000e+00
0.000000000000000000e+00
0.000000000000000000e+00
0.000000000000000000e+00
0.000000000000000000e+00
0.000000000000000000e+00
0.000000000000000000e+00
0.000000000000000000e+00
0.000000000000000000e+00
0.000000000000000000e+00
0.000000000000000000e+00
0.000000000000000000e+00
0.000000000000000000e+00
0.000000000000000000e+00
0.000000000000000000e+00
0.000000000000000000e+00
0.000000000000000000e+00
0.000000000000000000e+00
0.000000000000000000e+00
0.000000000000000000e+00
0.000000000000000000e+00
0.000000000000000000e+00
0.000000000000000000e+00
0.000000000000000000e+00
0.000000000000000000e+00
6.582274177809292748e-02
0.000000000000000000e+00
0.000000000000000000e+00
0.000000000000000000e+00
4.882802798757875269e-03
2.441406174208779045e-03
0.000000000000000000e+00
0.000000000000000000e+00
0.000000000000000000e+00
0.000000000000000000e+00
0.000000000000000000e+00
0.000000000000000000e+00
0.000000000000000000e+00
0.000000000000000000e+00
0.000000000000000000e+00
0.000000000000000000e+00
0.000000000000000000e+00
0.000000000000000000e+00
0.000000000000000000e+00
0.000000000000000000e+00
0.000000000000000000e+00
0.000000000000000000e+00
1.523287812427410515e+00
4.558922987400940485e+00
1.515612101736341533e+00
1.511150001924220776e+00
1.506195209978576255e+00
0.000000000000000000e+00
0.000000000000000000e+00
0.000000000000000000e+00
0.000000000000000000e+00
1.471127674303734700e+00
0.000000000000000000e+00
0.000000000000000000e+00
0.000000000000000000e+00
0.000000000000000000e+00
0.000000000000000000e+00
0.000000000000000000e+00
0.000000000000000000e+00
0.000000000000000000e+00
0.000000000000000000e+00
0.000000000000000000e+00
0.000000000000000000e+00
0.000000000000000000e+00
1.125116986457390666e+00
0.000000000000000000e+00
0.000000000000000000e+00
0.000000000000000000e+00
0.000000000000000000e+00
0.000000000000000000e+00
0.000000000000000000e+00
0.000000000000000000e+00
0.000000000000000000e+00
2.961984274725674715e-01
0.000000000000000000e+00
0.000000000000000000e+00
0.000000000000000000e+00
0.000000000000000000e+00
0.000000000000000000e+00
1.952876704141370823e-02
0.000000000000000000e+00
0.000000000000000000e+00
9.155273153282920875e-04
0.000000000000000000e+00
0.000000000000000000e+00
0.000000000000000000e+00
0.000000000000000000e+00
0.000000000000000000e+00
0.000000000000000000e+00
0.000000000000000000e+00
0.000000000000000000e+00
0.000000000000000000e+00
0.000000000000000000e+00
0.000000000000000000e+00
0.000000000000000000e+00
0.000000000000000000e+00
0.000000000000000000e+00
0.000000000000000000e+00
0.000000000000000000e+00
1.526596647263466888e+00
6.093151249709642059e+00
4.558922987400940485e+00
0.000000000000000000e+00
1.511150001924220776e+00
1.506195209978576255e+00
0.000000000000000000e+00
0.000000000000000000e+00
0.000000000000000000e+00
0.000000000000000000e+00
0.000000000000000000e+00
1.461243764860584493e+00
0.000000000000000000e+00
0.000000000000000000e+00
0.000000000000000000e+00
0.000000000000000000e+00
0.000000000000000000e+00
0.000000000000000000e+00
0.000000000000000000e+00
0.000000000000000000e+00
0.000000000000000000e+00
0.000000000000000000e+00
0.000000000000000000e+00
0.000000000000000000e+00
1.058888938575228922e+00
0.000000000000000000e+00
0.000000000000000000e+00
0.000000000000000000e+00
6.971348588680905678e-01
0.000000000000000000e+00
0.000000000000000000e+00
0.000000000000000000e+00
0.000000000000000000e+00
0.000000000000000000e+00
0.000000000000000000e+00
0.000000000000000000e+00
0.000000000000000000e+00
0.000000000000000000e+00
1.952876704141370823e-02
0.000000000000000000e+00
0.000000000000000000e+00
3.051757717760973806e-04
0.000000000000000000e+00
0.000000000000000000e+00
0.000000000000000000e+00
0.000000000000000000e+00
0.000000000000000000e+00
0.000000000000000000e+00
0.000000000000000000e+00
0.000000000000000000e+00
0.000000000000000000e+00
0.000000000000000000e+00
0.000000000000000000e+00
0.000000000000000000e+00
0.000000000000000000e+00
0.000000000000000000e+00
0.000000000000000000e+00
0.000000000000000000e+00
1.529605657132143248e+00
4.579789941790400221e+00
0.000000000000000000e+00
1.519640995800313421e+00
1.515612101736341533e+00
0.000000000000000000e+00
0.000000000000000000e+00
0.000000000000000000e+00
0.000000000000000000e+00
0.000000000000000000e+00
0.000000000000000000e+00
0.000000000000000000e+00
0.000000000000000000e+00
0.000000000000000000e+00
0.000000000000000000e+00
0.000000000000000000e+00
0.000000000000000000e+00
0.000000000000000000e+00
0.000000000000000000e+00
0.000000000000000000e+00
0.000000000000000000e+00
0.000000000000000000e+00
0.000000000000000000e+00
1.182041580245927204e+00
1.125116986457390666e+00
0.000000000000000000e+00
0.000000000000000000e+00
0.000000000000000000e+00
0.000000000000000000e+00
0.000000000000000000e+00
0.000000000000000000e+00
0.000000000000000000e+00
0.000000000000000000e+00
0.000000000000000000e+00
0.000000000000000000e+00
0.000000000000000000e+00
0.000000000000000000e+00
6.582274177809292748e-02
0.000000000000000000e+00
0.000000000000000000e+00
0.000000000000000000e+00
0.000000000000000000e+00
6.103515435521947611e-04
0.000000000000000000e+00
0.000000000000000000e+00
0.000000000000000000e+00
0.000000000000000000e+00
0.000000000000000000e+00
0.000000000000000000e+00
0.000000000000000000e+00
0.000000000000000000e+00
0.000000000000000000e+00
0.000000000000000000e+00
0.000000000000000000e+00
0.000000000000000000e+00
0.000000000000000000e+00
0.000000000000000000e+00
0.000000000000000000e+00
0.000000000000000000e+00
0.000000000000000000e+00
7.648028285660716463e+00
3.053193294526933776e+00
0.000000000000000000e+00
0.000000000000000000e+00
0.000000000000000000e+00
0.000000000000000000e+00
0.000000000000000000e+00
0.000000000000000000e+00
0.000000000000000000e+00
0.000000000000000000e+00
0.000000000000000000e+00
0.000000000000000000e+00
0.000000000000000000e+00
0.000000000000000000e+00
0.000000000000000000e+00
0.000000000000000000e+00
1.405830553902068791e+00
0.000000000000000000e+00
0.000000000000000000e+00
0.000000000000000000e+00
0.000000000000000000e+00
0.000000000000000000e+00
0.000000000000000000e+00
0.000000000000000000e+00
0.000000000000000000e+00
0.000000000000000000e+00
0.000000000000000000e+00
0.000000000000000000e+00
0.000000000000000000e+00
0.000000000000000000e+00
0.000000000000000000e+00
0.000000000000000000e+00
0.000000000000000000e+00
0.000000000000000000e+00
0.000000000000000000e+00
0.000000000000000000e+00
0.000000000000000000e+00
0.000000000000000000e+00
0.000000000000000000e+00
0.000000000000000000e+00
0.000000000000000000e+00
0.000000000000000000e+00
6.103515435521947611e-04
0.000000000000000000e+00
0.000000000000000000e+00
0.000000000000000000e+00
0.000000000000000000e+00
0.000000000000000000e+00
0.000000000000000000e+00
0.000000000000000000e+00
0.000000000000000000e+00
0.000000000000000000e+00
0.000000000000000000e+00
0.000000000000000000e+00
0.000000000000000000e+00
0.000000000000000000e+00
0.000000000000000000e+00
0.000000000000000000e+00
0.000000000000000000e+00
0.000000000000000000e+00
1.532347965967065351e+00
0.000000000000000000e+00
1.526596647263466888e+00
0.000000000000000000e+00
0.000000000000000000e+00
0.000000000000000000e+00
0.000000000000000000e+00
0.000000000000000000e+00
0.000000000000000000e+00
1.494517789827305210e+00
0.000000000000000000e+00
0.000000000000000000e+00
0.000000000000000000e+00
0.000000000000000000e+00
0.000000000000000000e+00
0.000000000000000000e+00
0.000000000000000000e+00
0.000000000000000000e+00
0.000000000000000000e+00
0.000000000000000000e+00
0.000000000000000000e+00
0.000000000000000000e+00
0.000000000000000000e+00
0.000000000000000000e+00
0.000000000000000000e+00
0.000000000000000000e+00
0.000000000000000000e+00
0.000000000000000000e+00
0.000000000000000000e+00
0.000000000000000000e+00
0.000000000000000000e+00
0.000000000000000000e+00
0.000000000000000000e+00
0.000000000000000000e+00
0.000000000000000000e+00
0.000000000000000000e+00
0.000000000000000000e+00
0.000000000000000000e+00
0.000000000000000000e+00
0.000000000000000000e+00
0.000000000000000000e+00
0.000000000000000000e+00
4.882802798757875269e-03
1.220703087104389522e-03
0.000000000000000000e+00
0.000000000000000000e+00
0.000000000000000000e+00
0.000000000000000000e+00
0.000000000000000000e+00
0.000000000000000000e+00
0.000000000000000000e+00
0.000000000000000000e+00
0.000000000000000000e+00
0.000000000000000000e+00
0.000000000000000000e+00
0.000000000000000000e+00
0.000000000000000000e+00
0.000000000000000000e+00
0.000000000000000000e+00
0.000000000000000000e+00
0.000000000000000000e+00
0.000000000000000000e+00
1.532347965967065351e+00
0.000000000000000000e+00
1.526596647263466888e+00
0.000000000000000000e+00
0.000000000000000000e+00
0.000000000000000000e+00
0.000000000000000000e+00
0.000000000000000000e+00
0.000000000000000000e+00
0.000000000000000000e+00
0.000000000000000000e+00
0.000000000000000000e+00
0.000000000000000000e+00
0.000000000000000000e+00
0.000000000000000000e+00
0.000000000000000000e+00
0.000000000000000000e+00
0.000000000000000000e+00
0.000000000000000000e+00
0.000000000000000000e+00
0.000000000000000000e+00
0.000000000000000000e+00
0.000000000000000000e+00
0.000000000000000000e+00
0.000000000000000000e+00
0.000000000000000000e+00
0.000000000000000000e+00
0.000000000000000000e+00
0.000000000000000000e+00
0.000000000000000000e+00
0.000000000000000000e+00
0.000000000000000000e+00
0.000000000000000000e+00
0.000000000000000000e+00
0.000000000000000000e+00
0.000000000000000000e+00
0.000000000000000000e+00
0.000000000000000000e+00
0.000000000000000000e+00
0.000000000000000000e+00
0.000000000000000000e+00
0.000000000000000000e+00
2.441401399378937635e-03
3.051757717760973806e-04
0.000000000000000000e+00
0.000000000000000000e+00
0.000000000000000000e+00
0.000000000000000000e+00
0.000000000000000000e+00
0.000000000000000000e+00
0.000000000000000000e+00
0.000000000000000000e+00
0.000000000000000000e+00
0.000000000000000000e+00
0.000000000000000000e+00
0.000000000000000000e+00
0.000000000000000000e+00
0.000000000000000000e+00
0.000000000000000000e+00
0.000000000000000000e+00
1.539245392815994817e+00
1.537144204738476017e+00
0.000000000000000000e+00
0.000000000000000000e+00
0.000000000000000000e+00
0.000000000000000000e+00
0.000000000000000000e+00
0.000000000000000000e+00
0.000000000000000000e+00
0.000000000000000000e+00
0.000000000000000000e+00
0.000000000000000000e+00
0.000000000000000000e+00
0.000000000000000000e+00
0.000000000000000000e+00
0.000000000000000000e+00
0.000000000000000000e+00
0.000000000000000000e+00
0.000000000000000000e+00
0.000000000000000000e+00
0.000000000000000000e+00
0.000000000000000000e+00
0.000000000000000000e+00
0.000000000000000000e+00
0.000000000000000000e+00
0.000000000000000000e+00
0.000000000000000000e+00
0.000000000000000000e+00
0.000000000000000000e+00
0.000000000000000000e+00
0.000000000000000000e+00
0.000000000000000000e+00
0.000000000000000000e+00
0.000000000000000000e+00
0.000000000000000000e+00
0.000000000000000000e+00
0.000000000000000000e+00
0.000000000000000000e+00
0.000000000000000000e+00
0.000000000000000000e+00
0.000000000000000000e+00
0.000000000000000000e+00
0.000000000000000000e+00
0.000000000000000000e+00
0.000000000000000000e+00
0.000000000000000000e+00
0.000000000000000000e+00
0.000000000000000000e+00
0.000000000000000000e+00
0.000000000000000000e+00
0.000000000000000000e+00
0.000000000000000000e+00
0.000000000000000000e+00
0.000000000000000000e+00
0.000000000000000000e+00
0.000000000000000000e+00
0.000000000000000000e+00
0.000000000000000000e+00
0.000000000000000000e+00
0.000000000000000000e+00
0.000000000000000000e+00
0.000000000000000000e+00
0.000000000000000000e+00
0.000000000000000000e+00
0.000000000000000000e+00
0.000000000000000000e+00
0.000000000000000000e+00
0.000000000000000000e+00
0.000000000000000000e+00
0.000000000000000000e+00
0.000000000000000000e+00
0.000000000000000000e+00
0.000000000000000000e+00
0.000000000000000000e+00
0.000000000000000000e+00
0.000000000000000000e+00
0.000000000000000000e+00
0.000000000000000000e+00
0.000000000000000000e+00
0.000000000000000000e+00
0.000000000000000000e+00
0.000000000000000000e+00
0.000000000000000000e+00
0.000000000000000000e+00
0.000000000000000000e+00
0.000000000000000000e+00
0.000000000000000000e+00
0.000000000000000000e+00
0.000000000000000000e+00
0.000000000000000000e+00
0.000000000000000000e+00
0.000000000000000000e+00
0.000000000000000000e+00
0.000000000000000000e+00
0.000000000000000000e+00
0.000000000000000000e+00
0.000000000000000000e+00
0.000000000000000000e+00
0.000000000000000000e+00
0.000000000000000000e+00
0.000000000000000000e+00
0.000000000000000000e+00
0.000000000000000000e+00
0.000000000000000000e+00
0.000000000000000000e+00
0.000000000000000000e+00
0.000000000000000000e+00
0.000000000000000000e+00
0.000000000000000000e+00
0.000000000000000000e+00
6.103515435521947611e-04
0.000000000000000000e+00
