# pd_vector
0.000000000000000000e+00
0.000000000000000000e+00
0.000000000000000000e+00
0.000000000000000000e+00
0.000000000000000000e+00
0.000000000000000000e+00
0.000000000000000000e+00
0.000000000000000000e+00
0.000000000000000000e+00
0.000000000000000000e+00
0.000000000000000000e+00
0.000000000000000000e+00
0.000000000000000000e+00
2.746581945984876479e-03
0.000000000000000000e+00
0.000000000000000000e+00
0.000000000000000000e+00
0.000000000000000000e+00
0.000000000000000000e+00
2.349853442675949727e-02
0.000000000000000000e+00
0.000000000000000000e+00
0.000000000000000000e+00
0.000000000000000000e+00
0.000000000000000000e+00
0.000000000000000000e+00
3.976440306242549072e-01
0.000000000000000000e+00
0.000000000000000000e+00
0.000000000000000000e+00
0.000000000000000000e+00
0.000000000000000000e+00
0.000000000000000000e+00
0.000000000000000000e+00
1.653747507254671678e+00
0.000000000000000000e+00
0.000000000000000000e+00
0.000000000000000000e+00
0.000000000000000000e+00
0.000000000000000000e+00
0.000000000000000000e+00
0.000000000000000000e+00
3.027337735229882476e-01
6.667175085992399275e+00
0.000000000000000000e+00
0.000000000000000000e+00
0.000000000000000000e+00
0.000000000000000000e+00
0.000000000000000000e+00
0.000000000000000000e+00
0.000000000000000000e+00
0.000000000000000000e+00
4.177237794337361976e+00
1.234252891371248317e+01
0.000000000000000000e+00
0.000000000000000000e+00
0.000000000000000000e+00
0.000000000000000000e+00
0.000000000000000000e+00
0.000000000000000000e+00
0.000000000000000000e+00
1.952876704141370823e-02
1.211215265097015159e+00
1.361569560433633441e+01
1.011047331894210544e+01
0.000000000000000000e+00
0.000000000000000000e+00
0.000000000000000000e+00
0.000000000000000000e+00
0.000000000000000000e+00
0.000000000000000000e+00
0.000000000000000000e+00
0.000000000000000000e+00
1.757589033727233740e-01
3.229907373592040720e+00
7.119126480588982453e+00
8.320922593247070509e+00
0.000000000000000000e+00
0.000000000000000000e+00
0.000000000000000000e+00
0.000000000000000000e+00
0.000000000000000000e+00
0.000000000000000000e+00
0.000000000000000000e+00
0.000000000000000000e+00
0.000000000000000000e+00
1.562301363313096658e+00
3.641885354917556050e+00
7.453598472303896827e+00
7.919921629133279239e+00
0.000000000000000000e+00
0.000000000000000000e+00
0.000000000000000000e+00
0.000000000000000000e+00
0.000000000000000000e+00
0.000000000000000000e+00
0.000000000000000000e+00
0.000000000000000000e+00
0.000000000000000000e+00
1.525139403130818527e-01
1.855232868934302282e+00
6.402137829798508761e+00
9.135724036475984633e+00
7.392272719732407182e+00
0.000000000000000000e+00
0.000000000000000000e+00
0.000000000000000000e+00
0.000000000000000000e+00
0.000000000000000000e+00
0.000000000000000000e+00
0.000000000000000000e+00
0.000000000000000000e+00
0.000000000000000000e+00
6.582274177809292748e-02
8.769551568002206254e-01
4.862662993312013349e+00
1.038184512940298809e+01
1.024412027179402251e+01
6.517638957822112111e+00
0.000000000000000000e+00
0.000000000000000000e+00
0.000000000000000000e+00
0.000000000000000000e+00
0.000000000000000000e+00
0.000000000000000000e+00
0.000000000000000000e+00
0.000000000000000000e+00
0.000000000000000000e+00
0.000000000000000000e+00
6.582274177809292748e-02
3.240921231652989398e+00
9.569095850292717031e+00
1.344696131046482179e+01
1.012449160322445429e+01
5.813903628106431576e+00
0.000000000000000000e+00
0.000000000000000000e+00
0.000000000000000000e+00
0.000000000000000000e+00
0.000000000000000000e+00
0.000000000000000000e+00
0.000000000000000000e+00
0.000000000000000000e+00
0.000000000000000000e+00
0.000000000000000000e+00
1.042954806385087280e-01
1.908859511564694911e+00
9.150836418784910720e+00
1.585735883762793108e+01
1.566340284999609445e+01
1.006589796963936045e+01
4.961242521764015478e+00
0.000000000000000000e+00
0.000000000000000000e+00
0.000000000000000000e+00
0.000000000000000000e+00
0.000000000000000000e+00
0.000000000000000000e+00
0.000000000000000000e+00
0.000000000000000000e+00
0.000000000000000000e+00
0.000000000000000000e+00
1.549967419239409727e-01
8.343638451080698237e-01
6.253160468918828485e+00
1.681466191951727396e+01
1.980216977999349837e+01
1.626489070273134629e+01
9.150372444872258981e+00
4.157104363133998781e+00
0.000000000000000000e+00
0.000000000000000000e+00
0.000000000000000000e+00
0.000000000000000000e+00
0.000000000000000000e+00
0.000000000000000000e+00
0.000000000000000000e+00
0.000000000000000000e+00
0.000000000000000000e+00
0.000000000000000000e+00
0.000000000000000000e+00
7.749837096197048636e-01
5.006183070648418720e+00
1.665315366985750956e+01
2.436410196501482517e+01
2.228232319425304198e+01
1.516902927240547605e+01
8.029769202557325514e+00
3.497619520325851994e+00
0.000000000000000000e+00
0.000000000000000000e+00
0.000000000000000000e+00
0.000000000000000000e+00
0.000000000000000000e+00
0.000000000000000000e+00
0.000000000000000000e+00
0.000000000000000000e+00
0.000000000000000000e+00
0.000000000000000000e+00
0.000000000000000000e+00
6.567241420942175889e-01
4.804898999642170487e+00
1.564432209577630850e+01
2.678985590368382219e+01
2.832946441315495534e+01
2.218467935904597255e+01
1.449338538303163126e+01
6.945786981233077917e+00
2.908630280797984025e+00
0.000000000000000000e+00
0.000000000000000000e+00
0.000000000000000000e+00
0.000000000000000000e+00
0.000000000000000000e+00
0.000000000000000000e+00
0.000000000000000000e+00
0.000000000000000000e+00
0.000000000000000000e+00
0.000000000000000000e+00
0.000000000000000000e+00
2.961984274725674715e-01
3.064712663106349044e+00
1.255473609583921935e+01
2.482232439196507556e+01
3.264807992193409092e+01
2.920641956995517319e+01
2.097389580247832441e+01
1.212863177022317274e+01
5.893542978100755114e+00
2.341003345294442983e+00
0.000000000000000000e+00
0.000000000000000000e+00
0.000000000000000000e+00
0.000000000000000000e+00
0.000000000000000000e+00
0.000000000000000000e+00
0.000000000000000000e+00
0.000000000000000000e+00
0.000000000000000000e+00
0.000000000000000000e+00
0.000000000000000000e+00
0.000000000000000000e+00
1.777190564835404718e+00
1.028867822614274274e+01
2.495447544975449716e+01
3.692060014603208629e+01
3.850630394018435965e+01
2.993086078644231307e+01
1.825939718372181630e+01
1.063727147782480742e+01
4.694814891005696822e+00
1.943664490441964210e+00
0.000000000000000000e+00
0.000000000000000000e+00
0.000000000000000000e+00
0.000000000000000000e+00
0.000000000000000000e+00
0.000000000000000000e+00
0.000000000000000000e+00
0.000000000000000000e+00
0.000000000000000000e+00
0.000000000000000000e+00
0.000000000000000000e+00
4.852825635592212805e-01
2.314981676085883233e+00
8.589754396704456951e+00
2.101517254701496284e+01
4.603403235141046679e+01
4.599430696158234610e+01
3.370124379038357887e+01
2.463100136056272049e+01
1.683379718969861472e+01
8.643298048209313578e+00
4.123526963551025659e+00
1.571350048875125305e+00
0.000000000000000000e+00
0.000000000000000000e+00
0.000000000000000000e+00
0.000000000000000000e+00
0.000000000000000000e+00
0.000000000000000000e+00
0.000000000000000000e+00
0.000000000000000000e+00
0.000000000000000000e+00
0.000000000000000000e+00
0.000000000000000000e+00
0.000000000000000000e+00
4.852825635592212805e-01
4.629963352171766466e+00
1.688331036593634593e+01
3.940344852565305445e+01
4.680901606103017087e+01
3.587764533964700320e+01
3.225314347126553116e+01
2.116130921844010615e+01
1.271322734396032317e+01
7.143698196184436355e+00
3.310540297557839295e+00
1.291809041928220214e+00
0.000000000000000000e+00
0.000000000000000000e+00
0.000000000000000000e+00
0.000000000000000000e+00
0.000000000000000000e+00
0.000000000000000000e+00
0.000000000000000000e+00
0.000000000000000000e+00
0.000000000000000000e+00
0.000000000000000000e+00
0.000000000000000000e+00
0.000000000000000000e+00
0.000000000000000000e+00
2.426412817796106403e+00
1.388989005651529851e+01
3.317422387692755592e+01
5.122448308334897149e+01
4.758399977064988207e+01
4.161389677476498150e+01
2.613162848590289045e+01
1.753910313600441384e+01
1.048694790123916221e+01
5.677056582665602313e+00
2.639154912728631786e+00
1.055908170345296826e+00
0.000000000000000000e+00
0.000000000000000000e+00
0.000000000000000000e+00
0.000000000000000000e+00
0.000000000000000000e+00
0.000000000000000000e+00
0.000000000000000000e+00
0.000000000000000000e+00
0.000000000000000000e+00
0.000000000000000000e+00
0.000000000000000000e+00
0.000000000000000000e+00
0.000000000000000000e+00
3.543791294276838144e+00
1.310262921609897546e+01
3.395306458259295113e+01
4.887274053297362997e+01
5.253793136753741067e+01
4.959895741566111127e+01
3.452180409134638950e+01
2.211644123743922208e+01
1.612834918810840534e+01
8.827002702718996119e+00
4.927256656653163702e+00
2.304682921013716967e+00
8.544921609730726786e-01
0.000000000000000000e+00
0.000000000000000000e+00
0.000000000000000000e+00
0.000000000000000000e+00
0.000000000000000000e+00
0.000000000000000000e+00
0.000000000000000000e+00
0.000000000000000000e+00
0.000000000000000000e+00
0.000000000000000000e+00
0.000000000000000000e+00
8.960553845713439269e-01
0.000000000000000000e+00
1.394269717736181136e+00
6.496950706174203560e+00
2.814638868643483249e+01
4.398465184563178099e+01
5.983208234945863069e+01
4.618959799395997123e+01
4.076414312599647616e+01
2.774259784984332100e+01
1.770631753830699751e+01
1.174357340410730188e+01
7.811506816565483291e+00
3.724280951182659116e+00
1.740719197757182535e+00
7.113647240100829938e-01
0.000000000000000000e+00
0.000000000000000000e+00
0.000000000000000000e+00
0.000000000000000000e+00
0.000000000000000000e+00
0.000000000000000000e+00
0.000000000000000000e+00
0.000000000000000000e+00
0.000000000000000000e+00
0.000000000000000000e+00
0.000000000000000000e+00
0.000000000000000000e+00
0.000000000000000000e+00
8.001600123562556677e-01
4.182809153208543407e+00
2.185337964804050159e+01
3.833732252117847850e+01
5.517372994671355002e+01
6.694084460880024778e+01
4.290597728348888751e+01
3.580424738443036148e+01
2.044191420514771096e+01
1.382277577339951513e+01
9.570249754645885787e+00
6.542136958873592256e+00
3.262865612098081680e+00
1.479489248023636128e+00
5.807494936899133542e-01
0.000000000000000000e+00
0.000000000000000000e+00
0.000000000000000000e+00
0.000000000000000000e+00
0.000000000000000000e+00
0.000000000000000000e+00
0.000000000000000000e+00
0.000000000000000000e+00
0.000000000000000000e+00
0.000000000000000000e+00
0.000000000000000000e+00
0.000000000000000000e+00
0.000000000000000000e+00
2.688166153714031559e+00
3.200640049425022671e+00
1.603410175396608395e+01
3.661917670752733045e+01
5.774862506354732972e+01
5.941786301953766980e+01
4.946513738791876591e+01
3.852781633619409973e+01
2.789941354630937553e+01
1.898177747620858824e+01
1.151897981116626291e+01
7.816339441045444758e+00
4.257271215028188394e+00
2.422430530194030318e+00
1.188962481497542578e+00
4.736327977965031355e-01
0.000000000000000000e+00
0.000000000000000000e+00
0.000000000000000000e+00
0.000000000000000000e+00
0.000000000000000000e+00
0.000000000000000000e+00
0.000000000000000000e+00
0.000000000000000000e+00
0.000000000000000000e+00
0.000000000000000000e+00
0.000000000000000000e+00
0.000000000000000000e+00
0.000000000000000000e+00
9.825870786883099672e-01
1.792110769142687854e+00
1.280256019770009068e+01
4.670803554416206538e+01
5.315686941415257394e+01
5.629277737286966499e+01
5.285874827062766457e+01
3.672860500659836447e+01
3.152275882052244427e+01
2.045956993396020707e+01
1.334982152172911718e+01
9.478474816045380891e+00
5.871786702053650941e+00
3.534706834495881189e+00
1.944536071856432624e+00
9.985331723459854869e-01
3.848266482096587837e-01
0.000000000000000000e+00
0.000000000000000000e+00
0.000000000000000000e+00
0.000000000000000000e+00
0.000000000000000000e+00
0.000000000000000000e+00
0.000000000000000000e+00
0.000000000000000000e+00
0.000000000000000000e+00
0.000000000000000000e+00
0.000000000000000000e+00
0.000000000000000000e+00
0.000000000000000000e+00
0.000000000000000000e+00
1.965174157376619934e+00
1.164871999942747038e+01
4.000800061781278316e+01
5.577078870944724542e+01
7.796340847409044272e+01
4.998410404659978923e+01
3.858302793476472203e+01
3.702480343407093244e+01
2.626896568376870533e+01
1.890960251472079889e+01
1.115961642832043310e+01
8.293665464039708723e+00
5.032960030331700807e+00
3.280832862957502982e+00
1.450162494265814228e+00
7.543930324080917460e-01
2.972412017099188564e-01
0.000000000000000000e+00
0.000000000000000000e+00
0.000000000000000000e+00
0.000000000000000000e+00
0.000000000000000000e+00
0.000000000000000000e+00
0.000000000000000000e+00
0.000000000000000000e+00
0.000000000000000000e+00
0.000000000000000000e+00
0.000000000000000000e+00
0.000000000000000000e+00
0.000000000000000000e+00
0.000000000000000000e+00
0.000000000000000000e+00
1.080845786557140897e+01
3.225799384456838226e+01
5.681136087729414896e+01
5.995359786265579061e+01
5.079434188463468303e+01
4.513127841100757820e+01
3.395306458259295113e+01
2.873124746483904346e+01
2.145298864174444375e+01
1.162475564429557373e+01
8.552229412357716498e+00
5.265819342247434420e+00
3.393435171966071362e+00
2.226279442721162738e+00
1.351287778747690460e+00
6.152331526434923203e-01
2.444457931926539984e-01
0.000000000000000000e+00
0.000000000000000000e+00
0.000000000000000000e+00
0.000000000000000000e+00
0.000000000000000000e+00
0.000000000000000000e+00
0.000000000000000000e+00
0.000000000000000000e+00
0.000000000000000000e+00
0.000000000000000000e+00
0.000000000000000000e+00
0.000000000000000000e+00
0.000000000000000000e+00
0.000000000000000000e+00
1.125116986457390666e+00
9.530000447177060963e+00
2.751243820327267997e+01
3.942643692113913545e+01
6.401280098850045874e+01
6.553067673360051515e+01
4.252549553132205773e+01
3.057280150423094156e+01
2.044900480542530019e+01
2.576926319011337085e+01
1.401011503134330916e+01
8.834814289664635112e+00
6.257728838310523400e+00
5.660755792915991513e+00
4.041619418296669153e+00
2.050520539348439364e+00
1.021705393687278196e+00
5.175770966683347352e-01
2.029418882311047612e-01
0.000000000000000000e+00
0.000000000000000000e+00
0.000000000000000000e+00
0.000000000000000000e+00
0.000000000000000000e+00
0.000000000000000000e+00
0.000000000000000000e+00
0.000000000000000000e+00
0.000000000000000000e+00
0.000000000000000000e+00
0.000000000000000000e+00
0.000000000000000000e+00
0.000000000000000000e+00
0.000000000000000000e+00
0.000000000000000000e+00
3.375350959372171999e+00
1.694222301720366275e+01
5.600746348523367146e+01
7.526865230399289430e+01
5.521104085258163963e+01
4.740517040303015506e+01
3.602854482514785417e+01
2.377884561440184186e+01
1.890568368803471344e+01
1.717950879340891390e+01
9.413046036683786255e+00
5.734879451185816102e+00
6.049137877033506250e+00
4.607591924466505340e+00
2.707122440557202747e+00
1.562301363313096658e+00
9.228306781691544280e-01
4.174796392937983325e-01
1.901245058165086654e-01
0.000000000000000000e+00
0.000000000000000000e+00
0.000000000000000000e+00
0.000000000000000000e+00
0.000000000000000000e+00
0.000000000000000000e+00
0.000000000000000000e+00
0.000000000000000000e+00
0.000000000000000000e+00
0.000000000000000000e+00
0.000000000000000000e+00
0.000000000000000000e+00
0.000000000000000000e+00
0.000000000000000000e+00
1.230715447488967884e+00
2.364083160491854407e+00
1.350140383748868800e+01
2.964889028010641070e+01
5.011194101310380944e+01
5.913965538170869962e+01
4.160832064252529250e+01
3.555387780227261629e+01
3.248475353087101780e+01
2.183771536016495673e+01
1.234656893912470998e+01
1.125554024395756336e+01
8.318505799860089311e+00
5.734879451185816102e+00
3.650341822347805465e+00
2.764555154679902760e+00
2.097066679304875336e+00
1.445128761064614409e+00
9.393097974221750190e-01
3.466789987118091276e-01
1.425170854194374725e-01
0.000000000000000000e+00
0.000000000000000000e+00
0.000000000000000000e+00
0.000000000000000000e+00
0.000000000000000000e+00
0.000000000000000000e+00
0.000000000000000000e+00
0.000000000000000000e+00
0.000000000000000000e+00
0.000000000000000000e+00
0.000000000000000000e+00
0.000000000000000000e+00
0.000000000000000000e+00
1.307719656795440555e+00
0.000000000000000000e+00
2.461430894977935768e+00
4.728166320983708815e+00
3.712886055309389377e+01
5.188555799018621428e+01
6.092039887867521486e+01
4.211460307485316434e+01
3.680736056838775738e+01
2.788539435472362271e+01
2.185337964804050159e+01
1.892601997880963083e+01
1.311822949782000514e+01
7.108762259341618872e+00
5.253793136753740711e+00
4.339908773870346792e+00
3.233159899793770720e+00
2.040504995120880682e+00
1.334496977739466184e+00
1.074082187277753953e+00
4.284571005785359765e-01
3.100579777211250887e-01
1.004028289143360370e-01
0.000000000000000000e+00
0.000000000000000000e+00
0.000000000000000000e+00
0.000000000000000000e+00
0.000000000000000000e+00
0.000000000000000000e+00
0.000000000000000000e+00
0.000000000000000000e+00
0.000000000000000000e+00
0.000000000000000000e+00
0.000000000000000000e+00
0.000000000000000000e+00
0.000000000000000000e+00
0.000000000000000000e+00
1.307719656795440555e+00
1.272255159682329495e+00
1.230715447488967840e+01
1.773062370368890939e+01
4.612979644475301910e+01
5.823889162163759181e+01
4.225124438359733148e+01
4.121854769028182375e+01
2.960592045718145826e+01
2.509685491925126044e+01
1.653769270662524704e+01
1.116149896186209034e+01
1.003158726303882631e+01
4.739174839561079544e+00
3.940344852565305533e+00
5.734879451185816102e+00
3.650341822347805465e+00
1.579745802674230148e+00
8.769551568002206254e-01
7.616219146151346209e-01
6.179669719882731060e-01
2.294917315416201420e-01
9.368896193526189686e-02
0.000000000000000000e+00
0.000000000000000000e+00
0.000000000000000000e+00
0.000000000000000000e+00
0.000000000000000000e+00
0.000000000000000000e+00
0.000000000000000000e+00
0.000000000000000000e+00
0.000000000000000000e+00
0.000000000000000000e+00
0.000000000000000000e+00
0.000000000000000000e+00
0.000000000000000000e+00
0.000000000000000000e+00
0.000000000000000000e+00
1.307719656795440555e+00
8.905786117776306909e+00
2.707573984475729389e+01
5.319187111106672461e+01
4.500467945829562666e+01
4.023777966585869592e+01
3.832089606884408539e+01
2.240138461428359662e+01
1.760352027183762402e+01
1.324556231849372168e+01
7.678214470933149904e+00
7.764521016947540488e+00
6.559114748910002568e+00
2.665785847253107299e+00
3.940344852565305533e+00
2.479947870783055563e+00
2.503091535324209360e+00
1.316454835561858605e+00
9.913406120350320982e-01
5.468054771595838304e-01
4.696548987110875095e-01
1.660152951577677505e-01
7.354736099803946270e-02
0.000000000000000000e+00
0.000000000000000000e+00
0.000000000000000000e+00
0.000000000000000000e+00
0.000000000000000000e+00
0.000000000000000000e+00
0.000000000000000000e+00
0.000000000000000000e+00
0.000000000000000000e+00
0.000000000000000000e+00
0.000000000000000000e+00
0.000000000000000000e+00
0.000000000000000000e+00
0.000000000000000000e+00
0.000000000000000000e+00
2.676109630080143464e+00
3.923158970386321442e+00
1.908382739523494109e+01
3.815217887215800374e+01
4.609962162959116228e+01
2.812792466143476844e+01
2.647222346438072194e+01
3.046019943933760743e+01
2.240138461428359662e+01
1.440288022241260180e+01
1.394269717736181136e+01
1.181263764758946166e+01
7.279238453388319208e+00
3.086642234781177496e+00
4.146777984615944490e+00
1.313448284188435178e+00
1.084977193467586698e+00
2.085909612770174615e+00
1.053163868449486840e+00
8.006981866436797546e-01
6.249205453252386633e-01
3.131032658073916730e-01
1.611324923590098934e-01
6.469726361653264923e-02
0.000000000000000000e+00
0.000000000000000000e+00
0.000000000000000000e+00
0.000000000000000000e+00
0.000000000000000000e+00
0.000000000000000000e+00
0.000000000000000000e+00
0.000000000000000000e+00
0.000000000000000000e+00
0.000000000000000000e+00
0.000000000000000000e+00
0.000000000000000000e+00
0.000000000000000000e+00
0.000000000000000000e+00
0.000000000000000000e+00
1.364076919001420141e+00
4.014164445120215419e+00
9.154037597568084550e+00
3.435088931142289681e+01
2.953717073973523100e+01
2.955103950614817876e+01
3.150327562080693866e+01
2.117777877150457755e+01
1.768656741638957897e+01
1.433688615314150283e+01
7.201440111206300898e+00
9.759888024153267949e+00
7.678214470933149904e+00
4.852825635592212805e+00
4.629963352171766466e+00
3.554381129670809436e+00
1.532356331553174522e+00
3.719921806174583345e+00
7.300683644695611374e-01
1.382277577339951380e+00
9.913406120350320982e-01
3.319890397040330399e-01
2.224681099157783115e-01
1.318356755664626401e-01
5.035400234305606459e-02
0.000000000000000000e+00
0.000000000000000000e+00
0.000000000000000000e+00
0.000000000000000000e+00
0.000000000000000000e+00
0.000000000000000000e+00
0.000000000000000000e+00
0.000000000000000000e+00
0.000000000000000000e+00
0.000000000000000000e+00
0.000000000000000000e+00
0.000000000000000000e+00
0.000000000000000000e+00
0.000000000000000000e+00
0.000000000000000000e+00
0.000000000000000000e+00
4.092230757004260866e+00
8.028328890240430837e+00
2.615439313590881198e+01
4.325667542919920550e+01
3.446003252969109809e+01
2.955103950614817876e+01
3.037815863434954622e+01
1.376555620147797576e+01
8.843283708194789483e+00
4.480276922856719857e+00
6.401280098850045341e+00
3.485674294340452839e+00
5.315686941415257216e+00
9.705651271184425610e-01
1.929151396738235880e+00
2.073388992307972245e+00
1.970172426282652767e+00
1.084977193467586698e+00
1.042954806385087307e+00
1.250632093783765608e+00
5.719272761740569200e-01
3.710465737868604563e-01
2.142285502892679883e-01
1.123044643714311286e-01
4.638671730996680315e-02
0.000000000000000000e+00
0.000000000000000000e+00
0.000000000000000000e+00
0.000000000000000000e+00
0.000000000000000000e+00
0.000000000000000000e+00
0.000000000000000000e+00
0.000000000000000000e+00
0.000000000000000000e+00
0.000000000000000000e+00
0.000000000000000000e+00
0.000000000000000000e+00
0.000000000000000000e+00
0.000000000000000000e+00
0.000000000000000000e+00
0.000000000000000000e+00
1.386476391214087167e+00
1.091261535201136113e+01
3.077526074592164917e+01
3.530843073347689653e+01
4.198442026951687467e+01
2.707573984475729389e+01
1.891266528393483526e+01
1.800187178331825066e+01
1.376555620147797576e+01
1.080845786557140897e+01
8.960553845713439713e+00
3.200640049425022671e+00
6.274213729812815110e+00
2.953159411897365416e+00
1.455847690677663842e+00
3.472472514128824628e+00
2.073388992307972245e+00
1.313448284188435178e+00
1.239973935391527782e+00
1.251545767662104680e+00
5.924046760028363057e-01
4.194133358609750672e-01
2.343452044969644987e-01
8.239559626510307988e-02
9.765605597515750191e-02
3.723144415668388357e-02
0.000000000000000000e+00
0.000000000000000000e+00
0.000000000000000000e+00
0.000000000000000000e+00
0.000000000000000000e+00
0.000000000000000000e+00
0.000000000000000000e+00
0.000000000000000000e+00
0.000000000000000000e+00
0.000000000000000000e+00
0.000000000000000000e+00
0.000000000000000000e+00
0.000000000000000000e+00
0.000000000000000000e+00
0.000000000000000000e+00
0.000000000000000000e+00
1.405830553902068791e+00
6.932381956070435614e+00
3.273784605603408693e+01
3.077526074592164917e+01
1.961579485193160721e+01
2.162833771459960275e+01
1.476858536986761550e+01
1.063837422221334528e+01
1.237628685103129733e+01
7.412222570026602675e+00
2.947761236064930124e+00
1.792110769142687854e+00
1.600320024712511335e+00
4.182809153208543407e+00
4.134423176656311760e+00
9.705651271184425610e-01
1.929151396738235880e+00
1.184793709890269886e+00
1.094540236823696056e+00
1.239973935391527782e+00
5.214774031925436537e-01
3.291137088904646513e-01
3.812848507827046318e-01
2.734027385797919152e-01
1.977494310362473695e-01
6.347643638385237763e-02
2.716064368807266649e-02
0.000000000000000000e+00
0.000000000000000000e+00
0.000000000000000000e+00
0.000000000000000000e+00
0.000000000000000000e+00
0.000000000000000000e+00
0.000000000000000000e+00
0.000000000000000000e+00
0.000000000000000000e+00
0.000000000000000000e+00
0.000000000000000000e+00
0.000000000000000000e+00
0.000000000000000000e+00
0.000000000000000000e+00
0.000000000000000000e+00
0.000000000000000000e+00
4.267857839144379106e+00
1.265247498511861934e+01
2.218362225942539467e+01
2.728153838002840104e+01
2.809915111584150793e+01
1.569263588154528577e+01
1.399480675650562489e+01
6.153577237444839199e+00
1.182041580245927292e+01
4.500467945829562666e+00
1.058888938575228922e+00
5.895522472129860247e+00
2.688166153714031559e+00
1.600320024712511335e+00
6.971348588680905678e-01
1.771895647138419072e+00
1.941130254236885122e+00
7.716605586952943741e-01
5.923968549451349430e-01
4.378160947294784111e-01
4.649902257718229182e-01
2.085909612770174559e-01
2.632909671123717099e-01
4.194133358609750672e-01
2.148164374555507905e-01
1.318329540241649223e-01
5.859363358509450670e-02
2.563476482919218105e-02
0.000000000000000000e+00
0.000000000000000000e+00
0.000000000000000000e+00
0.000000000000000000e+00
0.000000000000000000e+00
0.000000000000000000e+00
0.000000000000000000e+00
0.000000000000000000e+00
0.000000000000000000e+00
0.000000000000000000e+00
0.000000000000000000e+00
0.000000000000000000e+00
0.000000000000000000e+00
0.000000000000000000e+00
0.000000000000000000e+00
0.000000000000000000e+00
0.000000000000000000e+00
4.267857839144379106e+00
1.265247498511861934e+01
3.188895699792400507e+01
3.410192297503550662e+01
1.471860296544078928e+01
9.154037597568084550e+00
6.361275798411647031e+00
4.922861789955871537e+00
4.728166320983708815e+00
4.500467945829562666e+00
1.164777832432751836e+01
3.930348314753239869e+00
2.688166153714031559e+00
2.400480037068767114e+00
2.788539435472362271e+00
2.362527529517892244e+00
2.426412817796106403e+00
3.858302793476471870e-01
5.923968549451349430e-01
2.189080473647392056e-01
6.199869676957638909e-01
3.128864419155261700e-01
1.316454835561858550e-01
1.906424253913523159e-01
1.562301363313096658e-01
1.153538347711443035e-01
6.835923918261024856e-02
2.258300711143120670e-02
0.000000000000000000e+00
0.000000000000000000e+00
0.000000000000000000e+00
0.000000000000000000e+00
0.000000000000000000e+00
0.000000000000000000e+00
0.000000000000000000e+00
0.000000000000000000e+00
0.000000000000000000e+00
0.000000000000000000e+00
0.000000000000000000e+00
0.000000000000000000e+00
0.000000000000000000e+00
0.000000000000000000e+00
0.000000000000000000e+00
0.000000000000000000e+00
2.900048006555250080e+00
4.311721402907301659e+00
2.418452775515148190e+01
2.389911941633516790e+01
1.941066947699722078e+01
2.046115378502130255e+01
1.070443852032057386e+01
9.154037597568084550e+00
8.905786117776306909e+00
3.692146342466903874e+00
0.000000000000000000e+00
2.250233972914781333e+00
4.235555754300915687e+00
9.825870786883099672e-01
2.688166153714031559e+00
1.600320024712511335e+00
1.394269717736181136e+00
2.362527529517892244e+00
9.705651271184425610e-01
1.157490838042941617e+00
2.961984274725674715e-01
1.094540236823696056e+00
1.549967419239409727e-01
5.214774031925436537e-01
4.607591924466504785e-01
1.525139403130818527e-01
1.757589033727233740e-01
9.063515589161338926e-02
4.394522518882088002e-02
1.647949167590925801e-02
0.000000000000000000e+00
0.000000000000000000e+00
0.000000000000000000e+00
0.000000000000000000e+00
0.000000000000000000e+00
0.000000000000000000e+00
0.000000000000000000e+00
0.000000000000000000e+00
0.000000000000000000e+00
0.000000000000000000e+00
0.000000000000000000e+00
0.000000000000000000e+00
0.000000000000000000e+00
0.000000000000000000e+00
0.000000000000000000e+00
0.000000000000000000e+00
1.461243764860584493e+00
2.900048006555250080e+00
2.443308794980804421e+01
1.707143135657751642e+01
2.108745830853103342e+01
5.545905564856348668e+00
1.091261535201136113e+01
1.204249333536064626e+01
6.538598283977202996e+00
5.089020638729317980e+00
2.461430894977935768e+00
5.910207901229636462e+00
4.500467945829562666e+00
2.117777877150457844e+00
1.965174157376619934e+00
8.960553845713439269e-01
1.600320024712511335e+00
6.971348588680905678e-01
5.906318823794730610e-01
9.705651271184425610e-01
3.858302793476471870e-01
1.184793709890269886e+00
2.189080473647392056e-01
4.649902257718229182e-01
4.171819225540349119e-01
6.582274177809292748e-02
2.287709104696227791e-01
1.367013692898959576e-01
7.415603663859277050e-02
2.929681679254725335e-02
9.155273153282921308e-03
0.000000000000000000e+00
0.000000000000000000e+00
0.000000000000000000e+00
0.000000000000000000e+00
0.000000000000000000e+00
0.000000000000000000e+00
0.000000000000000000e+00
0.000000000000000000e+00
0.000000000000000000e+00
0.000000000000000000e+00
0.000000000000000000e+00
0.000000000000000000e+00
0.000000000000000000e+00
0.000000000000000000e+00
0.000000000000000000e+00
0.000000000000000000e+00
1.471127674303734700e+00
5.844975059442337972e+00
1.450024003277625084e+01
1.437240467635767338e+01
1.707143135657751642e+01
2.389911941633516790e+01
6.932381956070435614e+00
6.820384595007100259e+00
5.352219260160286929e+00
2.615439313590881110e+00
3.816765479046988485e+00
0.000000000000000000e+00
0.000000000000000000e+00
1.125116986457390666e+00
0.000000000000000000e+00
3.930348314753239869e+00
8.960553845713439269e-01
0.000000000000000000e+00
6.971348588680905678e-01
5.906318823794730610e-01
9.705651271184425610e-01
1.157490838042941617e+00
5.923968549451349430e-01
6.567241420942175889e-01
1.549967419239409727e-01
4.171819225540349119e-01
2.632909671123717099e-01
7.625697015654092636e-02
5.858630112424112468e-02
3.295823850604123056e-02
2.197261259441044001e-02
8.850097381506823874e-03
0.000000000000000000e+00
0.000000000000000000e+00
0.000000000000000000e+00
0.000000000000000000e+00
0.000000000000000000e+00
0.000000000000000000e+00
0.000000000000000000e+00
0.000000000000000000e+00
0.000000000000000000e+00
0.000000000000000000e+00
0.000000000000000000e+00
0.000000000000000000e+00
0.000000000000000000e+00
0.000000000000000000e+00
0.000000000000000000e+00
0.000000000000000000e+00
0.000000000000000000e+00
1.029789372012614379e+01
1.168995011888467594e+01
1.450024003277625084e+01
5.748961870543069175e+00
8.535715678288758212e+00
5.623322215608275165e+00
4.159429173642261723e+00
1.364076919001420141e+00
4.014164445120215419e+00
2.615439313590881110e+00
1.272255159682329495e+00
0.000000000000000000e+00
1.182041580245927204e+00
0.000000000000000000e+00
1.058888938575228922e+00
0.000000000000000000e+00
0.000000000000000000e+00
8.001600123562556677e-01
6.971348588680905678e-01
1.181263764758946122e+00
0.000000000000000000e+00
3.858302793476471870e-01
2.961984274725674715e-01
0.000000000000000000e+00
4.649902257718229182e-01
3.128864419155261700e-01
2.632909671123717099e-01
7.625697015654092636e-02
5.858630112424112468e-02
4.119779813255153994e-02
2.441401399378937548e-02
7.324218522626336700e-03
0.000000000000000000e+00
0.000000000000000000e+00
0.000000000000000000e+00
0.000000000000000000e+00
0.000000000000000000e+00
0.000000000000000000e+00
0.000000000000000000e+00
0.000000000000000000e+00
0.000000000000000000e+00
0.000000000000000000e+00
0.000000000000000000e+00
0.000000000000000000e+00
0.000000000000000000e+00
0.000000000000000000e+00
0.000000000000000000e+00
0.000000000000000000e+00
0.000000000000000000e+00
5.919463928183089863e+00
1.029789372012614379e+01
1.315119388374526110e+01
1.740028803933149959e+01
8.623442805814603318e+00
2.845238559429585923e+00
5.623322215608275165e+00
4.159429173642261723e+00
1.364076919001420141e+00
8.028328890240430837e+00
1.307719656795440555e+00
1.272255159682329495e+00
1.230715447488967884e+00
0.000000000000000000e+00
4.500467945829562666e+00
2.117777877150457844e+00
0.000000000000000000e+00
8.960553845713439269e-01
0.000000000000000000e+00
1.394269717736181136e+00
2.362527529517892244e+00
0.000000000000000000e+00
3.858302793476471870e-01
0.000000000000000000e+00
1.094540236823696056e+00
0.000000000000000000e+00
1.042954806385087280e-01
1.316454835561858550e-01
1.525139403130818527e-01
3.905753408282741646e-02
3.295823850604123056e-02
1.464840839627362667e-02
9.765624696835116178e-03
0.000000000000000000e+00
0.000000000000000000e+00
0.000000000000000000e+00
0.000000000000000000e+00
0.000000000000000000e+00
0.000000000000000000e+00
0.000000000000000000e+00
0.000000000000000000e+00
0.000000000000000000e+00
0.000000000000000000e+00
0.000000000000000000e+00
0.000000000000000000e+00
0.000000000000000000e+00
0.000000000000000000e+00
0.000000000000000000e+00
0.000000000000000000e+00
1.494517789827305210e+00
1.487618036407947875e+00
8.879195892274633906e+00
1.324014906873361141e+01
1.168995011888467594e+01
7.250120016388125421e+00
1.437240467635767294e+00
1.422619279714792961e+00
1.405830553902068791e+00
0.000000000000000000e+00
2.728153838002840281e+00
1.338054815040071732e+00
0.000000000000000000e+00
0.000000000000000000e+00
1.230715447488967884e+00
2.364083160491854407e+00
0.000000000000000000e+00
1.058888938575228922e+00
0.000000000000000000e+00
8.960553845713439269e-01
8.001600123562556677e-01
6.971348588680905678e-01
0.000000000000000000e+00
9.705651271184425610e-01
3.858302793476471870e-01
0.000000000000000000e+00
0.000000000000000000e+00
0.000000000000000000e+00
1.042954806385087280e-01
1.316454835561858550e-01
7.625697015654092636e-02
0.000000000000000000e+00
3.295823850604123056e-02
4.882802798757875269e-03
7.324218522626336700e-03
0.000000000000000000e+00
0.000000000000000000e+00
0.000000000000000000e+00
0.000000000000000000e+00
0.000000000000000000e+00
0.000000000000000000e+00
0.000000000000000000e+00
0.000000000000000000e+00
0.000000000000000000e+00
0.000000000000000000e+00
0.000000000000000000e+00
0.000000000000000000e+00
0.000000000000000000e+00
0.000000000000000000e+00
0.000000000000000000e+00
0.000000000000000000e+00
0.000000000000000000e+00
1.494517789827305210e+00
1.487618036407947919e+01
2.219798973068658654e+01
1.471127674303734700e+01
2.922487529721168986e+00
1.450024003277625040e+00
4.311721402907301659e+00
0.000000000000000000e+00
1.405830553902068791e+00
0.000000000000000000e+00
0.000000000000000000e+00
0.000000000000000000e+00
1.307719656795440555e+00
1.272255159682329495e+00
0.000000000000000000e+00
1.182041580245927204e+00
0.000000000000000000e+00
1.058888938575228922e+00
0.000000000000000000e+00
0.000000000000000000e+00
1.600320024712511335e+00
0.000000000000000000e+00
0.000000000000000000e+00
4.852825635592212805e-01
3.858302793476471870e-01
0.000000000000000000e+00
2.189080473647392056e-01
3.099934838478819454e-01
1.042954806385087280e-01
1.316454835561858550e-01
1.906424253913523159e-01
1.952876704141370823e-02
2.471867887953092119e-02
1.220700699689468774e-02
6.103515435521947828e-03
0.000000000000000000e+00
0.000000000000000000e+00
0.000000000000000000e+00
0.000000000000000000e+00
0.000000000000000000e+00
0.000000000000000000e+00
0.000000000000000000e+00
0.000000000000000000e+00
0.000000000000000000e+00
0.000000000000000000e+00
0.000000000000000000e+00
0.000000000000000000e+00
0.000000000000000000e+00
0.000000000000000000e+00
0.000000000000000000e+00
0.000000000000000000e+00
0.000000000000000000e+00
1.500678269864276437e+00
8.967106738963831702e+00
1.041332625485563490e+01
1.035906187432040682e+01
7.355638371518673502e+00
2.922487529721168986e+00
4.350072009832874897e+00
0.000000000000000000e+00
0.000000000000000000e+00
1.405830553902068791e+00
0.000000000000000000e+00
0.000000000000000000e+00
1.338054815040071732e+00
1.307719656795440555e+00
0.000000000000000000e+00
4.922861789955871537e+00
0.000000000000000000e+00
0.000000000000000000e+00
0.000000000000000000e+00
0.000000000000000000e+00
8.960553845713439269e-01
0.000000000000000000e+00
0.000000000000000000e+00
1.181263764758946122e+00
4.852825635592212805e-01
3.858302793476471870e-01
0.000000000000000000e+00
0.000000000000000000e+00
0.000000000000000000e+00
0.000000000000000000e+00
1.316454835561858550e-01
7.625697015654092636e-02
3.905753408282741646e-02
3.295823850604123056e-02
1.464840839627362667e-02
7.019042750850240132e-03
0.000000000000000000e+00
0.000000000000000000e+00
0.000000000000000000e+00
0.000000000000000000e+00
0.000000000000000000e+00
0.000000000000000000e+00
0.000000000000000000e+00
0.000000000000000000e+00
0.000000000000000000e+00
0.000000000000000000e+00
0.000000000000000000e+00
0.000000000000000000e+00
0.000000000000000000e+00
0.000000000000000000e+00
0.000000000000000000e+00
0.000000000000000000e+00
0.000000000000000000e+00
0.000000000000000000e+00
4.502034809592829312e+00
1.345066010844574755e+01
7.438090182039739595e+00
2.959731964091544931e+00
0.000000000000000000e+00
0.000000000000000000e+00
0.000000000000000000e+00
0.000000000000000000e+00
0.000000000000000000e+00
0.000000000000000000e+00
1.386476391214087167e+00
0.000000000000000000e+00
0.000000000000000000e+00
1.307719656795440555e+00
0.000000000000000000e+00
1.230715447488967884e+00
0.000000000000000000e+00
0.000000000000000000e+00
1.058888938575228922e+00
0.000000000000000000e+00
8.960553845713439269e-01
8.001600123562556677e-01
0.000000000000000000e+00
0.000000000000000000e+00
4.852825635592212805e-01
0.000000000000000000e+00
0.000000000000000000e+00
0.000000000000000000e+00
3.099934838478819454e-01
2.085909612770174559e-01
0.000000000000000000e+00
7.625697015654092636e-02
9.764383520706854114e-02
3.295823850604123056e-02
2.441401399378937635e-03
3.051757717760973914e-03
0.000000000000000000e+00
0.000000000000000000e+00
0.000000000000000000e+00
0.000000000000000000e+00
0.000000000000000000e+00
0.000000000000000000e+00
0.000000000000000000e+00
0.000000000000000000e+00
0.000000000000000000e+00
0.000000000000000000e+00
0.000000000000000000e+00
0.000000000000000000e+00
0.000000000000000000e+00
0.000000000000000000e+00
0.000000000000000000e+00
0.000000000000000000e+00
0.000000000000000000e+00
0.000000000000000000e+00
1.355575688980718674e+01
4.502034809592829312e+00
1.494517789827305210e+00
1.487618036407947875e+00
4.439597946137316953e+00
0.000000000000000000e+00
0.000000000000000000e+00
0.000000000000000000e+00
0.000000000000000000e+00
0.000000000000000000e+00
0.000000000000000000e+00
0.000000000000000000e+00
1.364076919001420141e+00
0.000000000000000000e+00
0.000000000000000000e+00
0.000000000000000000e+00
0.000000000000000000e+00
0.000000000000000000e+00
0.000000000000000000e+00
0.000000000000000000e+00
9.825870786883099672e-01
0.000000000000000000e+00
0.000000000000000000e+00
0.000000000000000000e+00
0.000000000000000000e+00
0.000000000000000000e+00
0.000000000000000000e+00
2.961984274725674715e-01
2.189080473647392056e-01
3.099934838478819454e-01
1.042954806385087280e-01
6.582274177809292748e-02
0.000000000000000000e+00
0.000000000000000000e+00
8.239559626510307641e-03
4.882802798757875269e-03
3.356933489537071349e-03
0.000000000000000000e+00
0.000000000000000000e+00
0.000000000000000000e+00
0.000000000000000000e+00
0.000000000000000000e+00
0.000000000000000000e+00
0.000000000000000000e+00
0.000000000000000000e+00
0.000000000000000000e+00
0.000000000000000000e+00
0.000000000000000000e+00
0.000000000000000000e+00
0.000000000000000000e+00
0.000000000000000000e+00
0.000000000000000000e+00
0.000000000000000000e+00
0.000000000000000000e+00
1.515612101736341533e+00
7.555750009621103658e+00
9.037171259871456641e+00
6.002713079457105749e+00
0.000000000000000000e+00
1.487618036407947875e+00
0.000000000000000000e+00
0.000000000000000000e+00
0.000000000000000000e+00
1.450024003277625040e+00
1.437240467635767294e+00
0.000000000000000000e+00
1.405830553902068791e+00
0.000000000000000000e+00
0.000000000000000000e+00
0.000000000000000000e+00
0.000000000000000000e+00
0.000000000000000000e+00
0.000000000000000000e+00
0.000000000000000000e+00
0.000000000000000000e+00
0.000000000000000000e+00
9.825870786883099672e-01
0.000000000000000000e+00
0.000000000000000000e+00
0.000000000000000000e+00
0.000000000000000000e+00
0.000000000000000000e+00
0.000000000000000000e+00
0.000000000000000000e+00
0.000000000000000000e+00
1.549967419239409727e-01
0.000000000000000000e+00
1.974682253342787686e-01
0.000000000000000000e+00
3.905753408282741646e-02
8.239559626510307641e-03
1.220700699689468774e-02
3.356933489537071349e-03
0.000000000000000000e+00
0.000000000000000000e+00
0.000000000000000000e+00
0.000000000000000000e+00
0.000000000000000000e+00
0.000000000000000000e+00
0.000000000000000000e+00
0.000000000000000000e+00
0.000000000000000000e+00
0.000000000000000000e+00
0.000000000000000000e+00
0.000000000000000000e+00
0.000000000000000000e+00
0.000000000000000000e+00
0.000000000000000000e+00
0.000000000000000000e+00
0.000000000000000000e+00
3.039281991600626842e+00
9.093672610418050084e+00
1.511150001924220776e+00
3.012390419957152510e+00
1.500678269864276437e+00
1.494517789827305210e+00
0.000000000000000000e+00
0.000000000000000000e+00
0.000000000000000000e+00
2.922487529721168986e+00
0.000000000000000000e+00
0.000000000000000000e+00
0.000000000000000000e+00
0.000000000000000000e+00
0.000000000000000000e+00
0.000000000000000000e+00
0.000000000000000000e+00
0.000000000000000000e+00
0.000000000000000000e+00
0.000000000000000000e+00
1.182041580245927204e+00
0.000000000000000000e+00
1.058888938575228922e+00
0.000000000000000000e+00
0.000000000000000000e+00
8.001600123562556677e-01
0.000000000000000000e+00
5.906318823794730610e-01
0.000000000000000000e+00
0.000000000000000000e+00
0.000000000000000000e+00
0.000000000000000000e+00
0.000000000000000000e+00
0.000000000000000000e+00
6.582274177809292748e-02
3.812848507827046318e-02
0.000000000000000000e+00
8.239559626510307641e-03
1.220700699689468774e-02
3.051757717760973914e-03
0.000000000000000000e+00
0.000000000000000000e+00
0.000000000000000000e+00
0.000000000000000000e+00
0.000000000000000000e+00
0.000000000000000000e+00
0.000000000000000000e+00
0.000000000000000000e+00
0.000000000000000000e+00
0.000000000000000000e+00
0.000000000000000000e+00
0.000000000000000000e+00
0.000000000000000000e+00
0.000000000000000000e+00
0.000000000000000000e+00
0.000000000000000000e+00
0.000000000000000000e+00
0.000000000000000000e+00
3.039281991600626842e+00
3.031224203472683065e+00
4.533450005772662550e+00
1.506195209978576255e+00
0.000000000000000000e+00
0.000000000000000000e+00
0.000000000000000000e+00
1.479865982045772466e+00
1.471127674303734700e+00
0.000000000000000000e+00
0.000000000000000000e+00
0.000000000000000000e+00
0.000000000000000000e+00
0.000000000000000000e+00
1.386476391214087167e+00
0.000000000000000000e+00
0.000000000000000000e+00
0.000000000000000000e+00
1.272255159682329495e+00
0.000000000000000000e+00
2.364083160491854407e+00
0.000000000000000000e+00
0.000000000000000000e+00
0.000000000000000000e+00
0.000000000000000000e+00
0.000000000000000000e+00
0.000000000000000000e+00
0.000000000000000000e+00
0.000000000000000000e+00
3.858302793476471870e-01
0.000000000000000000e+00
2.189080473647392056e-01
0.000000000000000000e+00
4.171819225540349119e-01
1.316454835561858550e-01
0.000000000000000000e+00
1.952876704141370823e-02
8.239559626510307641e-03
2.441401399378937635e-03
3.051757717760973914e-03
0.000000000000000000e+00
0.000000000000000000e+00
0.000000000000000000e+00
0.000000000000000000e+00
0.000000000000000000e+00
0.000000000000000000e+00
0.000000000000000000e+00
0.000000000000000000e+00
0.000000000000000000e+00
0.000000000000000000e+00
0.000000000000000000e+00
0.000000000000000000e+00
0.000000000000000000e+00
0.000000000000000000e+00
0.000000000000000000e+00
0.000000000000000000e+00
0.000000000000000000e+00
0.000000000000000000e+00
3.046575624854821029e+00
7.598204979001566883e+00
4.546836305209025042e+00
1.511150001924220776e+00
1.506195209978576255e+00
0.000000000000000000e+00
1.494517789827305210e+00
0.000000000000000000e+00
0.000000000000000000e+00
0.000000000000000000e+00
0.000000000000000000e+00
0.000000000000000000e+00
0.000000000000000000e+00
0.000000000000000000e+00
1.405830553902068791e+00
0.000000000000000000e+00
0.000000000000000000e+00
0.000000000000000000e+00
0.000000000000000000e+00
0.000000000000000000e+00
0.000000000000000000e+00
0.000000000000000000e+00
0.000000000000000000e+00
0.000000000000000000e+00
0.000000000000000000e+00
0.000000000000000000e+00
0.000000000000000000e+00
0.000000000000000000e+00
0.000000000000000000e+00
4.852825635592212805e-01
0.000000000000000000e+00
0.000000000000000000e+00
0.000000000000000000e+00
0.000000000000000000e+00
0.000000000000000000e+00
0.000000000000000000e+00
0.000000000000000000e+00
0.000000000000000000e+00
8.239559626510307641e-03
0.000000000000000000e+00
1.220703087104389522e-03
0.000000000000000000e+00
0.000000000000000000e+00
0.000000000000000000e+00
0.000000000000000000e+00
0.000000000000000000e+00
0.000000000000000000e+00
0.000000000000000000e+00
0.000000000000000000e+00
0.000000000000000000e+00
0.000000000000000000e+00
0.000000000000000000e+00
0.000000000000000000e+00
0.000000000000000000e+00
0.000000000000000000e+00
0.000000000000000000e+00
0.000000000000000000e+00
0.000000000000000000e+00
0.000000000000000000e+00
4.579789941790400221e+00
4.569863437282231544e+00
3.039281991600626842e+00
3.031224203472683065e+00
0.000000000000000000e+00
1.506195209978576255e+00
1.500678269864276437e+00
0.000000000000000000e+00
0.000000000000000000e+00
0.000000000000000000e+00
0.000000000000000000e+00
0.000000000000000000e+00
0.000000000000000000e+00
1.437240467635767294e+00
0.000000000000000000e+00
0.000000000000000000e+00
0.000000000000000000e+00
0.000000000000000000e+00
0.000000000000000000e+00
0.000000000000000000e+00
0.000000000000000000e+00
0.000000000000000000e+00
0.000000000000000000e+00
0.000000000000000000e+00
0.000000000000000000e+00
0.000000000000000000e+00
0.000000000000000000e+00
0.000000000000000000e+00
0.000000000000000000e+00
0.000000000000000000e+00
0.000000000000000000e+00
0.000000000000000000e+00
0.000000000000000000e+00
0.000000000000000000e+00
0.000000000000000000e+00
0.000000000000000000e+00
0.000000000000000000e+00
1.143854552348113895e-01
1.952876704141370823e-02
8.239559626510307641e-03
7.324204198136813337e-03
2.136230402432681610e-03
0.000000000000000000e+00
0.000000000000000000e+00
0.000000000000000000e+00
0.000000000000000000e+00
0.000000000000000000e+00
0.000000000000000000e+00
0.000000000000000000e+00
0.000000000000000000e+00
0.000000000000000000e+00
0.000000000000000000e+00
0.000000000000000000e+00
0.000000000000000000e+00
0.000000000000000000e+00
0.000000000000000000e+00
0.000000000000000000e+00
0.000000000000000000e+00
0.000000000000000000e+00
0.000000000000000000e+00
3.059211314264286496e+00
3.053193294526933776e+00
6.093151249709642059e+00
0.000000000000000000e+00
0.000000000000000000e+00
1.511150001924220776e+00
0.000000000000000000e+00
0.000000000000000000e+00
0.000000000000000000e+00
0.000000000000000000e+00
0.000000000000000000e+00
0.000000000000000000e+00
0.000000000000000000e+00
0.000000000000000000e+00
0.000000000000000000e+00
0.000000000000000000e+00
0.000000000000000000e+00
0.000000000000000000e+00
0.000000000000000000e+00
0.000000000000000000e+00
0.000000000000000000e+00
0.000000000000000000e+00
0.000000000000000000e+00
0.000000000000000000e+00
0.000000000000000000e+00
0.000000000000000000e+00
0.000000000000000000e+00
0.000000000000000000e+00
0.000000000000000000e+00
0.000000000000000000e+00
0.000000000000000000e+00
0.000000000000000000e+00
0.000000000000000000e+00
2.961984274725674715e-01
2.189080473647392056e-01
0.000000000000000000e+00
0.000000000000000000e+00
0.000000000000000000e+00
0.000000000000000000e+00
0.000000000000000000e+00
8.239559626510307641e-03
2.441401399378937635e-03
1.220703087104389522e-03
0.000000000000000000e+00
0.000000000000000000e+00
0.000000000000000000e+00
0.000000000000000000e+00
0.000000000000000000e+00
0.000000000000000000e+00
0.000000000000000000e+00
0.000000000000000000e+00
0.000000000000000000e+00
0.000000000000000000e+00
0.000000000000000000e+00
0.000000000000000000e+00
0.000000000000000000e+00
0.000000000000000000e+00
0.000000000000000000e+00
0.000000000000000000e+00
0.000000000000000000e+00
1.534852417784438039e+00
1.532347965967065351e+00
4.588816971396429523e+00
0.000000000000000000e+00
1.523287812427410515e+00
0.000000000000000000e+00
1.515612101736341533e+00
0.000000000000000000e+00
0.000000000000000000e+00
0.000000000000000000e+00
0.000000000000000000e+00
0.000000000000000000e+00
0.000000000000000000e+00
0.000000000000000000e+00
0.000000000000000000e+00
0.000000000000000000e+00
0.000000000000000000e+00
0.000000000000000000e+00
0.000000000000000000e+00
1.386476391214087167e+00
0.000000000000000000e+00
0.000000000000000000e+00
0.000000000000000000e+00
0.000000000000000000e+00
0.000000000000000000e+00
0.000000000000000000e+00
0.000000000000000000e+00
0.000000000000000000e+00
0.000000000000000000e+00
0.000000000000000000e+00
0.000000000000000000e+00
0.000000000000000000e+00
0.000000000000000000e+00
0.000000000000000000e+00
0.000000000000000000e+00
0.000000000000000000e+00
0.000000000000000000e+00
0.000000000000000000e+00
0.000000000000000000e+00
6.582274177809292748e-02
0.000000000000000000e+00
1.952876704141370823e-02
0.000000000000000000e+00
0.000000000000000000e+00
3.051757717760973806e-04
0.000000000000000000e+00
0.000000000000000000e+00
0.000000000000000000e+00
0.000000000000000000e+00
0.000000000000000000e+00
0.000000000000000000e+00
0.000000000000000000e+00
0.000000000000000000e+00
0.000000000000000000e+00
0.000000000000000000e+00
0.000000000000000000e+00
0.000000000000000000e+00
0.000000000000000000e+00
0.000000000000000000e+00
0.000000000000000000e+00
0.000000000000000000e+00
0.000000000000000000e+00
0.000000000000000000e+00
1.534852417784438039e+00
4.597043897901196274e+00
1.529605657132143248e+00
0.000000000000000000e+00
0.000000000000000000e+00
1.519640995800313421e+00
0.000000000000000000e+00
0.000000000000000000e+00
0.000000000000000000e+00
0.000000000000000000e+00
0.000000000000000000e+00
0.000000000000000000e+00
0.000000000000000000e+00
0.000000000000000000e+00
0.000000000000000000e+00
0.000000000000000000e+00
0.000000000000000000e+00
1.422619279714792961e+00
0.000000000000000000e+00
0.000000000000000000e+00
0.000000000000000000e+00
0.000000000000000000e+00
0.000000000000000000e+00
1.272255159682329495e+00
1.230715447488967884e+00
0.000000000000000000e+00
0.000000000000000000e+00
0.000000000000000000e+00
0.000000000000000000e+00
0.000000000000000000e+00
0.000000000000000000e+00
0.000000000000000000e+00
0.000000000000000000e+00
0.000000000000000000e+00
3.858302793476471870e-01
0.000000000000000000e+00
0.000000000000000000e+00
0.000000000000000000e+00
0.000000000000000000e+00
0.000000000000000000e+00
0.000000000000000000e+00
0.000000000000000000e+00
0.000000000000000000e+00
0.000000000000000000e+00
1.525878858880486957e-03
0.000000000000000000e+00
0.000000000000000000e+00
0.000000000000000000e+00
0.000000000000000000e+00
0.000000000000000000e+00
0.000000000000000000e+00
0.000000000000000000e+00
0.000000000000000000e+00
0.000000000000000000e+00
0.000000000000000000e+00
0.000000000000000000e+00
0.000000000000000000e+00
0.000000000000000000e+00
0.000000000000000000e+00
0.000000000000000000e+00
0.000000000000000000e+00
0.000000000000000000e+00
0.000000000000000000e+00
1.537144204738476017e+00
1.534852417784438039e+00
0.000000000000000000e+00
0.000000000000000000e+00
0.000000000000000000e+00
0.000000000000000000e+00
0.000000000000000000e+00
0.000000000000000000e+00
0.000000000000000000e+00
0.000000000000000000e+00
0.000000000000000000e+00
1.494517789827305210e+00
0.000000000000000000e+00
0.000000000000000000e+00
0.000000000000000000e+00
0.000000000000000000e+00
0.000000000000000000e+00
0.000000000000000000e+00
0.000000000000000000e+00
0.000000000000000000e+00
0.000000000000000000e+00
0.000000000000000000e+00
0.000000000000000000e+00
0.000000000000000000e+00
0.000000000000000000e+00
0.000000000000000000e+00
0.000000000000000000e+00
0.000000000000000000e+00
0.000000000000000000e+00
0.000000000000000000e+00
0.000000000000000000e+00
0.000000000000000000e+00
0.000000000000000000e+00
0.000000000000000000e+00
0.000000000000000000e+00
0.000000000000000000e+00
0.000000000000000000e+00
0.000000000000000000e+00
0.000000000000000000e+00
0.000000000000000000e+00
0.000000000000000000e+00
0.000000000000000000e+00
0.000000000000000000e+00
8.239559626510307641e-03
0.000000000000000000e+00
9.155273153282920875e-04
0.000000000000000000e+00
