vector: [ 47  44 147 137  29  31  83 109 155  14  34  45  10 118  52  51  88 134
  63  49  30 159 156 123 124  66  55 128  61  81  89  33   9 143  15   7
 104  38]
importances: [1.53859660e-01 1.30678641e-01 1.24946356e-01 1.02587518e-01
 8.89285941e-02 7.65672321e-02 7.49522568e-02 4.28641687e-02
 2.73393454e-02 2.39214652e-02 2.14503445e-02 1.40872835e-02
 1.25295987e-02 1.24513592e-02 1.20774191e-02 1.06936712e-02
 1.06282394e-02 1.04721903e-02 9.09715303e-03 7.74143100e-03
 7.01422661e-03 5.40575109e-03 4.25566585e-03 3.29047932e-03
 2.65035918e-03 1.64107317e-03 1.47655593e-03 1.39257117e-03
 1.22271710e-03 1.19129352e-03 8.05066599e-04 5.24877912e-04
 3.60774479e-04 3.43903806e-04 2.49753973e-04 1.68110936e-04
 1.19092426e-04 1.37995608e-05 0.00000000e+00 0.00000000e+00
 0.00000000e+00 0.00000000e+00 0.00000000e+00 0.00000000e+00
 0.00000000e+00 0.00000000e+00 0.00000000e+00 0.00000000e+00
 0.00000000e+00 0.00000000e+00 0.00000000e+00 0.00000000e+00
 0.00000000e+00 0.00000000e+00 0.00000000e+00 0.00000000e+00
 0.00000000e+00 0.00000000e+00 0.00000000e+00 0.00000000e+00
 0.00000000e+00 0.00000000e+00 0.00000000e+00 0.00000000e+00
 0.00000000e+00 0.00000000e+00 0.00000000e+00 0.00000000e+00
 0.00000000e+00 0.00000000e+00 0.00000000e+00 0.00000000e+00
 0.00000000e+00 0.00000000e+00 0.00000000e+00 0.00000000e+00
 0.00000000e+00 0.00000000e+00 0.00000000e+00 0.00000000e+00
 0.00000000e+00 0.00000000e+00 0.00000000e+00 0.00000000e+00
 0.00000000e+00 0.00000000e+00 0.00000000e+00 0.00000000e+00
 0.00000000e+00 0.00000000e+00 0.00000000e+00 0.00000000e+00
 0.00000000e+00 0.00000000e+00 0.00000000e+00 0.00000000e+00
 0.00000000e+00 0.00000000e+00 0.00000000e+00 0.00000000e+00
 0.00000000e+00 0.00000000e+00 0.00000000e+00 0.00000000e+00
 0.00000000e+00 0.00000000e+00 0.00000000e+00 0.00000000e+00
 0.00000000e+00 0.00000000e+00 0.00000000e+00 0.00000000e+00
 0.00000000e+00 0.00000000e+00 0.00000000e+00 0.00000000e+00
 0.00000000e+00 0.00000000e+00 0.00000000e+00 0.00000000e+00
 0.00000000e+00 0.00000000e+00 0.00000000e+00 0.00000000e+00
 0.00000000e+00 0.00000000e+00 0.00000000e+00 0.00000000e+00
 0.00000000e+00 0.00000000e+00 0.00000000e+00 0.00000000e+00
 0.00000000e+00 0.00000000e+00 0.00000000e+00 0.00000000e+00
 0.00000000e+00 0.00000000e+00 0.00000000e+00 0.00000000e+00
 0.00000000e+00 0.00000000e+00 0.00000000e+00 0.00000000e+00
 0.00000000e+00 0.00000000e+00 0.00000000e+00 0.00000000e+00
 0.00000000e+00 0.00000000e+00 0.00000000e+00 0.00000000e+00
 0.00000000e+00 0.00000000e+00 0.00000000e+00 0.00000000e+00
 0.00000000e+00 0.00000000e+00 0.00000000e+00 0.00000000e+00
 0.00000000e+00 0.00000000e+00 0.00000000e+00 0.00000000e+00
 0.00000000e+00 0.00000000e+00]
vector: [ 66  83  27 109  47 137  44  49 104 134  15  61  45  10 118  50 147 124
  89 143  52  57   9  63  29  18  88  55  40 159   7  51  33  38  37 144
  14 128  31  34 160 123  81 105  30  95 156  65 155 133]
importances: [0.04056493 0.03988485 0.03783521 0.03686453 0.03354352 0.03306679
 0.03275284 0.03151564 0.02914257 0.02630349 0.02624137 0.02583975
 0.02535495 0.02477463 0.02433869 0.02397723 0.02350648 0.02291477
 0.02290235 0.02247794 0.02201614 0.02137951 0.02105843 0.02061502
 0.02013934 0.01905338 0.01885275 0.01750386 0.0163395  0.01624356
 0.01573479 0.01562379 0.01529409 0.01510846 0.01478783 0.01411515
 0.01395443 0.01302369 0.01209383 0.01110265 0.01062087 0.00978731
 0.00971449 0.00958695 0.00897171 0.0084848  0.00728634 0.00639831
 0.00605855 0.00524796 0.         0.         0.         0.
 0.         0.         0.         0.         0.         0.
 0.         0.         0.         0.         0.         0.
 0.         0.         0.         0.         0.         0.
 0.         0.         0.         0.         0.         0.
 0.         0.         0.         0.         0.         0.
 0.         0.         0.         0.         0.         0.
 0.         0.         0.         0.         0.         0.
 0.         0.         0.         0.         0.         0.
 0.         0.         0.         0.         0.         0.
 0.         0.         0.         0.         0.         0.
 0.         0.         0.         0.         0.         0.
 0.         0.         0.         0.         0.         0.
 0.         0.         0.         0.         0.         0.
 0.         0.         0.         0.         0.         0.
 0.         0.         0.         0.         0.         0.
 0.         0.         0.         0.         0.         0.
 0.         0.         0.         0.         0.         0.
 0.         0.         0.         0.         0.         0.
 0.         0.         0.         0.        ]
vector: [137  47  83 147  44   9  49 134  10  50  29 159  31 155 109  34  38  63
  89  81  27 105  61  52  37  66 143  45  55   7 123 104 124 156  30  14
  33  88  15  40  51]
importances: [0.09233557 0.09096801 0.08633467 0.07844394 0.05419793 0.05216835
 0.05040053 0.04459552 0.03827376 0.03754941 0.03482706 0.03379215
 0.02908975 0.02801482 0.02773359 0.0250455  0.02219808 0.02075107
 0.01902521 0.01827189 0.01703301 0.01516987 0.01315593 0.00873647
 0.00759727 0.00689184 0.00671226 0.00635522 0.00544105 0.00485423
 0.00481784 0.00400993 0.00385057 0.00369585 0.00231157 0.00190236
 0.00152754 0.00073222 0.00063926 0.00029399 0.00025491 0.
 0.         0.         0.         0.         0.         0.
 0.         0.         0.         0.         0.         0.
 0.         0.         0.         0.         0.         0.
 0.         0.         0.         0.         0.         0.
 0.         0.         0.         0.         0.         0.
 0.         0.         0.         0.         0.         0.
 0.         0.         0.         0.         0.         0.
 0.         0.         0.         0.         0.         0.
 0.         0.         0.         0.         0.         0.
 0.         0.         0.         0.         0.         0.
 0.         0.         0.         0.         0.         0.
 0.         0.         0.         0.         0.         0.
 0.         0.         0.         0.         0.         0.
 0.         0.         0.         0.         0.         0.
 0.         0.         0.         0.         0.         0.
 0.         0.         0.         0.         0.         0.
 0.         0.         0.         0.         0.         0.
 0.         0.         0.         0.         0.         0.
 0.         0.         0.         0.         0.         0.
 0.         0.         0.         0.         0.         0.
 0.         0.         0.         0.        ]
vector: [ 47 137 147  44  83  29  31  34 156 155  45  81  66  30 123  33 124  61
  89   7]
importances: [1.86597808e-01 1.20281913e-01 1.17468885e-01 1.16344316e-01
 1.15311480e-01 6.15017324e-02 5.65062286e-02 5.38090521e-02
 3.92361522e-02 3.46386870e-02 2.64972766e-02 2.62386129e-02
 2.47191766e-02 1.13961479e-02 4.98673797e-03 2.42750712e-03
 1.18976770e-03 5.35285235e-04 2.43084839e-04 7.01490763e-05
 0.00000000e+00 0.00000000e+00 0.00000000e+00 0.00000000e+00
 0.00000000e+00 0.00000000e+00 0.00000000e+00 0.00000000e+00
 0.00000000e+00 0.00000000e+00 0.00000000e+00 0.00000000e+00
 0.00000000e+00 0.00000000e+00 0.00000000e+00 0.00000000e+00
 0.00000000e+00 0.00000000e+00 0.00000000e+00 0.00000000e+00
 0.00000000e+00 0.00000000e+00 0.00000000e+00 0.00000000e+00
 0.00000000e+00 0.00000000e+00 0.00000000e+00 0.00000000e+00
 0.00000000e+00 0.00000000e+00 0.00000000e+00 0.00000000e+00
 0.00000000e+00 0.00000000e+00 0.00000000e+00 0.00000000e+00
 0.00000000e+00 0.00000000e+00 0.00000000e+00 0.00000000e+00
 0.00000000e+00 0.00000000e+00 0.00000000e+00 0.00000000e+00
 0.00000000e+00 0.00000000e+00 0.00000000e+00 0.00000000e+00
 0.00000000e+00 0.00000000e+00 0.00000000e+00 0.00000000e+00
 0.00000000e+00 0.00000000e+00 0.00000000e+00 0.00000000e+00
 0.00000000e+00 0.00000000e+00 0.00000000e+00 0.00000000e+00
 0.00000000e+00 0.00000000e+00 0.00000000e+00 0.00000000e+00
 0.00000000e+00 0.00000000e+00 0.00000000e+00 0.00000000e+00
 0.00000000e+00 0.00000000e+00 0.00000000e+00 0.00000000e+00
 0.00000000e+00 0.00000000e+00 0.00000000e+00 0.00000000e+00
 0.00000000e+00 0.00000000e+00 0.00000000e+00 0.00000000e+00
 0.00000000e+00 0.00000000e+00 0.00000000e+00 0.00000000e+00
 0.00000000e+00 0.00000000e+00 0.00000000e+00 0.00000000e+00
 0.00000000e+00 0.00000000e+00 0.00000000e+00 0.00000000e+00
 0.00000000e+00 0.00000000e+00 0.00000000e+00 0.00000000e+00
 0.00000000e+00 0.00000000e+00 0.00000000e+00 0.00000000e+00
 0.00000000e+00 0.00000000e+00 0.00000000e+00 0.00000000e+00
 0.00000000e+00 0.00000000e+00 0.00000000e+00 0.00000000e+00
 0.00000000e+00 0.00000000e+00 0.00000000e+00 0.00000000e+00
 0.00000000e+00 0.00000000e+00 0.00000000e+00 0.00000000e+00
 0.00000000e+00 0.00000000e+00 0.00000000e+00 0.00000000e+00
 0.00000000e+00 0.00000000e+00 0.00000000e+00 0.00000000e+00
 0.00000000e+00 0.00000000e+00 0.00000000e+00 0.00000000e+00
 0.00000000e+00 0.00000000e+00 0.00000000e+00 0.00000000e+00
 0.00000000e+00 0.00000000e+00 0.00000000e+00 0.00000000e+00
 0.00000000e+00 0.00000000e+00 0.00000000e+00 0.00000000e+00
 0.00000000e+00 0.00000000e+00 0.00000000e+00 0.00000000e+00
 0.00000000e+00 0.00000000e+00]
vector: [ 83  89  44  49  31  47  52 128 134 104  29  27 118 123  45  65  40  66
  30 124  61  15  38  33 159  51]
importances: [3.01779344e-01 7.89406221e-02 7.58982736e-02 7.21099901e-02
 6.08207980e-02 5.94188164e-02 5.71038919e-02 4.67809063e-02
 4.49934855e-02 4.23760873e-02 4.16854526e-02 3.66220362e-02
 1.55103017e-02 1.23626635e-02 1.12705524e-02 9.36556806e-03
 7.27056229e-03 6.42176972e-03 6.25070115e-03 6.09308466e-03
 2.81392658e-03 1.25104288e-03 1.05772016e-03 1.01242789e-03
 6.86431208e-04 1.03544240e-04 0.00000000e+00 0.00000000e+00
 0.00000000e+00 0.00000000e+00 0.00000000e+00 0.00000000e+00
 0.00000000e+00 0.00000000e+00 0.00000000e+00 0.00000000e+00
 0.00000000e+00 0.00000000e+00 0.00000000e+00 0.00000000e+00
 0.00000000e+00 0.00000000e+00 0.00000000e+00 0.00000000e+00
 0.00000000e+00 0.00000000e+00 0.00000000e+00 0.00000000e+00
 0.00000000e+00 0.00000000e+00 0.00000000e+00 0.00000000e+00
 0.00000000e+00 0.00000000e+00 0.00000000e+00 0.00000000e+00
 0.00000000e+00 0.00000000e+00 0.00000000e+00 0.00000000e+00
 0.00000000e+00 0.00000000e+00 0.00000000e+00 0.00000000e+00
 0.00000000e+00 0.00000000e+00 0.00000000e+00 0.00000000e+00
 0.00000000e+00 0.00000000e+00 0.00000000e+00 0.00000000e+00
 0.00000000e+00 0.00000000e+00 0.00000000e+00 0.00000000e+00
 0.00000000e+00 0.00000000e+00 0.00000000e+00 0.00000000e+00
 0.00000000e+00 0.00000000e+00 0.00000000e+00 0.00000000e+00
 0.00000000e+00 0.00000000e+00 0.00000000e+00 0.00000000e+00
 0.00000000e+00 0.00000000e+00 0.00000000e+00 0.00000000e+00
 0.00000000e+00 0.00000000e+00 0.00000000e+00 0.00000000e+00
 0.00000000e+00 0.00000000e+00 0.00000000e+00 0.00000000e+00
 0.00000000e+00 0.00000000e+00 0.00000000e+00 0.00000000e+00
 0.00000000e+00 0.00000000e+00 0.00000000e+00 0.00000000e+00
 0.00000000e+00 0.00000000e+00 0.00000000e+00 0.00000000e+00
 0.00000000e+00 0.00000000e+00 0.00000000e+00 0.00000000e+00
 0.00000000e+00 0.00000000e+00 0.00000000e+00 0.00000000e+00
 0.00000000e+00 0.00000000e+00 0.00000000e+00 0.00000000e+00
 0.00000000e+00 0.00000000e+00 0.00000000e+00 0.00000000e+00
 0.00000000e+00 0.00000000e+00 0.00000000e+00 0.00000000e+00
 0.00000000e+00 0.00000000e+00 0.00000000e+00 0.00000000e+00
 0.00000000e+00 0.00000000e+00 0.00000000e+00 0.00000000e+00
 0.00000000e+00 0.00000000e+00 0.00000000e+00 0.00000000e+00
 0.00000000e+00 0.00000000e+00 0.00000000e+00 0.00000000e+00
 0.00000000e+00 0.00000000e+00 0.00000000e+00 0.00000000e+00
 0.00000000e+00 0.00000000e+00 0.00000000e+00 0.00000000e+00
 0.00000000e+00 0.00000000e+00 0.00000000e+00 0.00000000e+00
 0.00000000e+00 0.00000000e+00 0.00000000e+00 0.00000000e+00
 0.00000000e+00 0.00000000e+00]
vector: [ 66  47 147  83 104  44 137  49 118  45  10 109  89  37  61  63  51 128
  29  14   9  15   7  38  57  27 134 105  50 124 143  52  81  55  88  40
  65 160 159  33  34  18 155 123  30 156  31  95 133 144]
importances: [0.04884109 0.04008172 0.03582711 0.03579833 0.033849   0.03349866
 0.03116523 0.02833781 0.02746424 0.02739737 0.02732733 0.02724045
 0.02706284 0.02674266 0.02626351 0.02531824 0.02497945 0.0225374
 0.02247371 0.02230586 0.02212694 0.02168826 0.02143777 0.02065391
 0.02043083 0.01986494 0.01941948 0.0191332  0.01789718 0.01662022
 0.01449229 0.01434046 0.01430288 0.01356419 0.01298725 0.01262675
 0.01238455 0.01232205 0.01077615 0.0106814  0.01031759 0.00963181
 0.00875568 0.00819583 0.00793452 0.00729914 0.00721133 0.00677078
 0.00589098 0.00572965 0.         0.         0.         0.
 0.         0.         0.         0.         0.         0.
 0.         0.         0.         0.         0.         0.
 0.         0.         0.         0.         0.         0.
 0.         0.         0.         0.         0.         0.
 0.         0.         0.         0.         0.         0.
 0.         0.         0.         0.         0.         0.
 0.         0.         0.         0.         0.         0.
 0.         0.         0.         0.         0.         0.
 0.         0.         0.         0.         0.         0.
 0.         0.         0.         0.         0.         0.
 0.         0.         0.         0.         0.         0.
 0.         0.         0.         0.         0.         0.
 0.         0.         0.         0.         0.         0.
 0.         0.         0.         0.         0.         0.
 0.         0.         0.         0.         0.         0.
 0.         0.         0.         0.         0.         0.
 0.         0.         0.         0.         0.         0.
 0.         0.         0.         0.         0.         0.
 0.         0.         0.         0.        ]
vector: [ 44  83 147 137  29  47  34  31 155  15  51 156  45  66  10   7  89  14
  30  61 118  18  63 134 124 159 143  50  33 123  38]
importances: [0.17598189 0.12509057 0.12325628 0.11560447 0.10344796 0.07537804
 0.04802478 0.04457667 0.0421153  0.02126387 0.01759119 0.01746597
 0.01531159 0.00970414 0.00965944 0.00875175 0.00809977 0.00560235
 0.00501882 0.00459634 0.00434061 0.00395049 0.0031423  0.00309624
 0.00212141 0.00195432 0.00144131 0.00139029 0.00122447 0.00051401
 0.00028337 0.         0.         0.         0.         0.
 0.         0.         0.         0.         0.         0.
 0.         0.         0.         0.         0.         0.
 0.         0.         0.         0.         0.         0.
 0.         0.         0.         0.         0.         0.
 0.         0.         0.         0.         0.         0.
 0.         0.         0.         0.         0.         0.
 0.         0.         0.         0.         0.         0.
 0.         0.         0.         0.         0.         0.
 0.         0.         0.         0.         0.         0.
 0.         0.         0.         0.         0.         0.
 0.         0.         0.         0.         0.         0.
 0.         0.         0.         0.         0.         0.
 0.         0.         0.         0.         0.         0.
 0.         0.         0.         0.         0.         0.
 0.         0.         0.         0.         0.         0.
 0.         0.         0.         0.         0.         0.
 0.         0.         0.         0.         0.         0.
 0.         0.         0.         0.         0.         0.
 0.         0.         0.         0.         0.         0.
 0.         0.         0.         0.         0.         0.
 0.         0.         0.         0.         0.         0.
 0.         0.         0.         0.        ]
vector: [ 44 147 137  47  29 155  51  83  31  34  10 156  61 123  38  30   7  45
 124 159  89  33]
importances: [2.37169645e-01 1.32200903e-01 1.22354468e-01 1.07651899e-01
 6.58206763e-02 5.52562598e-02 5.49199548e-02 4.33872848e-02
 4.16283615e-02 3.64099329e-02 2.45634842e-02 2.11820227e-02
 1.87639156e-02 9.94621550e-03 8.71961154e-03 6.40477877e-03
 5.63170134e-03 5.00582548e-03 2.30483181e-03 3.91000726e-04
 2.81543060e-04 5.68298157e-06 0.00000000e+00 0.00000000e+00
 0.00000000e+00 0.00000000e+00 0.00000000e+00 0.00000000e+00
 0.00000000e+00 0.00000000e+00 0.00000000e+00 0.00000000e+00
 0.00000000e+00 0.00000000e+00 0.00000000e+00 0.00000000e+00
 0.00000000e+00 0.00000000e+00 0.00000000e+00 0.00000000e+00
 0.00000000e+00 0.00000000e+00 0.00000000e+00 0.00000000e+00
 0.00000000e+00 0.00000000e+00 0.00000000e+00 0.00000000e+00
 0.00000000e+00 0.00000000e+00 0.00000000e+00 0.00000000e+00
 0.00000000e+00 0.00000000e+00 0.00000000e+00 0.00000000e+00
 0.00000000e+00 0.00000000e+00 0.00000000e+00 0.00000000e+00
 0.00000000e+00 0.00000000e+00 0.00000000e+00 0.00000000e+00
 0.00000000e+00 0.00000000e+00 0.00000000e+00 0.00000000e+00
 0.00000000e+00 0.00000000e+00 0.00000000e+00 0.00000000e+00
 0.00000000e+00 0.00000000e+00 0.00000000e+00 0.00000000e+00
 0.00000000e+00 0.00000000e+00 0.00000000e+00 0.00000000e+00
 0.00000000e+00 0.00000000e+00 0.00000000e+00 0.00000000e+00
 0.00000000e+00 0.00000000e+00 0.00000000e+00 0.00000000e+00
 0.00000000e+00 0.00000000e+00 0.00000000e+00 0.00000000e+00
 0.00000000e+00 0.00000000e+00 0.00000000e+00 0.00000000e+00
 0.00000000e+00 0.00000000e+00 0.00000000e+00 0.00000000e+00
 0.00000000e+00 0.00000000e+00 0.00000000e+00 0.00000000e+00
 0.00000000e+00 0.00000000e+00 0.00000000e+00 0.00000000e+00
 0.00000000e+00 0.00000000e+00 0.00000000e+00 0.00000000e+00
 0.00000000e+00 0.00000000e+00 0.00000000e+00 0.00000000e+00
 0.00000000e+00 0.00000000e+00 0.00000000e+00 0.00000000e+00
 0.00000000e+00 0.00000000e+00 0.00000000e+00 0.00000000e+00
 0.00000000e+00 0.00000000e+00 0.00000000e+00 0.00000000e+00
 0.00000000e+00 0.00000000e+00 0.00000000e+00 0.00000000e+00
 0.00000000e+00 0.00000000e+00 0.00000000e+00 0.00000000e+00
 0.00000000e+00 0.00000000e+00 0.00000000e+00 0.00000000e+00
 0.00000000e+00 0.00000000e+00 0.00000000e+00 0.00000000e+00
 0.00000000e+00 0.00000000e+00 0.00000000e+00 0.00000000e+00
 0.00000000e+00 0.00000000e+00 0.00000000e+00 0.00000000e+00
 0.00000000e+00 0.00000000e+00 0.00000000e+00 0.00000000e+00
 0.00000000e+00 0.00000000e+00 0.00000000e+00 0.00000000e+00
 0.00000000e+00 0.00000000e+00 0.00000000e+00 0.00000000e+00
 0.00000000e+00 0.00000000e+00]
vector: [147  44  47  51 118  34  18  49 134  52  27  83  37  89 159 128  10  66
  33  29 133  61  55 155  30  15 160  40 124  45   7]
importances: [2.19480386e-01 1.34815364e-01 9.00822174e-02 6.39499029e-02
 6.14872814e-02 5.51783455e-02 4.95651804e-02 3.97540569e-02
 3.54408633e-02 2.75553698e-02 2.72100063e-02 2.32415889e-02
 2.07540014e-02 2.01696393e-02 1.89992745e-02 1.63098313e-02
 1.57672268e-02 1.09085112e-02 1.06528259e-02 9.84538411e-03
 8.15325905e-03 8.01610962e-03 8.01525046e-03 6.60049848e-03
 4.78506004e-03 4.01632177e-03 2.91010742e-03 2.84150438e-03
 2.24499341e-03 1.14191498e-03 1.07723731e-04 0.00000000e+00
 0.00000000e+00 0.00000000e+00 0.00000000e+00 0.00000000e+00
 0.00000000e+00 0.00000000e+00 0.00000000e+00 0.00000000e+00
 0.00000000e+00 0.00000000e+00 0.00000000e+00 0.00000000e+00
 0.00000000e+00 0.00000000e+00 0.00000000e+00 0.00000000e+00
 0.00000000e+00 0.00000000e+00 0.00000000e+00 0.00000000e+00
 0.00000000e+00 0.00000000e+00 0.00000000e+00 0.00000000e+00
 0.00000000e+00 0.00000000e+00 0.00000000e+00 0.00000000e+00
 0.00000000e+00 0.00000000e+00 0.00000000e+00 0.00000000e+00
 0.00000000e+00 0.00000000e+00 0.00000000e+00 0.00000000e+00
 0.00000000e+00 0.00000000e+00 0.00000000e+00 0.00000000e+00
 0.00000000e+00 0.00000000e+00 0.00000000e+00 0.00000000e+00
 0.00000000e+00 0.00000000e+00 0.00000000e+00 0.00000000e+00
 0.00000000e+00 0.00000000e+00 0.00000000e+00 0.00000000e+00
 0.00000000e+00 0.00000000e+00 0.00000000e+00 0.00000000e+00
 0.00000000e+00 0.00000000e+00 0.00000000e+00 0.00000000e+00
 0.00000000e+00 0.00000000e+00 0.00000000e+00 0.00000000e+00
 0.00000000e+00 0.00000000e+00 0.00000000e+00 0.00000000e+00
 0.00000000e+00 0.00000000e+00 0.00000000e+00 0.00000000e+00
 0.00000000e+00 0.00000000e+00 0.00000000e+00 0.00000000e+00
 0.00000000e+00 0.00000000e+00 0.00000000e+00 0.00000000e+00
 0.00000000e+00 0.00000000e+00 0.00000000e+00 0.00000000e+00
 0.00000000e+00 0.00000000e+00 0.00000000e+00 0.00000000e+00
 0.00000000e+00 0.00000000e+00 0.00000000e+00 0.00000000e+00
 0.00000000e+00 0.00000000e+00 0.00000000e+00 0.00000000e+00
 0.00000000e+00 0.00000000e+00 0.00000000e+00 0.00000000e+00
 0.00000000e+00 0.00000000e+00 0.00000000e+00 0.00000000e+00
 0.00000000e+00 0.00000000e+00 0.00000000e+00 0.00000000e+00
 0.00000000e+00 0.00000000e+00 0.00000000e+00 0.00000000e+00
 0.00000000e+00 0.00000000e+00 0.00000000e+00 0.00000000e+00
 0.00000000e+00 0.00000000e+00 0.00000000e+00 0.00000000e+00
 0.00000000e+00 0.00000000e+00 0.00000000e+00 0.00000000e+00
 0.00000000e+00 0.00000000e+00 0.00000000e+00 0.00000000e+00
 0.00000000e+00 0.00000000e+00 0.00000000e+00 0.00000000e+00
 0.00000000e+00 0.00000000e+00]
vector: [137  47  44  89   9  49 128  29  34  37  31  38  45 123  14 124  15  51
  61   7  33]
importances: [1.73786144e-01 1.58169204e-01 1.56620921e-01 1.33394014e-01
 1.01885004e-01 5.39684607e-02 3.99765592e-02 3.20923134e-02
 3.09133315e-02 2.85853168e-02 2.60494026e-02 2.11940633e-02
 1.81567887e-02 8.26791110e-03 5.34711006e-03 5.09776134e-03
 3.37881177e-03 1.47734929e-03 1.47570583e-03 9.69808208e-05
 6.68475935e-05 0.00000000e+00 0.00000000e+00 0.00000000e+00
 0.00000000e+00 0.00000000e+00 0.00000000e+00 0.00000000e+00
 0.00000000e+00 0.00000000e+00 0.00000000e+00 0.00000000e+00
 0.00000000e+00 0.00000000e+00 0.00000000e+00 0.00000000e+00
 0.00000000e+00 0.00000000e+00 0.00000000e+00 0.00000000e+00
 0.00000000e+00 0.00000000e+00 0.00000000e+00 0.00000000e+00
 0.00000000e+00 0.00000000e+00 0.00000000e+00 0.00000000e+00
 0.00000000e+00 0.00000000e+00 0.00000000e+00 0.00000000e+00
 0.00000000e+00 0.00000000e+00 0.00000000e+00 0.00000000e+00
 0.00000000e+00 0.00000000e+00 0.00000000e+00 0.00000000e+00
 0.00000000e+00 0.00000000e+00 0.00000000e+00 0.00000000e+00
 0.00000000e+00 0.00000000e+00 0.00000000e+00 0.00000000e+00
 0.00000000e+00 0.00000000e+00 0.00000000e+00 0.00000000e+00
 0.00000000e+00 0.00000000e+00 0.00000000e+00 0.00000000e+00
 0.00000000e+00 0.00000000e+00 0.00000000e+00 0.00000000e+00
 0.00000000e+00 0.00000000e+00 0.00000000e+00 0.00000000e+00
 0.00000000e+00 0.00000000e+00 0.00000000e+00 0.00000000e+00
 0.00000000e+00 0.00000000e+00 0.00000000e+00 0.00000000e+00
 0.00000000e+00 0.00000000e+00 0.00000000e+00 0.00000000e+00
 0.00000000e+00 0.00000000e+00 0.00000000e+00 0.00000000e+00
 0.00000000e+00 0.00000000e+00 0.00000000e+00 0.00000000e+00
 0.00000000e+00 0.00000000e+00 0.00000000e+00 0.00000000e+00
 0.00000000e+00 0.00000000e+00 0.00000000e+00 0.00000000e+00
 0.00000000e+00 0.00000000e+00 0.00000000e+00 0.00000000e+00
 0.00000000e+00 0.00000000e+00 0.00000000e+00 0.00000000e+00
 0.00000000e+00 0.00000000e+00 0.00000000e+00 0.00000000e+00
 0.00000000e+00 0.00000000e+00 0.00000000e+00 0.00000000e+00
 0.00000000e+00 0.00000000e+00 0.00000000e+00 0.00000000e+00
 0.00000000e+00 0.00000000e+00 0.00000000e+00 0.00000000e+00
 0.00000000e+00 0.00000000e+00 0.00000000e+00 0.00000000e+00
 0.00000000e+00 0.00000000e+00 0.00000000e+00 0.00000000e+00
 0.00000000e+00 0.00000000e+00 0.00000000e+00 0.00000000e+00
 0.00000000e+00 0.00000000e+00 0.00000000e+00 0.00000000e+00
 0.00000000e+00 0.00000000e+00 0.00000000e+00 0.00000000e+00
 0.00000000e+00 0.00000000e+00 0.00000000e+00 0.00000000e+00
 0.00000000e+00 0.00000000e+00 0.00000000e+00 0.00000000e+00
 0.00000000e+00 0.00000000e+00]
vector: [147  83  47  49  31  40  29   9  34 104  89 134  66 144 133 123 124  30
   7 118  61  45  15  33]
importances: [0.17683771 0.14332428 0.1260455  0.08808863 0.07594339 0.07301526
 0.06806435 0.06510355 0.0630517  0.03424762 0.02431461 0.01510124
 0.01148586 0.00859499 0.00776903 0.00640212 0.00352246 0.00183235
 0.00179126 0.00156148 0.00150002 0.00126674 0.00089386 0.00024199
 0.         0.         0.         0.         0.         0.
 0.         0.         0.         0.         0.         0.
 0.         0.         0.         0.         0.         0.
 0.         0.         0.         0.         0.         0.
 0.         0.         0.         0.         0.         0.
 0.         0.         0.         0.         0.         0.
 0.         0.         0.         0.         0.         0.
 0.         0.         0.         0.         0.         0.
 0.         0.         0.         0.         0.         0.
 0.         0.         0.         0.         0.         0.
 0.         0.         0.         0.         0.         0.
 0.         0.         0.         0.         0.         0.
 0.         0.         0.         0.         0.         0.
 0.         0.         0.         0.         0.         0.
 0.         0.         0.         0.         0.         0.
 0.         0.         0.         0.         0.         0.
 0.         0.         0.         0.         0.         0.
 0.         0.         0.         0.         0.         0.
 0.         0.         0.         0.         0.         0.
 0.         0.         0.         0.         0.         0.
 0.         0.         0.         0.         0.         0.
 0.         0.         0.         0.         0.         0.
 0.         0.         0.         0.         0.         0.
 0.         0.         0.         0.        ]
vector: [147  44 137  83  29  47 155  31  51  34 124  15   7 156  61  45 134  66
 143 123  33 159  30]
importances: [0.18898169 0.12742579 0.11955597 0.10063973 0.08364475 0.07375899
 0.07037464 0.0507388  0.03320744 0.02458268 0.01929959 0.01850441
 0.01765288 0.01252382 0.01188656 0.01132232 0.00897548 0.00886253
 0.00758613 0.00453511 0.00310731 0.00164026 0.00119312 0.
 0.         0.         0.         0.         0.         0.
 0.         0.         0.         0.         0.         0.
 0.         0.         0.         0.         0.         0.
 0.         0.         0.         0.         0.         0.
 0.         0.         0.         0.         0.         0.
 0.         0.         0.         0.         0.         0.
 0.         0.         0.         0.         0.         0.
 0.         0.         0.         0.         0.         0.
 0.         0.         0.         0.         0.         0.
 0.         0.         0.         0.         0.         0.
 0.         0.         0.         0.         0.         0.
 0.         0.         0.         0.         0.         0.
 0.         0.         0.         0.         0.         0.
 0.         0.         0.         0.         0.         0.
 0.         0.         0.         0.         0.         0.
 0.         0.         0.         0.         0.         0.
 0.         0.         0.         0.         0.         0.
 0.         0.         0.         0.         0.         0.
 0.         0.         0.         0.         0.         0.
 0.         0.         0.         0.         0.         0.
 0.         0.         0.         0.         0.         0.
 0.         0.         0.         0.         0.         0.
 0.         0.         0.         0.         0.         0.
 0.         0.         0.         0.        ]
vector: [ 44  47 104 109   9  51 105 137  10  66 147 134  83  27  29   7  89  61
  37  63 143  33  45 155  14  18  57  81  65  15  40 128  49 160  88 159
  50  55  31 124  38 118 133  34  95 123 156  30 144  52]
importances: [4.23837224e-02 4.14505250e-02 3.85007121e-02 3.52504808e-02
 3.22576910e-02 3.17206675e-02 3.14848760e-02 3.14374063e-02
 3.06790064e-02 3.04536308e-02 2.99558157e-02 2.80796109e-02
 2.77101005e-02 2.62208690e-02 2.58202437e-02 2.56989690e-02
 2.54198105e-02 2.51153585e-02 2.42436580e-02 2.35442484e-02
 2.18961674e-02 2.12202764e-02 2.07632292e-02 1.98162440e-02
 1.97984417e-02 1.90588959e-02 1.90556726e-02 1.83906195e-02
 1.79548420e-02 1.66359818e-02 1.65884656e-02 1.63790064e-02
 1.63435442e-02 1.49342365e-02 1.35213915e-02 1.35143744e-02
 1.32730822e-02 1.13877210e-02 1.07774371e-02 9.35429897e-03
 8.26139138e-03 8.19991363e-03 7.40116411e-03 6.85363845e-03
 6.69847866e-03 6.46664264e-03 6.25313800e-03 6.10470523e-03
 5.66671713e-03 2.87967707e-06 0.00000000e+00 0.00000000e+00
 0.00000000e+00 0.00000000e+00 0.00000000e+00 0.00000000e+00
 0.00000000e+00 0.00000000e+00 0.00000000e+00 0.00000000e+00
 0.00000000e+00 0.00000000e+00 0.00000000e+00 0.00000000e+00
 0.00000000e+00 0.00000000e+00 0.00000000e+00 0.00000000e+00
 0.00000000e+00 0.00000000e+00 0.00000000e+00 0.00000000e+00
 0.00000000e+00 0.00000000e+00 0.00000000e+00 0.00000000e+00
 0.00000000e+00 0.00000000e+00 0.00000000e+00 0.00000000e+00
 0.00000000e+00 0.00000000e+00 0.00000000e+00 0.00000000e+00
 0.00000000e+00 0.00000000e+00 0.00000000e+00 0.00000000e+00
 0.00000000e+00 0.00000000e+00 0.00000000e+00 0.00000000e+00
 0.00000000e+00 0.00000000e+00 0.00000000e+00 0.00000000e+00
 0.00000000e+00 0.00000000e+00 0.00000000e+00 0.00000000e+00
 0.00000000e+00 0.00000000e+00 0.00000000e+00 0.00000000e+00
 0.00000000e+00 0.00000000e+00 0.00000000e+00 0.00000000e+00
 0.00000000e+00 0.00000000e+00 0.00000000e+00 0.00000000e+00
 0.00000000e+00 0.00000000e+00 0.00000000e+00 0.00000000e+00
 0.00000000e+00 0.00000000e+00 0.00000000e+00 0.00000000e+00
 0.00000000e+00 0.00000000e+00 0.00000000e+00 0.00000000e+00
 0.00000000e+00 0.00000000e+00 0.00000000e+00 0.00000000e+00
 0.00000000e+00 0.00000000e+00 0.00000000e+00 0.00000000e+00
 0.00000000e+00 0.00000000e+00 0.00000000e+00 0.00000000e+00
 0.00000000e+00 0.00000000e+00 0.00000000e+00 0.00000000e+00
 0.00000000e+00 0.00000000e+00 0.00000000e+00 0.00000000e+00
 0.00000000e+00 0.00000000e+00 0.00000000e+00 0.00000000e+00
 0.00000000e+00 0.00000000e+00 0.00000000e+00 0.00000000e+00
 0.00000000e+00 0.00000000e+00 0.00000000e+00 0.00000000e+00
 0.00000000e+00 0.00000000e+00 0.00000000e+00 0.00000000e+00
 0.00000000e+00 0.00000000e+00 0.00000000e+00 0.00000000e+00
 0.00000000e+00 0.00000000e+00]
vector: [ 83 137 147  44  47  29  31  34  49  51 156  27   7  10 143  45  61 155
 134 159  15   9 109  30  14  55  66  52 118  50 128  40  18  63  88  38
  89 123  33  81  57 124 105  37 160 104]
importances: [0.13130367 0.11033232 0.0988454  0.07429288 0.06880215 0.04901523
 0.03907898 0.0354973  0.02886519 0.02734415 0.02685987 0.02481306
 0.0231832  0.02128444 0.0202797  0.01920891 0.01900639 0.01859269
 0.01170572 0.01127702 0.01091664 0.01070575 0.0104598  0.00991405
 0.00821181 0.00775663 0.0075221  0.00715698 0.00693645 0.00672994
 0.00626974 0.0060512  0.00565085 0.00509921 0.0050907  0.00461035
 0.00430329 0.00291919 0.00224266 0.00201246 0.00194464 0.00193028
 0.00179338 0.00169325 0.00148955 0.00100083 0.         0.
 0.         0.         0.         0.         0.         0.
 0.         0.         0.         0.         0.         0.
 0.         0.         0.         0.         0.         0.
 0.         0.         0.         0.         0.         0.
 0.         0.         0.         0.         0.         0.
 0.         0.         0.         0.         0.         0.
 0.         0.         0.         0.         0.         0.
 0.         0.         0.         0.         0.         0.
 0.         0.         0.         0.         0.         0.
 0.         0.         0.         0.         0.         0.
 0.         0.         0.         0.         0.         0.
 0.         0.         0.         0.         0.         0.
 0.         0.         0.         0.         0.         0.
 0.         0.         0.         0.         0.         0.
 0.         0.         0.         0.         0.         0.
 0.         0.         0.         0.         0.         0.
 0.         0.         0.         0.         0.         0.
 0.         0.         0.         0.         0.         0.
 0.         0.         0.         0.         0.         0.
 0.         0.         0.         0.        ]
vector: [147  83 137  29  47  44 155  31  34  45  66 156 134  89 143  14 124  63
  55  57 105   7 160 104 123  51 118  38 109  10  88  33  61  30  40  52
  49  15   9]
importances: [1.57157193e-01 1.20885625e-01 1.18943393e-01 1.04059466e-01
 1.03954288e-01 9.83553329e-02 6.08008388e-02 3.99970232e-02
 3.52636537e-02 1.68322778e-02 1.61315980e-02 1.52943482e-02
 1.23873766e-02 1.12384359e-02 1.00489284e-02 8.69035649e-03
 8.01110988e-03 7.54240257e-03 6.47045091e-03 6.09751434e-03
 6.02162365e-03 5.24099268e-03 5.22071271e-03 4.80558446e-03
 4.48361523e-03 3.64213761e-03 1.86913436e-03 1.85827279e-03
 1.81001360e-03 1.77086582e-03 1.49725763e-03 1.08551469e-03
 1.06438961e-03 6.30491804e-04 2.78422073e-04 2.32418733e-04
 2.01486814e-04 1.24267738e-04 1.18486970e-06 0.00000000e+00
 0.00000000e+00 0.00000000e+00 0.00000000e+00 0.00000000e+00
 0.00000000e+00 0.00000000e+00 0.00000000e+00 0.00000000e+00
 0.00000000e+00 0.00000000e+00 0.00000000e+00 0.00000000e+00
 0.00000000e+00 0.00000000e+00 0.00000000e+00 0.00000000e+00
 0.00000000e+00 0.00000000e+00 0.00000000e+00 0.00000000e+00
 0.00000000e+00 0.00000000e+00 0.00000000e+00 0.00000000e+00
 0.00000000e+00 0.00000000e+00 0.00000000e+00 0.00000000e+00
 0.00000000e+00 0.00000000e+00 0.00000000e+00 0.00000000e+00
 0.00000000e+00 0.00000000e+00 0.00000000e+00 0.00000000e+00
 0.00000000e+00 0.00000000e+00 0.00000000e+00 0.00000000e+00
 0.00000000e+00 0.00000000e+00 0.00000000e+00 0.00000000e+00
 0.00000000e+00 0.00000000e+00 0.00000000e+00 0.00000000e+00
 0.00000000e+00 0.00000000e+00 0.00000000e+00 0.00000000e+00
 0.00000000e+00 0.00000000e+00 0.00000000e+00 0.00000000e+00
 0.00000000e+00 0.00000000e+00 0.00000000e+00 0.00000000e+00
 0.00000000e+00 0.00000000e+00 0.00000000e+00 0.00000000e+00
 0.00000000e+00 0.00000000e+00 0.00000000e+00 0.00000000e+00
 0.00000000e+00 0.00000000e+00 0.00000000e+00 0.00000000e+00
 0.00000000e+00 0.00000000e+00 0.00000000e+00 0.00000000e+00
 0.00000000e+00 0.00000000e+00 0.00000000e+00 0.00000000e+00
 0.00000000e+00 0.00000000e+00 0.00000000e+00 0.00000000e+00
 0.00000000e+00 0.00000000e+00 0.00000000e+00 0.00000000e+00
 0.00000000e+00 0.00000000e+00 0.00000000e+00 0.00000000e+00
 0.00000000e+00 0.00000000e+00 0.00000000e+00 0.00000000e+00
 0.00000000e+00 0.00000000e+00 0.00000000e+00 0.00000000e+00
 0.00000000e+00 0.00000000e+00 0.00000000e+00 0.00000000e+00
 0.00000000e+00 0.00000000e+00 0.00000000e+00 0.00000000e+00
 0.00000000e+00 0.00000000e+00 0.00000000e+00 0.00000000e+00
 0.00000000e+00 0.00000000e+00 0.00000000e+00 0.00000000e+00
 0.00000000e+00 0.00000000e+00 0.00000000e+00 0.00000000e+00
 0.00000000e+00 0.00000000e+00 0.00000000e+00 0.00000000e+00
 0.00000000e+00 0.00000000e+00]
vector: [ 89 147  49  83  47  29   9 105 134 104 155  31  14  30  34 133  38 124
  66 123  18  45  15  95  63  61  33  51   7]
importances: [1.37293121e-01 1.27121561e-01 1.20132638e-01 8.60111945e-02
 7.10728980e-02 6.48531991e-02 6.30950157e-02 5.68179189e-02
 4.86698446e-02 4.51201111e-02 3.22122383e-02 2.59725216e-02
 2.42538064e-02 2.10543838e-02 1.88914269e-02 1.37977144e-02
 1.03556161e-02 7.09362591e-03 6.41257634e-03 4.99476234e-03
 4.01894706e-03 3.66332487e-03 1.54690817e-03 1.52223722e-03
 1.48316357e-03 1.31187135e-03 6.09899688e-04 5.50969309e-04
 6.65041271e-05 0.00000000e+00 0.00000000e+00 0.00000000e+00
 0.00000000e+00 0.00000000e+00 0.00000000e+00 0.00000000e+00
 0.00000000e+00 0.00000000e+00 0.00000000e+00 0.00000000e+00
 0.00000000e+00 0.00000000e+00 0.00000000e+00 0.00000000e+00
 0.00000000e+00 0.00000000e+00 0.00000000e+00 0.00000000e+00
 0.00000000e+00 0.00000000e+00 0.00000000e+00 0.00000000e+00
 0.00000000e+00 0.00000000e+00 0.00000000e+00 0.00000000e+00
 0.00000000e+00 0.00000000e+00 0.00000000e+00 0.00000000e+00
 0.00000000e+00 0.00000000e+00 0.00000000e+00 0.00000000e+00
 0.00000000e+00 0.00000000e+00 0.00000000e+00 0.00000000e+00
 0.00000000e+00 0.00000000e+00 0.00000000e+00 0.00000000e+00
 0.00000000e+00 0.00000000e+00 0.00000000e+00 0.00000000e+00
 0.00000000e+00 0.00000000e+00 0.00000000e+00 0.00000000e+00
 0.00000000e+00 0.00000000e+00 0.00000000e+00 0.00000000e+00
 0.00000000e+00 0.00000000e+00 0.00000000e+00 0.00000000e+00
 0.00000000e+00 0.00000000e+00 0.00000000e+00 0.00000000e+00
 0.00000000e+00 0.00000000e+00 0.00000000e+00 0.00000000e+00
 0.00000000e+00 0.00000000e+00 0.00000000e+00 0.00000000e+00
 0.00000000e+00 0.00000000e+00 0.00000000e+00 0.00000000e+00
 0.00000000e+00 0.00000000e+00 0.00000000e+00 0.00000000e+00
 0.00000000e+00 0.00000000e+00 0.00000000e+00 0.00000000e+00
 0.00000000e+00 0.00000000e+00 0.00000000e+00 0.00000000e+00
 0.00000000e+00 0.00000000e+00 0.00000000e+00 0.00000000e+00
 0.00000000e+00 0.00000000e+00 0.00000000e+00 0.00000000e+00
 0.00000000e+00 0.00000000e+00 0.00000000e+00 0.00000000e+00
 0.00000000e+00 0.00000000e+00 0.00000000e+00 0.00000000e+00
 0.00000000e+00 0.00000000e+00 0.00000000e+00 0.00000000e+00
 0.00000000e+00 0.00000000e+00 0.00000000e+00 0.00000000e+00
 0.00000000e+00 0.00000000e+00 0.00000000e+00 0.00000000e+00
 0.00000000e+00 0.00000000e+00 0.00000000e+00 0.00000000e+00
 0.00000000e+00 0.00000000e+00 0.00000000e+00 0.00000000e+00
 0.00000000e+00 0.00000000e+00 0.00000000e+00 0.00000000e+00
 0.00000000e+00 0.00000000e+00 0.00000000e+00 0.00000000e+00
 0.00000000e+00 0.00000000e+00 0.00000000e+00 0.00000000e+00
 0.00000000e+00 0.00000000e+00]
vector: [147  83  47 137  44  29  34  31 155  49 134 156  51 104 109 124  61  66
   9  45 128  38 159  18  40  27 118  89  10  52   7 143  88  57 160  30
  55  33 123  63  81  50  14  15 105]
importances: [1.18947716e-01 1.13472960e-01 1.11279921e-01 8.98123555e-02
 8.27644996e-02 5.29088412e-02 4.17278949e-02 3.70333681e-02
 3.58108156e-02 2.48041820e-02 2.33858965e-02 2.00035773e-02
 1.83680048e-02 1.79565534e-02 1.63922083e-02 1.60289319e-02
 1.57422273e-02 1.48489287e-02 1.34902576e-02 1.28592894e-02
 1.16368688e-02 1.12671372e-02 9.53680827e-03 9.52120919e-03
 8.57565305e-03 8.49161303e-03 7.85186836e-03 7.46694215e-03
 5.90171632e-03 5.52912505e-03 5.05705068e-03 4.79479887e-03
 4.02593264e-03 3.74074385e-03 2.83505243e-03 2.57714470e-03
 2.51953652e-03 2.43562850e-03 2.32466959e-03 2.00744151e-03
 1.77912827e-03 1.03513672e-03 7.26648123e-04 6.65872039e-04
 5.78439659e-05 0.00000000e+00 0.00000000e+00 0.00000000e+00
 0.00000000e+00 0.00000000e+00 0.00000000e+00 0.00000000e+00
 0.00000000e+00 0.00000000e+00 0.00000000e+00 0.00000000e+00
 0.00000000e+00 0.00000000e+00 0.00000000e+00 0.00000000e+00
 0.00000000e+00 0.00000000e+00 0.00000000e+00 0.00000000e+00
 0.00000000e+00 0.00000000e+00 0.00000000e+00 0.00000000e+00
 0.00000000e+00 0.00000000e+00 0.00000000e+00 0.00000000e+00
 0.00000000e+00 0.00000000e+00 0.00000000e+00 0.00000000e+00
 0.00000000e+00 0.00000000e+00 0.00000000e+00 0.00000000e+00
 0.00000000e+00 0.00000000e+00 0.00000000e+00 0.00000000e+00
 0.00000000e+00 0.00000000e+00 0.00000000e+00 0.00000000e+00
 0.00000000e+00 0.00000000e+00 0.00000000e+00 0.00000000e+00
 0.00000000e+00 0.00000000e+00 0.00000000e+00 0.00000000e+00
 0.00000000e+00 0.00000000e+00 0.00000000e+00 0.00000000e+00
 0.00000000e+00 0.00000000e+00 0.00000000e+00 0.00000000e+00
 0.00000000e+00 0.00000000e+00 0.00000000e+00 0.00000000e+00
 0.00000000e+00 0.00000000e+00 0.00000000e+00 0.00000000e+00
 0.00000000e+00 0.00000000e+00 0.00000000e+00 0.00000000e+00
 0.00000000e+00 0.00000000e+00 0.00000000e+00 0.00000000e+00
 0.00000000e+00 0.00000000e+00 0.00000000e+00 0.00000000e+00
 0.00000000e+00 0.00000000e+00 0.00000000e+00 0.00000000e+00
 0.00000000e+00 0.00000000e+00 0.00000000e+00 0.00000000e+00
 0.00000000e+00 0.00000000e+00 0.00000000e+00 0.00000000e+00
 0.00000000e+00 0.00000000e+00 0.00000000e+00 0.00000000e+00
 0.00000000e+00 0.00000000e+00 0.00000000e+00 0.00000000e+00
 0.00000000e+00 0.00000000e+00 0.00000000e+00 0.00000000e+00
 0.00000000e+00 0.00000000e+00 0.00000000e+00 0.00000000e+00
 0.00000000e+00 0.00000000e+00 0.00000000e+00 0.00000000e+00
 0.00000000e+00 0.00000000e+00 0.00000000e+00 0.00000000e+00
 0.00000000e+00 0.00000000e+00 0.00000000e+00 0.00000000e+00
 0.00000000e+00 0.00000000e+00]
vector: [ 47  83 147  44 137  29  31  34 155  61 156  51  45  15   7  66 134 143
  49  10 104 109  57 124  38 123   9  88  81 118  33 160 159 128  30  27
 105  63  18  55  37  89  14  52  50  40]
importances: [0.11707584 0.11627619 0.11597601 0.11157469 0.11051518 0.07548349
 0.04439146 0.04278412 0.03634443 0.02193288 0.0200326  0.01918108
 0.01755503 0.01151433 0.01039791 0.01026823 0.00826768 0.00789738
 0.00734131 0.00724966 0.00625103 0.00569795 0.00538778 0.0053107
 0.00511588 0.00460926 0.00443152 0.00433374 0.00421453 0.00417437
 0.00393755 0.00393574 0.00375183 0.00332064 0.0032602  0.00324053
 0.00297393 0.00288212 0.0019344  0.00191941 0.00178072 0.00164632
 0.00153337 0.00126471 0.000875   0.0001573  0.         0.
 0.         0.         0.         0.         0.         0.
 0.         0.         0.         0.         0.         0.
 0.         0.         0.         0.         0.         0.
 0.         0.         0.         0.         0.         0.
 0.         0.         0.         0.         0.         0.
 0.         0.         0.         0.         0.         0.
 0.         0.         0.         0.         0.         0.
 0.         0.         0.         0.         0.         0.
 0.         0.         0.         0.         0.         0.
 0.         0.         0.         0.         0.         0.
 0.         0.         0.         0.         0.         0.
 0.         0.         0.         0.         0.         0.
 0.         0.         0.         0.         0.         0.
 0.         0.         0.         0.         0.         0.
 0.         0.         0.         0.         0.         0.
 0.         0.         0.         0.         0.         0.
 0.         0.         0.         0.         0.         0.
 0.         0.         0.         0.         0.         0.
 0.         0.         0.         0.         0.         0.
 0.         0.         0.         0.        ]
vector: [137  44  29  83 147  31  47  34 155  51 134  66   7 156  45 143 124 123
  30  61  63]
importances: [1.78888739e-01 1.73206783e-01 1.14852075e-01 1.13859745e-01
 8.93044054e-02 6.50248297e-02 5.18051444e-02 4.43509553e-02
 4.30866560e-02 2.73886683e-02 2.26478434e-02 2.23404000e-02
 2.02717948e-02 1.48344246e-02 7.11413208e-03 6.17333943e-03
 1.93577530e-03 1.50406357e-03 1.15886471e-03 2.44329822e-04
 7.03069499e-06 0.00000000e+00 0.00000000e+00 0.00000000e+00
 0.00000000e+00 0.00000000e+00 0.00000000e+00 0.00000000e+00
 0.00000000e+00 0.00000000e+00 0.00000000e+00 0.00000000e+00
 0.00000000e+00 0.00000000e+00 0.00000000e+00 0.00000000e+00
 0.00000000e+00 0.00000000e+00 0.00000000e+00 0.00000000e+00
 0.00000000e+00 0.00000000e+00 0.00000000e+00 0.00000000e+00
 0.00000000e+00 0.00000000e+00 0.00000000e+00 0.00000000e+00
 0.00000000e+00 0.00000000e+00 0.00000000e+00 0.00000000e+00
 0.00000000e+00 0.00000000e+00 0.00000000e+00 0.00000000e+00
 0.00000000e+00 0.00000000e+00 0.00000000e+00 0.00000000e+00
 0.00000000e+00 0.00000000e+00 0.00000000e+00 0.00000000e+00
 0.00000000e+00 0.00000000e+00 0.00000000e+00 0.00000000e+00
 0.00000000e+00 0.00000000e+00 0.00000000e+00 0.00000000e+00
 0.00000000e+00 0.00000000e+00 0.00000000e+00 0.00000000e+00
 0.00000000e+00 0.00000000e+00 0.00000000e+00 0.00000000e+00
 0.00000000e+00 0.00000000e+00 0.00000000e+00 0.00000000e+00
 0.00000000e+00 0.00000000e+00 0.00000000e+00 0.00000000e+00
 0.00000000e+00 0.00000000e+00 0.00000000e+00 0.00000000e+00
 0.00000000e+00 0.00000000e+00 0.00000000e+00 0.00000000e+00
 0.00000000e+00 0.00000000e+00 0.00000000e+00 0.00000000e+00
 0.00000000e+00 0.00000000e+00 0.00000000e+00 0.00000000e+00
 0.00000000e+00 0.00000000e+00 0.00000000e+00 0.00000000e+00
 0.00000000e+00 0.00000000e+00 0.00000000e+00 0.00000000e+00
 0.00000000e+00 0.00000000e+00 0.00000000e+00 0.00000000e+00
 0.00000000e+00 0.00000000e+00 0.00000000e+00 0.00000000e+00
 0.00000000e+00 0.00000000e+00 0.00000000e+00 0.00000000e+00
 0.00000000e+00 0.00000000e+00 0.00000000e+00 0.00000000e+00
 0.00000000e+00 0.00000000e+00 0.00000000e+00 0.00000000e+00
 0.00000000e+00 0.00000000e+00 0.00000000e+00 0.00000000e+00
 0.00000000e+00 0.00000000e+00 0.00000000e+00 0.00000000e+00
 0.00000000e+00 0.00000000e+00 0.00000000e+00 0.00000000e+00
 0.00000000e+00 0.00000000e+00 0.00000000e+00 0.00000000e+00
 0.00000000e+00 0.00000000e+00 0.00000000e+00 0.00000000e+00
 0.00000000e+00 0.00000000e+00 0.00000000e+00 0.00000000e+00
 0.00000000e+00 0.00000000e+00 0.00000000e+00 0.00000000e+00
 0.00000000e+00 0.00000000e+00 0.00000000e+00 0.00000000e+00
 0.00000000e+00 0.00000000e+00]
vector: [137  44 147  83  29  47 155  34  31 156  49  40  61   7 134  45  66 124
 123  38  33 143  15  10]
importances: [1.56500709e-01 1.50212284e-01 1.39412842e-01 1.33032727e-01
 1.04745411e-01 8.12925616e-02 7.31563222e-02 4.03106311e-02
 3.68417897e-02 2.87084727e-02 1.10501887e-02 7.94053949e-03
 6.72131639e-03 6.20575446e-03 5.68031511e-03 5.65353795e-03
 4.47736933e-03 3.03459434e-03 2.55882541e-03 2.24121926e-03
 8.89589218e-05 8.63231534e-05 3.75875544e-05 9.71957362e-06
 0.00000000e+00 0.00000000e+00 0.00000000e+00 0.00000000e+00
 0.00000000e+00 0.00000000e+00 0.00000000e+00 0.00000000e+00
 0.00000000e+00 0.00000000e+00 0.00000000e+00 0.00000000e+00
 0.00000000e+00 0.00000000e+00 0.00000000e+00 0.00000000e+00
 0.00000000e+00 0.00000000e+00 0.00000000e+00 0.00000000e+00
 0.00000000e+00 0.00000000e+00 0.00000000e+00 0.00000000e+00
 0.00000000e+00 0.00000000e+00 0.00000000e+00 0.00000000e+00
 0.00000000e+00 0.00000000e+00 0.00000000e+00 0.00000000e+00
 0.00000000e+00 0.00000000e+00 0.00000000e+00 0.00000000e+00
 0.00000000e+00 0.00000000e+00 0.00000000e+00 0.00000000e+00
 0.00000000e+00 0.00000000e+00 0.00000000e+00 0.00000000e+00
 0.00000000e+00 0.00000000e+00 0.00000000e+00 0.00000000e+00
 0.00000000e+00 0.00000000e+00 0.00000000e+00 0.00000000e+00
 0.00000000e+00 0.00000000e+00 0.00000000e+00 0.00000000e+00
 0.00000000e+00 0.00000000e+00 0.00000000e+00 0.00000000e+00
 0.00000000e+00 0.00000000e+00 0.00000000e+00 0.00000000e+00
 0.00000000e+00 0.00000000e+00 0.00000000e+00 0.00000000e+00
 0.00000000e+00 0.00000000e+00 0.00000000e+00 0.00000000e+00
 0.00000000e+00 0.00000000e+00 0.00000000e+00 0.00000000e+00
 0.00000000e+00 0.00000000e+00 0.00000000e+00 0.00000000e+00
 0.00000000e+00 0.00000000e+00 0.00000000e+00 0.00000000e+00
 0.00000000e+00 0.00000000e+00 0.00000000e+00 0.00000000e+00
 0.00000000e+00 0.00000000e+00 0.00000000e+00 0.00000000e+00
 0.00000000e+00 0.00000000e+00 0.00000000e+00 0.00000000e+00
 0.00000000e+00 0.00000000e+00 0.00000000e+00 0.00000000e+00
 0.00000000e+00 0.00000000e+00 0.00000000e+00 0.00000000e+00
 0.00000000e+00 0.00000000e+00 0.00000000e+00 0.00000000e+00
 0.00000000e+00 0.00000000e+00 0.00000000e+00 0.00000000e+00
 0.00000000e+00 0.00000000e+00 0.00000000e+00 0.00000000e+00
 0.00000000e+00 0.00000000e+00 0.00000000e+00 0.00000000e+00
 0.00000000e+00 0.00000000e+00 0.00000000e+00 0.00000000e+00
 0.00000000e+00 0.00000000e+00 0.00000000e+00 0.00000000e+00
 0.00000000e+00 0.00000000e+00 0.00000000e+00 0.00000000e+00
 0.00000000e+00 0.00000000e+00 0.00000000e+00 0.00000000e+00
 0.00000000e+00 0.00000000e+00 0.00000000e+00 0.00000000e+00
 0.00000000e+00 0.00000000e+00]
vector: [ 83  47 137 147  29  15  44  34  38 155   7 156  49  63  45  31  61  50
 159  51  40  18  30 109 105  66  52  27  88   9 124  33 104  14 123  10
 118 134  57 143  81]
importances: [1.16423507e-01 1.13433051e-01 9.08331605e-02 8.60924097e-02
 5.00206886e-02 4.79156822e-02 4.53342497e-02 4.25917780e-02
 3.41892696e-02 3.17571313e-02 3.00023212e-02 2.98016326e-02
 2.97646096e-02 2.92112249e-02 2.58466868e-02 1.77214468e-02
 1.68326726e-02 1.66684459e-02 1.57248649e-02 1.51567258e-02
 1.00754902e-02 9.88384250e-03 9.11359369e-03 9.01144528e-03
 7.82145483e-03 7.53760196e-03 7.04051925e-03 6.90307933e-03
 6.82991590e-03 6.57824825e-03 6.53730579e-03 5.94019387e-03
 5.37079711e-03 3.55412419e-03 3.26077471e-03 2.93820195e-03
 2.70367711e-03 1.64198896e-03 1.17863491e-03 7.49214138e-04
 8.33724865e-06 0.00000000e+00 0.00000000e+00 0.00000000e+00
 0.00000000e+00 0.00000000e+00 0.00000000e+00 0.00000000e+00
 0.00000000e+00 0.00000000e+00 0.00000000e+00 0.00000000e+00
 0.00000000e+00 0.00000000e+00 0.00000000e+00 0.00000000e+00
 0.00000000e+00 0.00000000e+00 0.00000000e+00 0.00000000e+00
 0.00000000e+00 0.00000000e+00 0.00000000e+00 0.00000000e+00
 0.00000000e+00 0.00000000e+00 0.00000000e+00 0.00000000e+00
 0.00000000e+00 0.00000000e+00 0.00000000e+00 0.00000000e+00
 0.00000000e+00 0.00000000e+00 0.00000000e+00 0.00000000e+00
 0.00000000e+00 0.00000000e+00 0.00000000e+00 0.00000000e+00
 0.00000000e+00 0.00000000e+00 0.00000000e+00 0.00000000e+00
 0.00000000e+00 0.00000000e+00 0.00000000e+00 0.00000000e+00
 0.00000000e+00 0.00000000e+00 0.00000000e+00 0.00000000e+00
 0.00000000e+00 0.00000000e+00 0.00000000e+00 0.00000000e+00
 0.00000000e+00 0.00000000e+00 0.00000000e+00 0.00000000e+00
 0.00000000e+00 0.00000000e+00 0.00000000e+00 0.00000000e+00
 0.00000000e+00 0.00000000e+00 0.00000000e+00 0.00000000e+00
 0.00000000e+00 0.00000000e+00 0.00000000e+00 0.00000000e+00
 0.00000000e+00 0.00000000e+00 0.00000000e+00 0.00000000e+00
 0.00000000e+00 0.00000000e+00 0.00000000e+00 0.00000000e+00
 0.00000000e+00 0.00000000e+00 0.00000000e+00 0.00000000e+00
 0.00000000e+00 0.00000000e+00 0.00000000e+00 0.00000000e+00
 0.00000000e+00 0.00000000e+00 0.00000000e+00 0.00000000e+00
 0.00000000e+00 0.00000000e+00 0.00000000e+00 0.00000000e+00
 0.00000000e+00 0.00000000e+00 0.00000000e+00 0.00000000e+00
 0.00000000e+00 0.00000000e+00 0.00000000e+00 0.00000000e+00
 0.00000000e+00 0.00000000e+00 0.00000000e+00 0.00000000e+00
 0.00000000e+00 0.00000000e+00 0.00000000e+00 0.00000000e+00
 0.00000000e+00 0.00000000e+00 0.00000000e+00 0.00000000e+00
 0.00000000e+00 0.00000000e+00 0.00000000e+00 0.00000000e+00
 0.00000000e+00 0.00000000e+00 0.00000000e+00 0.00000000e+00
 0.00000000e+00 0.00000000e+00]
vector: [ 83  44  47 147  29 137  51  49  34 155 156   7  61  31  63  15  37  10
  18 159 104  45 160  14   9  27  33  52  66 105  55  57 123  40  38  81
 143 124 118  88  30  50 109 128 134]
importances: [1.27449514e-01 1.08507010e-01 1.01679826e-01 8.44593531e-02
 7.03915352e-02 6.84321770e-02 3.47931476e-02 3.19754112e-02
 3.05579230e-02 3.05027283e-02 2.89799300e-02 2.78657478e-02
 2.25532435e-02 2.16061605e-02 1.73425987e-02 1.33905771e-02
 1.21282159e-02 1.13836010e-02 1.03581415e-02 1.02688968e-02
 1.02476093e-02 1.02225929e-02 9.17314760e-03 8.41502594e-03
 8.22825845e-03 7.01337728e-03 6.97624618e-03 6.58406723e-03
 6.57763902e-03 5.57968688e-03 5.56023934e-03 5.45210781e-03
 5.25843238e-03 4.83292461e-03 4.72425826e-03 4.53816773e-03
 4.30382552e-03 4.08920748e-03 3.53287679e-03 3.50469233e-03
 3.46074537e-03 3.00559099e-03 2.04321539e-03 2.01622201e-03
 3.41059273e-05 0.00000000e+00 0.00000000e+00 0.00000000e+00
 0.00000000e+00 0.00000000e+00 0.00000000e+00 0.00000000e+00
 0.00000000e+00 0.00000000e+00 0.00000000e+00 0.00000000e+00
 0.00000000e+00 0.00000000e+00 0.00000000e+00 0.00000000e+00
 0.00000000e+00 0.00000000e+00 0.00000000e+00 0.00000000e+00
 0.00000000e+00 0.00000000e+00 0.00000000e+00 0.00000000e+00
 0.00000000e+00 0.00000000e+00 0.00000000e+00 0.00000000e+00
 0.00000000e+00 0.00000000e+00 0.00000000e+00 0.00000000e+00
 0.00000000e+00 0.00000000e+00 0.00000000e+00 0.00000000e+00
 0.00000000e+00 0.00000000e+00 0.00000000e+00 0.00000000e+00
 0.00000000e+00 0.00000000e+00 0.00000000e+00 0.00000000e+00
 0.00000000e+00 0.00000000e+00 0.00000000e+00 0.00000000e+00
 0.00000000e+00 0.00000000e+00 0.00000000e+00 0.00000000e+00
 0.00000000e+00 0.00000000e+00 0.00000000e+00 0.00000000e+00
 0.00000000e+00 0.00000000e+00 0.00000000e+00 0.00000000e+00
 0.00000000e+00 0.00000000e+00 0.00000000e+00 0.00000000e+00
 0.00000000e+00 0.00000000e+00 0.00000000e+00 0.00000000e+00
 0.00000000e+00 0.00000000e+00 0.00000000e+00 0.00000000e+00
 0.00000000e+00 0.00000000e+00 0.00000000e+00 0.00000000e+00
 0.00000000e+00 0.00000000e+00 0.00000000e+00 0.00000000e+00
 0.00000000e+00 0.00000000e+00 0.00000000e+00 0.00000000e+00
 0.00000000e+00 0.00000000e+00 0.00000000e+00 0.00000000e+00
 0.00000000e+00 0.00000000e+00 0.00000000e+00 0.00000000e+00
 0.00000000e+00 0.00000000e+00 0.00000000e+00 0.00000000e+00
 0.00000000e+00 0.00000000e+00 0.00000000e+00 0.00000000e+00
 0.00000000e+00 0.00000000e+00 0.00000000e+00 0.00000000e+00
 0.00000000e+00 0.00000000e+00 0.00000000e+00 0.00000000e+00
 0.00000000e+00 0.00000000e+00 0.00000000e+00 0.00000000e+00
 0.00000000e+00 0.00000000e+00 0.00000000e+00 0.00000000e+00
 0.00000000e+00 0.00000000e+00 0.00000000e+00 0.00000000e+00
 0.00000000e+00 0.00000000e+00]
vector: [137  47 147  44  31  61  51 155  34  29  66 156]
importances: [0.14365298 0.14207265 0.13908226 0.13515828 0.11523626 0.08024436
 0.07915729 0.06124641 0.03016665 0.02768677 0.02545337 0.02084271
 0.         0.         0.         0.         0.         0.
 0.         0.         0.         0.         0.         0.
 0.         0.         0.         0.         0.         0.
 0.         0.         0.         0.         0.         0.
 0.         0.         0.         0.         0.         0.
 0.         0.         0.         0.         0.         0.
 0.         0.         0.         0.         0.         0.
 0.         0.         0.         0.         0.         0.
 0.         0.         0.         0.         0.         0.
 0.         0.         0.         0.         0.         0.
 0.         0.         0.         0.         0.         0.
 0.         0.         0.         0.         0.         0.
 0.         0.         0.         0.         0.         0.
 0.         0.         0.         0.         0.         0.
 0.         0.         0.         0.         0.         0.
 0.         0.         0.         0.         0.         0.
 0.         0.         0.         0.         0.         0.
 0.         0.         0.         0.         0.         0.
 0.         0.         0.         0.         0.         0.
 0.         0.         0.         0.         0.         0.
 0.         0.         0.         0.         0.         0.
 0.         0.         0.         0.         0.         0.
 0.         0.         0.         0.         0.         0.
 0.         0.         0.         0.         0.         0.
 0.         0.         0.         0.         0.         0.
 0.         0.         0.         0.        ]
vector: [137  47  83 147  44  29  31 155  34 156  51  52  66 109  30  61  57 134
  15  27  88  89  50 124   9 118  45  40   7  63  10 159 143  38  55  49
 105 123 128 160  33  18]
importances: [0.15354686 0.13129927 0.12897967 0.11957843 0.06894948 0.06607257
 0.06292247 0.04784575 0.04432241 0.02228456 0.01173742 0.0112532
 0.00959868 0.00752741 0.00707467 0.00696163 0.00662822 0.00648962
 0.0064015  0.00608868 0.00587049 0.00567982 0.00561316 0.00538603
 0.00527394 0.00509122 0.00483349 0.00477714 0.00469409 0.00418127
 0.00401605 0.00352129 0.00275157 0.00272994 0.00266725 0.0016089
 0.00159713 0.00146325 0.00104553 0.00098863 0.00038479 0.00026251
 0.         0.         0.         0.         0.         0.
 0.         0.         0.         0.         0.         0.
 0.         0.         0.         0.         0.         0.
 0.         0.         0.         0.         0.         0.
 0.         0.         0.         0.         0.         0.
 0.         0.         0.         0.         0.         0.
 0.         0.         0.         0.         0.         0.
 0.         0.         0.         0.         0.         0.
 0.         0.         0.         0.         0.         0.
 0.         0.         0.         0.         0.         0.
 0.         0.         0.         0.         0.         0.
 0.         0.         0.         0.         0.         0.
 0.         0.         0.         0.         0.         0.
 0.         0.         0.         0.         0.         0.
 0.         0.         0.         0.         0.         0.
 0.         0.         0.         0.         0.         0.
 0.         0.         0.         0.         0.         0.
 0.         0.         0.         0.         0.         0.
 0.         0.         0.         0.         0.         0.
 0.         0.         0.         0.         0.         0.
 0.         0.         0.         0.        ]
vector: [ 49  66  83  47  89 104  10 143 147 137  44  63 109  27  29 134  37  88
   7 105  45  57  15   9 118 124 159  38  18  40  52  61  14  81  51 128
 160  55  50 155  33 156  65  95  31 123  30  34 133 144]
importances: [0.05369981 0.04123928 0.03979511 0.03385213 0.03377752 0.03214661
 0.03120118 0.03047318 0.02949744 0.0293955  0.02705143 0.02687284
 0.02647428 0.02558128 0.02479536 0.02436659 0.02181579 0.02135644
 0.02047222 0.02017655 0.02011337 0.02009339 0.0196808  0.01903999
 0.01870485 0.01804012 0.01774174 0.01762055 0.01723037 0.0166586
 0.01653992 0.01632311 0.01609482 0.01487403 0.01419199 0.01417958
 0.0134639  0.01323078 0.01126874 0.01080948 0.01032763 0.01016127
 0.00947033 0.00900039 0.00812217 0.00754308 0.00702436 0.00642488
 0.00638921 0.00559601 0.         0.         0.         0.
 0.         0.         0.         0.         0.         0.
 0.         0.         0.         0.         0.         0.
 0.         0.         0.         0.         0.         0.
 0.         0.         0.         0.         0.         0.
 0.         0.         0.         0.         0.         0.
 0.         0.         0.         0.         0.         0.
 0.         0.         0.         0.         0.         0.
 0.         0.         0.         0.         0.         0.
 0.         0.         0.         0.         0.         0.
 0.         0.         0.         0.         0.         0.
 0.         0.         0.         0.         0.         0.
 0.         0.         0.         0.         0.         0.
 0.         0.         0.         0.         0.         0.
 0.         0.         0.         0.         0.         0.
 0.         0.         0.         0.         0.         0.
 0.         0.         0.         0.         0.         0.
 0.         0.         0.         0.         0.         0.
 0.         0.         0.         0.         0.         0.
 0.         0.         0.         0.        ]
vector: [ 89  47  83 147 104 118  66  51  44 109 105 128 137 143  49  27  14  15
  29 159   7  61  18  40  10  88 160  52 123  45  63  38 156  37   9  57
  31 134  33 124  81 144  50  65  34 155  30  95 133  55]
importances: [0.05693195 0.04745405 0.04611267 0.04418249 0.04174393 0.03945617
 0.03558902 0.03223783 0.03143507 0.03091311 0.02946471 0.02892652
 0.02709513 0.02603796 0.02567363 0.02255836 0.0217224  0.02135086
 0.0203796  0.02021796 0.01887269 0.0188181  0.01880387 0.01804029
 0.01789183 0.01776944 0.01708623 0.01625396 0.016119   0.01565293
 0.01469331 0.01448329 0.01436132 0.01405272 0.01280933 0.01208683
 0.01207467 0.01135709 0.00975944 0.00855556 0.00783384 0.00748603
 0.00736184 0.00625507 0.00599064 0.00447808 0.00388593 0.00354854
 0.00215411 0.00198062 0.         0.         0.         0.
 0.         0.         0.         0.         0.         0.
 0.         0.         0.         0.         0.         0.
 0.         0.         0.         0.         0.         0.
 0.         0.         0.         0.         0.         0.
 0.         0.         0.         0.         0.         0.
 0.         0.         0.         0.         0.         0.
 0.         0.         0.         0.         0.         0.
 0.         0.         0.         0.         0.         0.
 0.         0.         0.         0.         0.         0.
 0.         0.         0.         0.         0.         0.
 0.         0.         0.         0.         0.         0.
 0.         0.         0.         0.         0.         0.
 0.         0.         0.         0.         0.         0.
 0.         0.         0.         0.         0.         0.
 0.         0.         0.         0.         0.         0.
 0.         0.         0.         0.         0.         0.
 0.         0.         0.         0.         0.         0.
 0.         0.         0.         0.         0.         0.
 0.         0.         0.         0.        ]
vector: [ 89  49  66 137  27  45 109   7 147  40 143  61  83  63  51   9  10  47
 134  37  15 159  95  33  18  81  29  50 105 124 118 155 160 133 104 144
  38  14  57  44 128 156  31 123  65  88  30  52  34  55]
importances: [0.04976134 0.04114989 0.04016894 0.03933786 0.03805577 0.03649614
 0.03621443 0.03539536 0.03378464 0.0314832  0.03147928 0.03115276
 0.03037699 0.03035263 0.0298987  0.0287234  0.02793555 0.02783936
 0.02512981 0.02499611 0.02086899 0.01894795 0.01878803 0.01806736
 0.01728492 0.017256   0.01638329 0.0138413  0.0138177  0.01270521
 0.01203524 0.01162629 0.01083453 0.0105339  0.01052263 0.01024624
 0.00966502 0.00926628 0.0089715  0.00827909 0.00818869 0.00804567
 0.00793759 0.00653407 0.0064302  0.00559602 0.0052489  0.00515764
 0.00410959 0.00307802 0.         0.         0.         0.
 0.         0.         0.         0.         0.         0.
 0.         0.         0.         0.         0.         0.
 0.         0.         0.         0.         0.         0.
 0.         0.         0.         0.         0.         0.
 0.         0.         0.         0.         0.         0.
 0.         0.         0.         0.         0.         0.
 0.         0.         0.         0.         0.         0.
 0.         0.         0.         0.         0.         0.
 0.         0.         0.         0.         0.         0.
 0.         0.         0.         0.         0.         0.
 0.         0.         0.         0.         0.         0.
 0.         0.         0.         0.         0.         0.
 0.         0.         0.         0.         0.         0.
 0.         0.         0.         0.         0.         0.
 0.         0.         0.         0.         0.         0.
 0.         0.         0.         0.         0.         0.
 0.         0.         0.         0.         0.         0.
 0.         0.         0.         0.         0.         0.
 0.         0.         0.         0.        ]
vector: [ 83 109   9  47 137  66  44  29 147  27 155 134  65  31  38  30 159 156
  45 124  61 123  15   7  51  37]
importances: [2.13688197e-01 1.49078425e-01 9.59057537e-02 6.64526289e-02
 6.44711767e-02 5.91498052e-02 5.65052507e-02 5.38579842e-02
 5.20668181e-02 3.89268862e-02 2.97376147e-02 2.06988011e-02
 1.94790956e-02 1.92187803e-02 1.42061043e-02 1.34503094e-02
 1.15011083e-02 6.91419946e-03 6.12934354e-03 3.78172347e-03
 1.94043700e-03 1.83287910e-03 5.48435104e-04 2.43171765e-04
 1.15619288e-04 9.94520700e-05 0.00000000e+00 0.00000000e+00
 0.00000000e+00 0.00000000e+00 0.00000000e+00 0.00000000e+00
 0.00000000e+00 0.00000000e+00 0.00000000e+00 0.00000000e+00
 0.00000000e+00 0.00000000e+00 0.00000000e+00 0.00000000e+00
 0.00000000e+00 0.00000000e+00 0.00000000e+00 0.00000000e+00
 0.00000000e+00 0.00000000e+00 0.00000000e+00 0.00000000e+00
 0.00000000e+00 0.00000000e+00 0.00000000e+00 0.00000000e+00
 0.00000000e+00 0.00000000e+00 0.00000000e+00 0.00000000e+00
 0.00000000e+00 0.00000000e+00 0.00000000e+00 0.00000000e+00
 0.00000000e+00 0.00000000e+00 0.00000000e+00 0.00000000e+00
 0.00000000e+00 0.00000000e+00 0.00000000e+00 0.00000000e+00
 0.00000000e+00 0.00000000e+00 0.00000000e+00 0.00000000e+00
 0.00000000e+00 0.00000000e+00 0.00000000e+00 0.00000000e+00
 0.00000000e+00 0.00000000e+00 0.00000000e+00 0.00000000e+00
 0.00000000e+00 0.00000000e+00 0.00000000e+00 0.00000000e+00
 0.00000000e+00 0.00000000e+00 0.00000000e+00 0.00000000e+00
 0.00000000e+00 0.00000000e+00 0.00000000e+00 0.00000000e+00
 0.00000000e+00 0.00000000e+00 0.00000000e+00 0.00000000e+00
 0.00000000e+00 0.00000000e+00 0.00000000e+00 0.00000000e+00
 0.00000000e+00 0.00000000e+00 0.00000000e+00 0.00000000e+00
 0.00000000e+00 0.00000000e+00 0.00000000e+00 0.00000000e+00
 0.00000000e+00 0.00000000e+00 0.00000000e+00 0.00000000e+00
 0.00000000e+00 0.00000000e+00 0.00000000e+00 0.00000000e+00
 0.00000000e+00 0.00000000e+00 0.00000000e+00 0.00000000e+00
 0.00000000e+00 0.00000000e+00 0.00000000e+00 0.00000000e+00
 0.00000000e+00 0.00000000e+00 0.00000000e+00 0.00000000e+00
 0.00000000e+00 0.00000000e+00 0.00000000e+00 0.00000000e+00
 0.00000000e+00 0.00000000e+00 0.00000000e+00 0.00000000e+00
 0.00000000e+00 0.00000000e+00 0.00000000e+00 0.00000000e+00
 0.00000000e+00 0.00000000e+00 0.00000000e+00 0.00000000e+00
 0.00000000e+00 0.00000000e+00 0.00000000e+00 0.00000000e+00
 0.00000000e+00 0.00000000e+00 0.00000000e+00 0.00000000e+00
 0.00000000e+00 0.00000000e+00 0.00000000e+00 0.00000000e+00
 0.00000000e+00 0.00000000e+00 0.00000000e+00 0.00000000e+00
 0.00000000e+00 0.00000000e+00 0.00000000e+00 0.00000000e+00
 0.00000000e+00 0.00000000e+00]
vector: [ 83  66  47 137 147 104  63  45  89  49  10  27   7  15  61 143  29   9
 134  44 124  51 159 160  40  52  81 128  88  18  33  38  14 109 118  50
  55  37 105  31 155  30  57  34  95 123 133 144  65 156]
importances: [0.04836416 0.04319442 0.0389298  0.03727557 0.03668651 0.03512636
 0.03099393 0.03067926 0.03031761 0.02994304 0.0294476  0.02931096
 0.02600514 0.02517089 0.02471735 0.02359068 0.02252603 0.02197536
 0.02189746 0.02183015 0.02006961 0.02006236 0.01908546 0.0182134
 0.01817725 0.01726729 0.01720951 0.01690519 0.01680552 0.01619013
 0.01603721 0.01552002 0.01513317 0.01512898 0.01467139 0.01463122
 0.01418099 0.0132893  0.01243776 0.01113759 0.01025798 0.00873157
 0.00856218 0.00750111 0.00691045 0.00665203 0.00619214 0.00616473
 0.00487993 0.00401223 0.         0.         0.         0.
 0.         0.         0.         0.         0.         0.
 0.         0.         0.         0.         0.         0.
 0.         0.         0.         0.         0.         0.
 0.         0.         0.         0.         0.         0.
 0.         0.         0.         0.         0.         0.
 0.         0.         0.         0.         0.         0.
 0.         0.         0.         0.         0.         0.
 0.         0.         0.         0.         0.         0.
 0.         0.         0.         0.         0.         0.
 0.         0.         0.         0.         0.         0.
 0.         0.         0.         0.         0.         0.
 0.         0.         0.         0.         0.         0.
 0.         0.         0.         0.         0.         0.
 0.         0.         0.         0.         0.         0.
 0.         0.         0.         0.         0.         0.
 0.         0.         0.         0.         0.         0.
 0.         0.         0.         0.         0.         0.
 0.         0.         0.         0.         0.         0.
 0.         0.         0.         0.        ]
vector: [137  83  47  44  29  31 147 155   9  49  34 134 104  10 109  63  15 156
  88   7  45  61  38  66 159 143 124  89  40  30  37  57 105  27 118 123
  81  33  50  51 128]
importances: [1.80569916e-01 1.22085914e-01 9.63640899e-02 7.93423514e-02
 7.28231185e-02 5.17480031e-02 4.88904337e-02 3.99950856e-02
 3.93559598e-02 3.54171888e-02 3.16200088e-02 2.79043452e-02
 1.92975569e-02 1.56519407e-02 1.39533714e-02 1.32989807e-02
 1.22511048e-02 1.18094490e-02 1.11895028e-02 1.02357332e-02
 9.21340333e-03 8.99157370e-03 8.00896434e-03 6.92294952e-03
 6.10853231e-03 5.38166114e-03 2.99947259e-03 2.81039004e-03
 2.62894830e-03 2.52008949e-03 2.35784022e-03 2.24903845e-03
 1.50145649e-03 1.30936864e-03 9.43411161e-04 8.67383194e-04
 5.38562217e-04 5.16342507e-04 1.92390081e-04 1.16200052e-04
 1.79678643e-05 0.00000000e+00 0.00000000e+00 0.00000000e+00
 0.00000000e+00 0.00000000e+00 0.00000000e+00 0.00000000e+00
 0.00000000e+00 0.00000000e+00 0.00000000e+00 0.00000000e+00
 0.00000000e+00 0.00000000e+00 0.00000000e+00 0.00000000e+00
 0.00000000e+00 0.00000000e+00 0.00000000e+00 0.00000000e+00
 0.00000000e+00 0.00000000e+00 0.00000000e+00 0.00000000e+00
 0.00000000e+00 0.00000000e+00 0.00000000e+00 0.00000000e+00
 0.00000000e+00 0.00000000e+00 0.00000000e+00 0.00000000e+00
 0.00000000e+00 0.00000000e+00 0.00000000e+00 0.00000000e+00
 0.00000000e+00 0.00000000e+00 0.00000000e+00 0.00000000e+00
 0.00000000e+00 0.00000000e+00 0.00000000e+00 0.00000000e+00
 0.00000000e+00 0.00000000e+00 0.00000000e+00 0.00000000e+00
 0.00000000e+00 0.00000000e+00 0.00000000e+00 0.00000000e+00
 0.00000000e+00 0.00000000e+00 0.00000000e+00 0.00000000e+00
 0.00000000e+00 0.00000000e+00 0.00000000e+00 0.00000000e+00
 0.00000000e+00 0.00000000e+00 0.00000000e+00 0.00000000e+00
 0.00000000e+00 0.00000000e+00 0.00000000e+00 0.00000000e+00
 0.00000000e+00 0.00000000e+00 0.00000000e+00 0.00000000e+00
 0.00000000e+00 0.00000000e+00 0.00000000e+00 0.00000000e+00
 0.00000000e+00 0.00000000e+00 0.00000000e+00 0.00000000e+00
 0.00000000e+00 0.00000000e+00 0.00000000e+00 0.00000000e+00
 0.00000000e+00 0.00000000e+00 0.00000000e+00 0.00000000e+00
 0.00000000e+00 0.00000000e+00 0.00000000e+00 0.00000000e+00
 0.00000000e+00 0.00000000e+00 0.00000000e+00 0.00000000e+00
 0.00000000e+00 0.00000000e+00 0.00000000e+00 0.00000000e+00
 0.00000000e+00 0.00000000e+00 0.00000000e+00 0.00000000e+00
 0.00000000e+00 0.00000000e+00 0.00000000e+00 0.00000000e+00
 0.00000000e+00 0.00000000e+00 0.00000000e+00 0.00000000e+00
 0.00000000e+00 0.00000000e+00 0.00000000e+00 0.00000000e+00
 0.00000000e+00 0.00000000e+00 0.00000000e+00 0.00000000e+00
 0.00000000e+00 0.00000000e+00 0.00000000e+00 0.00000000e+00
 0.00000000e+00 0.00000000e+00]
vector: [137  47  44  83 147  29  31 155  34  61 156  45  15  51 124   7  10 123
  30  57  66  33  38  50 118  27  14  63 143 159 128  52  89  88  37]
importances: [1.38343264e-01 1.25405040e-01 1.23153959e-01 1.15699193e-01
 1.00551998e-01 7.82461613e-02 4.95510859e-02 4.82134569e-02
 3.42577847e-02 2.47101210e-02 2.03863738e-02 1.69182974e-02
 1.51736790e-02 1.21178984e-02 1.11390299e-02 9.35438797e-03
 8.33365043e-03 8.09931989e-03 7.48207998e-03 6.45076393e-03
 6.26305606e-03 5.87127552e-03 5.45225978e-03 4.90779648e-03
 4.63806774e-03 3.95345548e-03 3.76693153e-03 3.15940638e-03
 2.89551348e-03 2.43976634e-03 1.40724157e-03 9.54389345e-04
 4.78677685e-04 2.16094530e-04 8.52344649e-06 0.00000000e+00
 0.00000000e+00 0.00000000e+00 0.00000000e+00 0.00000000e+00
 0.00000000e+00 0.00000000e+00 0.00000000e+00 0.00000000e+00
 0.00000000e+00 0.00000000e+00 0.00000000e+00 0.00000000e+00
 0.00000000e+00 0.00000000e+00 0.00000000e+00 0.00000000e+00
 0.00000000e+00 0.00000000e+00 0.00000000e+00 0.00000000e+00
 0.00000000e+00 0.00000000e+00 0.00000000e+00 0.00000000e+00
 0.00000000e+00 0.00000000e+00 0.00000000e+00 0.00000000e+00
 0.00000000e+00 0.00000000e+00 0.00000000e+00 0.00000000e+00
 0.00000000e+00 0.00000000e+00 0.00000000e+00 0.00000000e+00
 0.00000000e+00 0.00000000e+00 0.00000000e+00 0.00000000e+00
 0.00000000e+00 0.00000000e+00 0.00000000e+00 0.00000000e+00
 0.00000000e+00 0.00000000e+00 0.00000000e+00 0.00000000e+00
 0.00000000e+00 0.00000000e+00 0.00000000e+00 0.00000000e+00
 0.00000000e+00 0.00000000e+00 0.00000000e+00 0.00000000e+00
 0.00000000e+00 0.00000000e+00 0.00000000e+00 0.00000000e+00
 0.00000000e+00 0.00000000e+00 0.00000000e+00 0.00000000e+00
 0.00000000e+00 0.00000000e+00 0.00000000e+00 0.00000000e+00
 0.00000000e+00 0.00000000e+00 0.00000000e+00 0.00000000e+00
 0.00000000e+00 0.00000000e+00 0.00000000e+00 0.00000000e+00
 0.00000000e+00 0.00000000e+00 0.00000000e+00 0.00000000e+00
 0.00000000e+00 0.00000000e+00 0.00000000e+00 0.00000000e+00
 0.00000000e+00 0.00000000e+00 0.00000000e+00 0.00000000e+00
 0.00000000e+00 0.00000000e+00 0.00000000e+00 0.00000000e+00
 0.00000000e+00 0.00000000e+00 0.00000000e+00 0.00000000e+00
 0.00000000e+00 0.00000000e+00 0.00000000e+00 0.00000000e+00
 0.00000000e+00 0.00000000e+00 0.00000000e+00 0.00000000e+00
 0.00000000e+00 0.00000000e+00 0.00000000e+00 0.00000000e+00
 0.00000000e+00 0.00000000e+00 0.00000000e+00 0.00000000e+00
 0.00000000e+00 0.00000000e+00 0.00000000e+00 0.00000000e+00
 0.00000000e+00 0.00000000e+00 0.00000000e+00 0.00000000e+00
 0.00000000e+00 0.00000000e+00 0.00000000e+00 0.00000000e+00
 0.00000000e+00 0.00000000e+00 0.00000000e+00 0.00000000e+00
 0.00000000e+00 0.00000000e+00]
vector: [147  83  44  29  47 137 155   9  31  34  49  10 104 143  63  89  66   7
  45  51 134 156 128 118  37  30  52  81  15  18  38  50 124 159  27  14
 123  61  40  88 109  33 105  57  55]
importances: [1.18265858e-01 1.09156716e-01 1.08487560e-01 9.21745622e-02
 9.03007355e-02 7.72186735e-02 4.01504821e-02 3.67718189e-02
 3.48236079e-02 3.45625125e-02 2.76731400e-02 2.11295728e-02
 1.45916930e-02 1.24250930e-02 1.23668724e-02 1.22737287e-02
 1.20148183e-02 1.08370467e-02 1.07580975e-02 1.06205137e-02
 9.74555766e-03 9.60219123e-03 9.36168324e-03 9.33023923e-03
 9.31861238e-03 9.21972846e-03 9.15233508e-03 8.05426017e-03
 5.39210329e-03 5.37384136e-03 5.28515897e-03 4.90415264e-03
 3.87330648e-03 3.65288334e-03 3.10444388e-03 2.85957271e-03
 1.86080095e-03 1.78259364e-03 6.42271480e-04 4.13248458e-04
 2.21220317e-04 2.18853012e-04 1.86865427e-05 7.01503865e-06
 2.13741640e-06 0.00000000e+00 0.00000000e+00 0.00000000e+00
 0.00000000e+00 0.00000000e+00 0.00000000e+00 0.00000000e+00
 0.00000000e+00 0.00000000e+00 0.00000000e+00 0.00000000e+00
 0.00000000e+00 0.00000000e+00 0.00000000e+00 0.00000000e+00
 0.00000000e+00 0.00000000e+00 0.00000000e+00 0.00000000e+00
 0.00000000e+00 0.00000000e+00 0.00000000e+00 0.00000000e+00
 0.00000000e+00 0.00000000e+00 0.00000000e+00 0.00000000e+00
 0.00000000e+00 0.00000000e+00 0.00000000e+00 0.00000000e+00
 0.00000000e+00 0.00000000e+00 0.00000000e+00 0.00000000e+00
 0.00000000e+00 0.00000000e+00 0.00000000e+00 0.00000000e+00
 0.00000000e+00 0.00000000e+00 0.00000000e+00 0.00000000e+00
 0.00000000e+00 0.00000000e+00 0.00000000e+00 0.00000000e+00
 0.00000000e+00 0.00000000e+00 0.00000000e+00 0.00000000e+00
 0.00000000e+00 0.00000000e+00 0.00000000e+00 0.00000000e+00
 0.00000000e+00 0.00000000e+00 0.00000000e+00 0.00000000e+00
 0.00000000e+00 0.00000000e+00 0.00000000e+00 0.00000000e+00
 0.00000000e+00 0.00000000e+00 0.00000000e+00 0.00000000e+00
 0.00000000e+00 0.00000000e+00 0.00000000e+00 0.00000000e+00
 0.00000000e+00 0.00000000e+00 0.00000000e+00 0.00000000e+00
 0.00000000e+00 0.00000000e+00 0.00000000e+00 0.00000000e+00
 0.00000000e+00 0.00000000e+00 0.00000000e+00 0.00000000e+00
 0.00000000e+00 0.00000000e+00 0.00000000e+00 0.00000000e+00
 0.00000000e+00 0.00000000e+00 0.00000000e+00 0.00000000e+00
 0.00000000e+00 0.00000000e+00 0.00000000e+00 0.00000000e+00
 0.00000000e+00 0.00000000e+00 0.00000000e+00 0.00000000e+00
 0.00000000e+00 0.00000000e+00 0.00000000e+00 0.00000000e+00
 0.00000000e+00 0.00000000e+00 0.00000000e+00 0.00000000e+00
 0.00000000e+00 0.00000000e+00 0.00000000e+00 0.00000000e+00
 0.00000000e+00 0.00000000e+00 0.00000000e+00 0.00000000e+00
 0.00000000e+00 0.00000000e+00 0.00000000e+00 0.00000000e+00
 0.00000000e+00 0.00000000e+00]
vector: [ 47  66  89  44  81  83 109  49   9 147 137   7 104 124  51  63  27  45
  61  15  29  52  40 143  10 160 118 105  18  33 134  88  37  57  38 128
  50  14 159  55  34 155  30  95 123 144  31 133  65 156]
importances: [0.04363063 0.04007666 0.03820238 0.03524495 0.03514768 0.03505186
 0.03432028 0.03301235 0.03121774 0.03029868 0.0276784  0.02614067
 0.02535802 0.02478365 0.02477991 0.02476276 0.02457764 0.02399778
 0.02356673 0.02229669 0.02195332 0.02092472 0.02091425 0.02054226
 0.01987957 0.01914996 0.01826268 0.01697876 0.01646778 0.01597857
 0.01590935 0.01551294 0.0144339  0.01398737 0.01398282 0.01364001
 0.01267272 0.01216539 0.01195781 0.01079528 0.00980395 0.00848844
 0.00818684 0.00755698 0.00750411 0.00657872 0.00646359 0.00617647
 0.00578663 0.00319937 0.         0.         0.         0.
 0.         0.         0.         0.         0.         0.
 0.         0.         0.         0.         0.         0.
 0.         0.         0.         0.         0.         0.
 0.         0.         0.         0.         0.         0.
 0.         0.         0.         0.         0.         0.
 0.         0.         0.         0.         0.         0.
 0.         0.         0.         0.         0.         0.
 0.         0.         0.         0.         0.         0.
 0.         0.         0.         0.         0.         0.
 0.         0.         0.         0.         0.         0.
 0.         0.         0.         0.         0.         0.
 0.         0.         0.         0.         0.         0.
 0.         0.         0.         0.         0.         0.
 0.         0.         0.         0.         0.         0.
 0.         0.         0.         0.         0.         0.
 0.         0.         0.         0.         0.         0.
 0.         0.         0.         0.         0.         0.
 0.         0.         0.         0.         0.         0.
 0.         0.         0.         0.        ]
vector: [ 83  44  47 147 137  29  31 155  34 156  61  51  45   7  66 124 159 143
 123  10  30  38  33 134  89  15  50  81  18]
importances: [0.14721214 0.1236989  0.11904368 0.1113139  0.11126731 0.09112196
 0.04894669 0.04740588 0.0334614  0.03206347 0.01971823 0.01835383
 0.01422388 0.01416028 0.01164676 0.00847102 0.00801243 0.00681199
 0.00533332 0.00528154 0.00434771 0.00414109 0.00336667 0.00263423
 0.00251397 0.00249807 0.00202333 0.000669   0.00025732 0.
 0.         0.         0.         0.         0.         0.
 0.         0.         0.         0.         0.         0.
 0.         0.         0.         0.         0.         0.
 0.         0.         0.         0.         0.         0.
 0.         0.         0.         0.         0.         0.
 0.         0.         0.         0.         0.         0.
 0.         0.         0.         0.         0.         0.
 0.         0.         0.         0.         0.         0.
 0.         0.         0.         0.         0.         0.
 0.         0.         0.         0.         0.         0.
 0.         0.         0.         0.         0.         0.
 0.         0.         0.         0.         0.         0.
 0.         0.         0.         0.         0.         0.
 0.         0.         0.         0.         0.         0.
 0.         0.         0.         0.         0.         0.
 0.         0.         0.         0.         0.         0.
 0.         0.         0.         0.         0.         0.
 0.         0.         0.         0.         0.         0.
 0.         0.         0.         0.         0.         0.
 0.         0.         0.         0.         0.         0.
 0.         0.         0.         0.         0.         0.
 0.         0.         0.         0.         0.         0.
 0.         0.         0.         0.        ]
